/*--------------------------------*- C++ -*----------------------------------*\
  =========                 |
  \\      /  F ield         | OpenFOAM: The Open Source CFD Toolbox
   \\    /   O peration     | Website:  https://openfoam.org
    \\  /    A nd           | Version:  9
     \\/     M anipulation  |
\*---------------------------------------------------------------------------*/
FoamFile
{
    format      ascii;
    class       volScalarField;
    location    "10";
    object      p;
}
// * * * * * * * * * * * * * * * * * * * * * * * * * * * * * * * * * * * * * //

dimensions      [0 2 -2 0 0 0 0];

internalField   nonuniform List<scalar> 
8000
(
2.24851e-06
6.96702e-06
5.71808e-05
0.000140612
0.000263712
0.00042933
0.000641959
0.000906822
0.00122963
0.00161605
0.00207066
0.00259568
0.00318901
0.0038412
0.00453207
0.00522637
0.00587431
0.00640336
0.00677217
0.00686479
-4.76361e-06
-2.53832e-07
5.02549e-05
0.000132267
0.000252855
0.000414826
0.000622689
0.000881652
0.00119747
0.00157609
0.00202276
0.00254076
0.00312937
0.00378053
0.0044757
0.00518201
0.00585039
0.00640283
0.00679269
0.00688682
-7.22314e-05
-7.00777e-05
-2.26586e-05
5.41486e-05
0.000167652
0.000320549
0.000517422
0.000763713
0.0010657
0.00143022
0.00186423
0.00237337
0.00296045
0.00362264
0.00434605
0.00509992
0.00583216
0.00645479
0.00690207
0.00701374
-0.000185147
-0.000185154
-0.000142576
-7.38042e-05
2.85998e-05
0.000167192
0.000346606
0.000572533
0.000851866
0.00119273
0.00160429
0.00209618
0.00267646
0.00334883
0.00410688
0.00492489
0.00575517
0.00649445
0.00704155
0.00719691
-0.000346247
-0.000348962
-0.000313166
-0.000255342
-0.000168086
-4.91138e-05
0.00010606
0.000303154
0.000549565
0.000854613
0.00122982
0.00168899
0.00224743
0.0029188
0.00370974
0.00460848
0.00556136
0.00646711
0.00716832
0.0074137
-0.000552349
-0.000558303
-0.000531055
-0.000486989
-0.000418941
-0.000325118
-0.000201525
-4.28958e-05
0.000157942
0.00041079
0.000728747
0.001129
0.00163348
0.00226802
0.00305625
0.00400838
0.00509758
0.00622089
0.00714367
0.00755724
-0.000798759
-0.000808413
-0.000791228
-0.000763455
-0.000718435
-0.000655197
-0.000570772
-0.000461091
-0.000320301
-0.000139894
9.25943e-05
0.000395281
0.00079354
0.00132206
0.00202477
0.00294302
0.0040922
0.00540999
0.0065714
0.00729719
-0.00107983
-0.00109351
-0.00108749
-0.00107797
-0.00105912
-0.00103119
-0.000992942
-0.000942485
-0.000876767
-0.000790787
-0.000676385
-0.000520324
-0.000301297
1.40651e-05
0.000474591
0.00114296
0.00207521
0.00331407
0.00454978
0.00567012
-0.00138914
-0.00140697
-0.00141252
-0.00142229
-0.00143148
-0.00144206
-0.00145521
-0.00147237
-0.00149504
-0.00152454
-0.00156142
-0.00160427
-0.00164824
-0.00168144
-0.00168466
-0.0016237
-0.00145222
-0.000954244
0.000146493
0.0024708
-0.00171981
-0.00174155
-0.00175799
-0.00178659
-0.00182357
-0.00187332
-0.0019398
-0.0020286
-0.0021472
-0.0023056
-0.00251749
-0.00280051
-0.00318014
-0.00368539
-0.00435444
-0.00513764
-0.00587759
-0.00519153
-0.00176172
0.000645174
-0.00206571
-0.00209128
-0.00211697
-0.00216272
-0.00222478
-0.00231101
-0.00242823
-0.00258676
-0.00280092
-0.00309066
-0.00348632
-0.00402611
-0.00477592
-0.005786
-0.00715654
-0.00861438
-0.0098204
-0.00737705
-0.00207977
-0.000560722
-0.00242004
-0.002447
-0.00247662
-0.00253372
-0.00261459
-0.0027311
-0.00289136
-0.00310992
-0.00340729
-0.0038104
-0.00436731
-0.0051281
-0.00621584
-0.00764363
-0.00971329
-0.0117161
-0.0140811
-0.0114567
-0.0079087
-0.00425989
-0.00278538
-0.00281761
-0.00284769
-0.00291619
-0.00300669
-0.00314188
-0.00332897
-0.00358772
-0.0039443
-0.00442744
-0.00510104
-0.00602275
-0.00738076
-0.0091111
-0.0119437
-0.0144489
-0.019814
-0.0183063
-0.0168259
-0.00954021
-0.0031515
-0.00316989
-0.00318193
-0.00322997
-0.00331523
-0.0034578
-0.00366467
-0.0039513
-0.00434644
-0.00487547
-0.0056127
-0.00658884
-0.00808011
-0.00989261
-0.0131791
-0.0158978
-0.0234196
-0.0223946
-0.0211219
-0.0129716
-0.00352497
-0.00358958
-0.00358031
-0.0036657
-0.00372777
-0.00385943
-0.00404093
-0.0043046
-0.00468251
-0.0051946
-0.00591638
-0.00683826
-0.00828661
-0.00993451
-0.013001
-0.0155935
-0.0215186
-0.0208329
-0.0199648
-0.0120819
-0.00406968
-0.00393276
-0.00385747
-0.00378075
-0.00380271
-0.00390864
-0.00410105
-0.00438202
-0.00476912
-0.00526712
-0.00594447
-0.00675882
-0.0080094
-0.00926725
-0.0115855
-0.0130441
-0.0163887
-0.0147824
-0.0155701
-0.00656241
-0.00417607
-0.00456111
-0.00438128
-0.0045588
-0.00447338
-0.0045371
-0.00460728
-0.00477978
-0.00505614
-0.00544192
-0.00600233
-0.00665803
-0.00770226
-0.00860396
-0.0104008
-0.0109281
-0.0128588
-0.0100093
-0.010483
0.00318243
-0.00618627
-0.0047625
-0.00455665
-0.00405108
-0.00394402
-0.00396125
-0.00412871
-0.00437393
-0.00472772
-0.00513021
-0.00568794
-0.00624889
-0.0070996
-0.00769944
-0.00882348
-0.00869551
-0.00948529
-0.00601258
-0.00412288
0.0199821
-0.00453376
-0.00687364
-0.00578918
-0.00606607
-0.00552023
-0.00539101
-0.00522655
-0.00522097
-0.00535123
-0.00557618
-0.00598896
-0.00645412
-0.007288
-0.00795009
-0.00946731
-0.00954792
-0.0108406
-0.00457589
0.00266056
0.0457592
-0.017888
-0.00526041
-0.00446541
-0.00386089
-0.0036134
-0.00359163
-0.00380931
-0.00402825
-0.00442316
-0.00473759
-0.00534804
-0.00578008
-0.00662001
-0.00693201
-0.00752615
-0.00560407
-0.00153336
0.0157667
0.046026
0.120298
7.67913e-06
6.78189e-06
5.66133e-05
0.000139652
0.000262889
0.000428846
0.000642024
0.000907739
0.00123187
0.00162032
0.00207808
0.00260787
0.00320825
0.00387035
0.0045741
0.00528442
0.00594971
0.00649216
0.00686808
0.00694507
7.64778e-06
6.63571e-06
5.76056e-05
0.000139511
0.000260276
0.000422434
0.000630513
0.000889773
0.0012061
0.00158562
0.00203386
0.00255471
0.00314828
0.00380718
0.00451369
0.00523638
0.00592262
0.00649019
0.00688949
0.006969
-5.76673e-05
-6.17041e-05
-1.37067e-05
6.30017e-05
0.00017669
0.000329756
0.000526798
0.000773289
0.00107562
0.00144094
0.00187649
0.00238862
0.00298114
0.00365266
0.0043906
0.00516542
0.0059231
0.00656978
0.00703324
0.00713146
-0.000168945
-0.000175434
-0.000132189
-6.34844e-05
3.91488e-05
0.000177959
0.000357593
0.000583773
0.0008635
0.00120517
0.00161853
0.00211393
0.00270091
0.00338495
0.00416079
0.00501059
0.00587936
0.00666187
0.00724505
0.00740265
-0.000329483
-0.000338874
-0.000302388
-0.000244598
-0.000157029
-3.77012e-05
0.000117894
0.000315513
0.000562672
0.000868974
0.00124655
0.00171028
0.00227737
0.00296455
0.0037827
0.00471913
0.00573797
0.0067289
0.00751187
0.00782137
-0.000535529
-0.000548315
-0.000520388
-0.000476331
-0.000407886
-0.000313551
-0.000189291
-2.97815e-05
0.000172296
0.00042705
0.000748205
0.00115423
0.00166951
0.00232436
0.00314904
0.00415818
0.00534963
0.00663464
0.00775958
0.00839523
-0.000782139
-0.000798765
-0.000780944
-0.000753183
-0.00070772
-0.000643846
-0.000558534
-0.000447637
-0.000305151
-0.000122261
0.000114144
0.000423406
0.000833426
0.0013842
0.00212934
0.00312938
0.00441426
0.00604064
0.007716
0.00900213
-0.00106358
-0.00108438
-0.0010778
-0.00106835
-0.00104908
-0.00102047
-0.000981196
-0.000929274
-0.000861512
-0.00077269
-0.00065426
-0.000492241
-0.000263691
6.80082e-05
0.000557125
0.00127879
0.00236871
0.00399046
0.00597608
0.00797676
-0.00137337
-0.0013985
-0.00140367
-0.00141363
-0.00142252
-0.00143248
-0.00144462
-0.00146025
-0.00148083
-0.00150768
-0.00154159
-0.00158203
-0.00162627
-0.00166935
-0.00171298
-0.00175553
-0.00166389
-0.000777033
0.00125649
0.0040756
-0.00170451
-0.00173364
-0.00174984
-0.00177874
-0.00181567
-0.001865
-0.00193062
-0.00201801
-0.00213461
-0.00229081
-0.00250133
-0.00278808
-0.00318647
-0.00375619
-0.00461328
-0.00584553
-0.00732945
-0.00670523
-0.00369659
-0.000243835
-0.00205109
-0.00208461
-0.00211059
-0.00215702
-0.00221936
-0.00230522
-0.00242167
-0.00257904
-0.00279158
-0.00308049
-0.00347785
-0.00403218
-0.00482674
-0.00598183
-0.00772409
-0.0099934
-0.0126776
-0.011704
-0.00773732
-0.00388536
-0.00240464
-0.00243936
-0.00246928
-0.00252664
-0.00260848
-0.00272517
-0.00288545
-0.00310322
-0.00339888
-0.00380207
-0.00436105
-0.00514281
-0.00629044
-0.00793518
-0.010496
-0.0135956
-0.0180864
-0.0170511
-0.0147886
-0.00913731
-0.00277068
-0.00281378
-0.00284534
-0.00291521
-0.00300733
-0.00314232
-0.00332887
-0.00358625
-0.00393936
-0.00442276
-0.00509961
-0.00603283
-0.00746242
-0.00935789
-0.0128442
-0.0162386
-0.0237475
-0.0225901
-0.0225316
-0.0145023
-0.0031292
-0.00315796
-0.00317128
-0.00321877
-0.00330706
-0.00345035
-0.00365833
-0.00394603
-0.00433814
-0.00486501
-0.00560482
-0.00656265
-0.00815884
-0.00995127
-0.0141316
-0.0168793
-0.0257003
-0.0245282
-0.0247805
-0.0168964
-0.0034955
-0.00358273
-0.00357696
-0.00366564
-0.00373226
-0.00386226
-0.0040426
-0.00430615
-0.00467733
-0.00518035
-0.0059141
-0.00677033
-0.00828448
-0.00993072
-0.0134105
-0.0161195
-0.0225366
-0.0217331
-0.0228647
-0.0145534
-0.0040192
-0.00390816
-0.00383425
-0.00374885
-0.00377805
-0.00388697
-0.00408208
-0.00436431
-0.00474886
-0.00523169
-0.00590835
-0.0066886
-0.00794477
-0.00920008
-0.0117041
-0.0132891
-0.0170553
-0.0152416
-0.0177084
-0.00771062
-0.00395334
-0.00443807
-0.00433812
-0.00454284
-0.0044711
-0.00453103
-0.00459832
-0.00476629
-0.00503288
-0.00540009
-0.00594527
-0.00656956
-0.00759131
-0.0084731
-0.0103441
-0.0110554
-0.0131793
-0.0105143
-0.0119559
0.00279584
-0.00607171
-0.00478365
-0.0045315
-0.00390172
-0.00381465
-0.00385397
-0.00403484
-0.00429942
-0.00465566
-0.0050526
-0.00558993
-0.00613936
-0.00693466
-0.00756198
-0.00862276
-0.00873869
-0.00924409
-0.00661915
-0.00506898
0.020119
-0.00304518
-0.00617651
-0.00538208
-0.00583331
-0.00533909
-0.00529165
-0.00515127
-0.00518557
-0.00529523
-0.00552303
-0.00589357
-0.00633948
-0.00707754
-0.00780743
-0.00923297
-0.00989348
-0.0115488
-0.00633669
0.0015145
0.0476371
-0.0172765
-0.00454438
-0.00364062
-0.00332524
-0.0032353
-0.00327881
-0.00353022
-0.00380026
-0.00418551
-0.00454361
-0.00508456
-0.00558073
-0.00626505
-0.00677471
-0.00722203
-0.00568872
-0.00170603
0.0159312
0.0518083
0.135303
1.64921e-05
1.35366e-05
6.34194e-05
0.000146567
0.000270361
0.000437246
0.000651847
0.000919666
0.00124685
0.00163973
0.00210383
0.00264255
0.00325521
0.00393363
0.00465823
0.00539298
0.00608369
0.00664671
0.00703522
0.00710435
1.98247e-05
1.66229e-05
6.79472e-05
0.000149979
0.000271209
0.000434106
0.000643331
0.000904316
0.0012232
0.0016065
0.00206041
0.00258954
0.00319486
0.00386987
0.00459798
0.00534694
0.0060618
0.0066537
0.00706873
0.00714012
-4.37868e-05
-5.03155e-05
-1.90374e-06
7.48945e-05
0.000188989
0.000342711
0.000540798
0.000788913
0.00109373
0.00146281
0.00190414
0.00242505
0.00303064
0.00372097
0.00448502
0.00529331
0.00608919
0.0067708
0.00725798
0.00734737
-0.000153565
-0.000162699
-0.000118999
-5.02325e-05
5.27693e-05
0.000192183
0.00037281
0.000600575
0.000882798
0.00122838
0.00164784
0.00215285
0.00275477
0.00346133
0.00427073
0.00516482
0.00608826
0.00692676
0.00755194
0.00769917
-0.000313176
-0.000325332
-0.000288384
-0.000230554
-0.000142632
-2.27098e-05
0.000133884
0.000333124
0.000582875
0.00089332
0.00127753
0.00175191
0.00233609
0.00304998
0.00390601
0.00490612
0.00600691
0.00709204
0.00795551
0.00825698
-0.000518559
-0.000534243
-0.000505866
-0.000461806
-0.000393042
-0.000298142
-0.000172909
-1.1806e-05
0.000192845
0.000451752
0.000779647
0.00119676
0.00173055
0.00241659
0.00329436
0.00438369
0.00568805
0.00713244
0.0084223
0.00903435
-0.000764603
-0.000784288
-0.000766053
-0.000738362
-0.000692667
-0.000628333
-0.000542185
-0.000429898
-0.000285173
-9.86885e-05
0.000143573
0.00046256
0.000889157
0.00146895
0.00226432
0.00335136
0.00479542
0.00669136
0.00866003
0.00977121
-0.00104546
-0.00106952
-0.0010626
-0.00105335
-0.00103401
-0.00100516
-0.000965341
-0.000912483
-0.000843234
-0.000752145
-0.00063028
-0.000462922
-0.000225545
0.000121357
0.000635798
0.00139796
0.00260854
0.00456399
0.0069449
0.00885864
-0.00135455
-0.0013832
-0.00138816
-0.00139851
-0.00140758
-0.00141763
-0.0014297
-0.00144514
-0.00146548
-0.00149232
-0.00152705
-0.00157046
-0.00162215
-0.00168366
-0.00177365
-0.00189961
-0.00178512
-0.000353967
0.00237479
0.00536129
-0.0016846
-0.00171754
-0.00173364
-0.00176316
-0.00180063
-0.00185048
-0.00191663
-0.00200469
-0.00212248
-0.00228125
-0.00249787
-0.00279851
-0.00322747
-0.00386673
-0.00487643
-0.00634479
-0.00797418
-0.00693229
-0.00348963
0.000254943
-0.00202968
-0.00206755
-0.00209374
-0.00214114
-0.00220447
-0.00229131
-0.00240879
-0.00256762
-0.00278276
-0.00307685
-0.00348515
-0.00406369
-0.00491039
-0.0061811
-0.0081765
-0.010874
-0.0140658
-0.013385
-0.0103765
-0.0055729
-0.00238005
-0.00241926
-0.00244955
-0.00250803
-0.00259137
-0.00270959
-0.00287163
-0.00309142
-0.00339012
-0.00379928
-0.00436977
-0.00517906
-0.00638496
-0.00816976
-0.0110228
-0.014598
-0.019737
-0.0195788
-0.0179837
-0.0114369
-0.00274206
-0.00279039
-0.00282272
-0.00289423
-0.00298848
-0.00312533
-0.00331385
-0.00357327
-0.00392855
-0.00441671
-0.00510001
-0.00605465
-0.00751869
-0.00951896
-0.0131955
-0.0168346
-0.0243131
-0.0239682
-0.0230193
-0.0158923
-0.00309123
-0.00312664
-0.00314122
-0.00319017
-0.00328113
-0.00342641
-0.00363658
-0.0039262
-0.00431867
-0.00484755
-0.00558352
-0.00655803
-0.008136
-0.00998905
-0.0140199
-0.0170189
-0.0248076
-0.0239528
-0.0238782
-0.017041
-0.00344162
-0.00353775
-0.00353492
-0.00362603
-0.00369755
-0.00383021
-0.00401292
-0.00427773
-0.0046467
-0.00514905
-0.00586158
-0.00672577
-0.00823195
-0.00983949
-0.0132105
-0.0157499
-0.0211172
-0.0202182
-0.0209324
-0.0138888
-0.00395624
-0.00385615
-0.00378248
-0.00369534
-0.00372812
-0.0038391
-0.00403623
-0.00431969
-0.0047007
-0.0051835
-0.00586011
-0.00659725
-0.00783106
-0.00906952
-0.0114168
-0.0128871
-0.0158588
-0.014016
-0.0156079
-0.00722801
-0.00378216
-0.00430392
-0.00423586
-0.0044503
-0.00439178
-0.00445563
-0.00452773
-0.00469797
-0.00496121
-0.00532517
-0.00586341
-0.00647084
-0.00744661
-0.00834738
-0.0100953
-0.0109052
-0.0125712
-0.0100611
-0.0103538
0.00292012
-0.00601417
-0.00475615
-0.00444531
-0.00378366
-0.00369128
-0.0037335
-0.0039175
-0.0041918
-0.0045446
-0.00494853
-0.005471
-0.00601781
-0.00675278
-0.00740163
-0.00832668
-0.00854824
-0.00872571
-0.00654923
-0.00392389
0.0203602
-0.00258142
-0.00578505
-0.00509869
-0.00557676
-0.00510419
-0.00508436
-0.00495955
-0.00501017
-0.00512662
-0.00535385
-0.00571862
-0.00616236
-0.00681934
-0.00762216
-0.00891989
-0.00974942
-0.0114059
-0.00663901
0.00192146
0.0481132
-0.0171605
-0.00430355
-0.0033383
-0.00309773
-0.00301392
-0.00306962
-0.00331702
-0.00361243
-0.00397994
-0.00436331
-0.00485835
-0.00536984
-0.00597588
-0.00650317
-0.00692159
-0.00546344
-0.00144049
0.0161747
0.0531027
0.13744
2.61822e-05
2.21285e-05
7.21794e-05
0.000155642
0.000280262
0.000448479
0.00066508
0.000935812
0.00126718
0.00166599
0.00213843
0.00268865
0.00331674
0.00401525
0.00476479
0.0055283
0.00624873
0.00683615
0.00724035
0.00730382
3.13847e-05
2.70543e-05
7.87003e-05
0.000161075
0.000283088
0.000447206
0.000658261
0.000921923
0.00124468
0.00163354
0.00209539
0.0026357
0.00325624
0.00395149
0.00470594
0.00548599
0.00623397
0.00685401
0.00728768
0.00735251
-3.10541e-05
-3.88522e-05
9.90925e-06
8.70258e-05
0.000201867
0.000356755
0.000556606
0.000807332
0.00111599
0.00149068
0.00194019
0.00247291
0.00309534
0.00380892
0.00460417
0.00545099
0.00628985
0.00700993
0.00752363
0.00760263
-0.00013969
-0.000150183
-0.000106117
-3.70592e-05
6.66503e-05
0.000207176
0.000389506
0.000619831
0.000905885
0.0012572
0.00168523
0.00220304
0.0028239
0.00355784
0.00440532
0.00534936
0.00633209
0.00722821
0.007896
0.00802615
-0.00029852
-0.00031213
-0.000274822
-0.00021674
-0.000128151
-7.16533e-06
0.000151076
0.000352823
0.000606388
0.000922646
0.00131576
0.00180381
0.00240897
0.00315475
0.00405778
0.00512151
0.0063049
0.00747818
0.00841267
0.00868801
-0.000503341
-0.000520579
-0.000491872
-0.000447621
-0.000378264
-0.000282397
-0.000155644
7.78743e-06
0.000216007
0.000480424
0.000816892
0.00124746
0.00180254
0.00252195
0.00344991
0.00461478
0.00602906
0.00760485
0.00900806
0.00957952
-0.000748927
-0.000770274
-0.000751765
-0.000723987
-0.000677834
-0.00061272
-0.000525326
-0.000411132
-0.000263515
-7.26091e-05
0.000176531
0.000506398
0.000950458
0.00155835
0.00239712
0.00354165
0.00510808
0.00716533
0.00930361
0.0103709
-0.00102932
-0.00105516
-0.00104806
-0.00103887
-0.00101929
-0.000989959
-0.000949356
-0.000895318
-0.000824393
-0.000730984
-0.00060595
-0.000434287
-0.000191139
0.000162923
0.000683942
0.00145447
0.00266105
0.00478142
0.00750492
0.00946942
-0.00133779
-0.00136838
-0.00137328
-0.0013839
-0.00139303
-0.00140303
-0.00141493
-0.00143023
-0.00145068
-0.00147842
-0.00151594
-0.00156626
-0.00163361
-0.00173106
-0.00190373
-0.00218093
-0.00221664
-0.000596879
0.00238718
0.0055345
-0.00166684
-0.00170186
-0.00171805
-0.00174808
-0.00178595
-0.00183622
-0.00190291
-0.00199192
-0.00211173
-0.00227491
-0.00250106
-0.00282248
-0.00329595
-0.00402931
-0.00523671
-0.00702016
-0.00897966
-0.00800769
-0.00493103
-0.000651916
-0.00201038
-0.00205059
-0.0020771
-0.00212535
-0.00218945
-0.00227717
-0.00239579
-0.00255655
-0.00277536
-0.003077
-0.00350079
-0.00411181
-0.00502543
-0.00643198
-0.00869109
-0.0118012
-0.0156393
-0.0154639
-0.0130937
-0.00764076
-0.00235784
-0.00239954
-0.00243031
-0.00248978
-0.00257424
-0.00269369
-0.00285733
-0.00307941
-0.0033821
-0.00379927
-0.00438558
-0.005228
-0.00650064
-0.00841431
-0.0115335
-0.0154562
-0.0212678
-0.0217702
-0.0206065
-0.0140239
-0.00271572
-0.00276699
-0.0028002
-0.0028732
-0.00296901
-0.00310729
-0.0032973
-0.00355852
-0.00391641
-0.0044099
-0.00510268
-0.00607693
-0.00758338
-0.00963889
-0.0134804
-0.0172672
-0.0246669
-0.0249238
-0.0245743
-0.0177432
-0.00305695
-0.00309616
-0.00311197
-0.00316232
-0.00325489
-0.00340144
-0.00361285
-0.00390348
-0.00429642
-0.00482657
-0.00556243
-0.00653747
-0.00812609
-0.00996237
-0.0139595
-0.0170314
-0.0238747
-0.0236127
-0.0244025
-0.017509
-0.00339466
-0.00349605
-0.00349554
-0.00358929
-0.00366395
-0.00379834
-0.00398207
-0.00424663
-0.00461298
-0.00511182
-0.00581515
-0.00666663
-0.00815594
-0.00970848
-0.0129575
-0.0153452
-0.0201431
-0.0191703
-0.0205427
-0.0134568
-0.00389442
-0.00380196
-0.0037318
-0.00364556
-0.00368004
-0.00379205
-0.00398954
-0.00427239
-0.0046493
-0.00512671
-0.00578817
-0.00651192
-0.00770963
-0.0088942
-0.0111178
-0.0124383
-0.0150908
-0.0131713
-0.0152266
-0.00660578
-0.00366841
-0.00421104
-0.00415307
-0.00437707
-0.00432656
-0.00439423
-0.00446806
-0.00463734
-0.00489543
-0.00525146
-0.00577745
-0.00636651
-0.00730798
-0.00818328
-0.00986929
-0.0106825
-0.0122508
-0.00982408
-0.010454
0.00335849
-0.00589836
-0.00467659
-0.00436444
-0.00368221
-0.00359495
-0.00363912
-0.00382354
-0.00410029
-0.00444898
-0.00484936
-0.00535719
-0.00589301
-0.00658813
-0.00722872
-0.0080781
-0.00833521
-0.00850143
-0.00655691
-0.00422763
0.0209675
-0.00229638
-0.00562912
-0.00494978
-0.00545256
-0.00498383
-0.00497468
-0.00485193
-0.00490452
-0.00501753
-0.00523348
-0.00558813
-0.0060201
-0.0066291
-0.00745401
-0.00870467
-0.00957328
-0.0114427
-0.00666812
0.00132857
0.0493724
-0.016978
-0.00410199
-0.00310198
-0.00288971
-0.00282822
-0.0028992
-0.00315421
-0.00346006
-0.00382637
-0.00421238
-0.00469176
-0.00519316
-0.00577344
-0.00626957
-0.00671175
-0.00517609
-0.00133556
0.0166777
0.0535495
0.140395
3.60091e-05
3.16692e-05
8.20816e-05
0.000166141
0.000291854
0.000461739
0.000680787
0.000955021
0.00129133
0.00169703
0.00217897
0.00274202
0.00338702
0.00410708
0.0048831
0.00567656
0.00642746
0.00703974
0.00745998
0.00751846
4.19985e-05
3.73158e-05
8.93692e-05
0.00017234
0.000295426
0.000461165
0.00067459
0.000941645
0.0012692
0.00166478
0.00213597
0.00268905
0.00332642
0.00404315
0.004826
0.0056383
0.00641976
0.00706761
0.00751947
0.00757729
-1.9741e-05
-2.79582e-05
2.12169e-05
9.8907e-05
0.000214791
0.000371259
0.000573435
0.000827519
0.00114097
0.00152248
0.0019816
0.00252773
0.00316864
0.0039065
0.00473449
0.00562007
0.00650074
0.00725656
0.00779406
0.00785848
-0.000127637
-0.000138593
-9.41159e-05
-2.45202e-05
8.0185e-05
0.000222227
0.000406813
0.000640435
0.00093127
0.00128949
0.00172749
0.00225963
0.00290101
0.00366437
0.0045489
0.00554103
0.00657854
0.00752392
0.00822625
0.00832621
-0.000285891
-0.000300009
-0.000262315
-0.000203748
-0.000114232
8.17832e-06
0.00016856
0.000373471
0.000631692
0.000954804
0.00135801
0.00186097
0.00248808
0.00326586
0.00421408
0.00533576
0.00659076
0.00783358
0.0088188
0.0090332
-0.000490249
-0.000508044
-0.000478996
-0.000434345
-0.000364176
-0.000267046
-0.000138381
2.78926e-05
0.000240328
0.000511012
0.000856831
0.0013014
0.00187746
0.00262797
0.00360161
0.00483128
0.00633284
0.00800488
0.00947646
0.00994619
-0.000735416
-0.000757379
-0.0007386
-0.000710547
-0.000663767
-0.000597658
-0.000508752
-0.000392328
-0.000241453
-4.57783e-05
0.000210405
0.000550758
0.00101057
0.00164215
0.00251475
0.00370936
0.00534967
0.00750695
0.00971851
0.0106779
-0.00101534
-0.00104187
-0.00103459
-0.0010253
-0.00100535
-0.000975417
-0.000933898
-0.000878577
-0.000805941
-0.000710353
-0.000582702
-0.000408227
-0.000162894
0.000190169
0.000700071
0.00144099
0.00260297
0.00477513
0.00762554
0.00964102
-0.00132316
-0.00135451
-0.00135937
-0.00137012
-0.00137921
-0.00138908
-0.00140083
-0.00141608
-0.00143694
-0.00146618
-0.00150766
-0.00156717
-0.0016547
-0.00179701
-0.00206821
-0.00252745
-0.00281456
-0.00112552
0.00208473
0.00549642
-0.00165118
-0.00168702
-0.00170332
-0.00173371
-0.00177187
-0.00182253
-0.00188985
-0.00198008
-0.00210243
-0.00227094
-0.00250811
-0.00285237
-0.00337321
-0.00420361
-0.0056117
-0.00772877
-0.0101545
-0.00913632
-0.00603088
-0.00121191
-0.00199312
-0.00203424
-0.00206105
-0.00210992
-0.00217466
-0.00226322
-0.00238312
-0.00254612
-0.00276921
-0.00307918
-0.00351923
-0.00416246
-0.0051414
-0.00667543
-0.00920055
-0.012719
-0.0171831
-0.0169882
-0.0146733
-0.00876073
-0.00233785
-0.00238055
-0.00241177
-0.00247202
-0.00255732
-0.00267786
-0.00284305
-0.00306763
-0.00337477
-0.00380032
-0.00440247
-0.00527521
-0.00661231
-0.00863991
-0.0120077
-0.0161901
-0.0223833
-0.0228131
-0.0215265
-0.0151327
-0.00269174
-0.0027441
-0.00277793
-0.002852
-0.0029489
-0.00308835
-0.00327973
-0.0035428
-0.0039036
-0.00440232
-0.00510433
-0.0060943
-0.00764194
-0.00973093
-0.0136977
-0.0175548
-0.0247252
-0.0247222
-0.024471
-0.0181622
-0.0030267
-0.00306746
-0.00308415
-0.00313568
-0.00322913
-0.0033765
-0.00358864
-0.0038799
-0.00427326
-0.00480391
-0.00554019
-0.00650942
-0.00810765
-0.00990773
-0.0137882
-0.0169223
-0.0228622
-0.0224956
-0.0234171
-0.0170787
-0.00335541
-0.00345837
-0.0034587
-0.00355421
-0.00363041
-0.00376589
-0.00394997
-0.00421381
-0.00457785
-0.00507249
-0.00576785
-0.00660221
-0.00807093
-0.00956701
-0.0126542
-0.014895
-0.0190487
-0.0177249
-0.0191065
-0.0126716
-0.00384318
-0.00375422
-0.00368592
-0.00360191
-0.00363666
-0.00374891
-0.00394576
-0.00422696
-0.00459998
-0.00507105
-0.00572139
-0.00642337
-0.00758566
-0.0087102
-0.0107949
-0.0119659
-0.0141846
-0.0120701
-0.0140736
-0.00594964
-0.00360129
-0.00414794
-0.00408718
-0.00431713
-0.00426933
-0.00433941
-0.00441354
-0.00458105
-0.00483463
-0.00518271
-0.00569711
-0.00626708
-0.00717715
-0.00801774
-0.00961869
-0.0103951
-0.0117472
-0.0093019
-0.00983075
0.00372571
-0.00580928
-0.00460468
-0.00428874
-0.00361675
-0.00352523
-0.00356934
-0.00375204
-0.00402711
-0.00437137
-0.00476585
-0.00526117
-0.00578314
-0.00644596
-0.00706329
-0.00783668
-0.0080829
-0.00813758
-0.00630682
-0.00396328
0.0213089
-0.00219145
-0.00555206
-0.00486538
-0.00537568
-0.00490681
-0.0048997
-0.00477503
-0.00482515
-0.00493471
-0.00513963
-0.00548573
-0.00590448
-0.00648472
-0.0073056
-0.00849318
-0.00935698
-0.0111752
-0.00646466
0.00143271
0.04994
-0.0168973
-0.00401222
-0.00299045
-0.00278083
-0.00272641
-0.00280195
-0.00305691
-0.00336392
-0.00372624
-0.00410991
-0.00457774
-0.00507093
-0.00562709
-0.00610316
-0.006507
-0.00492049
-0.00102337
0.017123
0.0540397
0.141566
4.51865e-05
4.08355e-05
9.16789e-05
0.000176467
0.000303399
0.000475102
0.000696777
0.000974723
0.0013162
0.00172902
0.00222065
0.00279661
0.00345839
0.00419965
0.00500116
0.00582321
0.00660289
0.00723842
0.00767354
0.00772695
5.15176e-05
4.67938e-05
9.92953e-05
0.000182996
0.000307293
0.000474826
0.000690837
0.000961543
0.00129418
0.00169679
0.00217757
0.00274354
0.00339776
0.00413616
0.00494573
0.00578856
0.00660134
0.00727476
0.00774315
0.00779318
-9.81164e-06
-1.80855e-05
3.15364e-05
0.00010994
0.00022701
0.00038524
0.000589966
0.000847674
0.00116622
0.00155483
0.00202377
0.00258335
0.00324253
0.00400487
0.00486291
0.00578461
0.00670366
0.00749125
0.00804957
0.00809668
-0.000117239
-0.000128269
-8.3359e-05
-1.30847e-05
9.2759e-05
0.000236499
0.00042356
0.000660732
0.000956615
0.00132199
0.00177006
0.00231631
0.00297708
0.003766
0.00468719
0.00572398
0.00681081
0.00779833
0.00852988
0.00859212
-0.000275087
-0.000289305
-0.000251207
-0.00019202
-0.000101447
2.25502e-05
0.00018526
0.000393543
0.000656621
0.000986721
0.00139999
0.00191744
0.00256541
0.00337277
0.00435941
0.00553516
0.00685363
0.00815456
0.00918168
0.00931518
-0.000479091
-0.000497015
-0.000467617
-0.000422437
-0.000351344
-0.000252818
-0.000122097
4.71577e-05
0.000263909
0.000540848
0.000895759
0.00135358
0.00194882
0.00272624
0.00373187
0.00502695
0.00660431
0.00835741
0.00988669
0.0102105
-0.000723913
-0.000746042
-0.000726993
-0.000698544
-0.00065104
-0.000583836
-0.000493325
-0.000374609
-0.00022049
-2.02241e-05
0.000242491
0.000592203
0.00106569
0.00171818
0.00262669
0.00385252
0.00555215
0.00780075
0.0100658
0.0108807
-0.00100342
-0.00103016
-0.00102272
-0.00101321
-0.000992808
-0.00096219
-0.00091971
-0.000863117
-0.000788889
-0.000691444
-0.000561873
-0.000385955
-0.000140923
0.000207082
0.000700319
0.00140279
0.0025236
0.00476381
0.00772672
0.00970748
-0.00131065
-0.00134226
-0.00134709
-0.00135782
-0.00136678
-0.00137647
-0.00138805
-0.00140333
-0.00142477
-0.00145592
-0.00150213
-0.00157224
-0.00168256
-0.00187418
-0.00224917
-0.00289189
-0.00341595
-0.00165208
0.00168639
0.00530188
-0.00163774
-0.00167388
-0.00169028
-0.00172086
-0.00175922
-0.0018102
-0.00187813
-0.00196967
-0.00209479
-0.0022691
-0.00251819
-0.00288687
-0.0034578
-0.0043892
-0.00600277
-0.00845073
-0.0113617
-0.0102298
-0.00705168
-0.00185406
-0.00197823
-0.0020197
-0.00204675
-0.00209605
-0.00216128
-0.00225058
-0.00237172
-0.00253704
-0.00276462
-0.00308339
-0.00354072
-0.00421769
-0.00526466
-0.00693022
-0.00971696
-0.0136299
-0.0187278
-0.0183465
-0.0160151
-0.00984722
-0.00232066
-0.00236375
-0.00239532
-0.00245614
-0.00254208
-0.00266354
-0.00283019
-0.0030573
-0.00336912
-0.00380361
-0.00442297
-0.00532734
-0.00673011
-0.00886784
-0.0124905
-0.0169211
-0.0234834
-0.0236973
-0.0223322
-0.0161234
-0.00267127
-0.00272404
-0.00275831
-0.00283312
-0.00293075
-0.00307113
-0.00326374
-0.0035287
-0.00389276
-0.00439741
-0.00511111
-0.00611724
-0.00771107
-0.00983764
-0.0139649
-0.0178787
-0.0250637
-0.0245982
-0.0245976
-0.0184407
-0.00300142
-0.00304271
-0.00305998
-0.00311233
-0.00320635
-0.00335429
-0.00356699
-0.00385891
-0.00425323
-0.00478534
-0.00552565
-0.00648925
-0.00810881
-0.00987136
-0.0137823
-0.0168538
-0.0223265
-0.0216771
-0.0228426
-0.0166532
-0.00332446
-0.00342776
-0.00342833
-0.0035249
-0.00360175
-0.0037378
-0.00392187
-0.004185
-0.00454745
-0.00503903
-0.0057317
-0.00654732
-0.00801254
-0.00946106
-0.0124603
-0.014566
-0.0183665
-0.0166947
-0.0181419
-0.0119267
-0.00380206
-0.00371495
-0.0036477
-0.0035656
-0.00360045
-0.00371273
-0.00390875
-0.0041882
-0.00455805
-0.00502292
-0.00566885
-0.00634697
-0.00748948
-0.00855962
-0.0105566
-0.0116023
-0.0135746
-0.0112617
-0.0133526
-0.00526564
-0.00355858
-0.00410548
-0.00403989
-0.00427315
-0.00422571
-0.00429686
-0.00437024
-0.00453542
-0.00478505
-0.00512537
-0.00563169
-0.0061834
-0.00707585
-0.0078758
-0.00942638
-0.0101385
-0.0113921
-0.00885102
-0.00950561
0.0041954
-0.00573959
-0.00454414
-0.00422881
-0.00356592
-0.00347341
-0.00351765
-0.00369901
-0.00397119
-0.0043117
-0.00469866
-0.00518557
-0.0056923
-0.0063377
-0.0069244
-0.0076569
-0.00785473
-0.00787428
-0.00603045
-0.00384217
0.0217476
-0.0021479
-0.00551859
-0.00481661
-0.00533221
-0.00486015
-0.0048521
-0.00472499
-0.00477019
-0.00487757
-0.0050696
-0.00541021
-0.00581548
-0.00638163
-0.00718262
-0.00833647
-0.00915825
-0.0109834
-0.00615925
0.0015033
0.0505557
-0.0168351
-0.00395248
-0.00292201
-0.00270868
-0.00265953
-0.00273611
-0.00299318
-0.00329668
-0.00365898
-0.00403486
-0.00449901
-0.00497876
-0.00552472
-0.00597071
-0.00635011
-0.00468636
-0.000772224
0.0175631
0.0544323
0.142526
5.3203e-05
4.8954e-05
0.000100243
0.000185786
0.000313921
0.000487391
0.000711589
0.000993066
0.00133941
0.00175887
0.00225944
0.0028472
0.00352416
0.00428439
0.00510857
0.00595577
0.00676051
0.00741607
0.00786389
0.00791242
5.96804e-05
5.50296e-05
0.000107981
0.000192435
0.000317931
0.000487219
0.000705728
0.000979925
0.00131738
0.00172655
0.00221621
0.00279399
0.00346345
0.00422125
0.00505447
0.00592403
0.00676394
0.00745913
0.00794144
0.00798366
-1.40551e-06
-9.61413e-06
4.04515e-05
0.000119593
0.000237841
0.000397796
0.000604988
0.000866159
0.00118952
0.00158475
0.00206273
0.00263452
0.00330995
0.0040934
0.00497837
0.00593154
0.00688345
0.00769751
0.00827296
0.00830252
-0.000108547
-0.000119521
-7.41842e-05
-3.20521e-06
0.000103769
0.000249171
0.000438622
0.000679176
0.000979806
0.00135181
0.00180907
0.00236795
0.00304538
0.00385262
0.0048099
0.00588551
0.00701427
0.00803636
0.0087915
0.00881481
-0.000266125
-0.000280301
-0.00024181
-0.000181975
-9.03543e-05
3.51893e-05
0.000200135
0.000411606
0.000679207
0.00101571
0.00143807
0.00196847
0.00263531
0.00347281
0.00448892
0.00570972
0.00708219
0.00843123
0.00949247
0.00954132
-0.000469874
-0.000487778
-0.000458039
-0.000412301
-0.000340293
-0.000240415
-0.000107738
6.43047e-05
0.000285021
0.000567607
0.000930591
0.00140003
0.00201209
0.00281396
0.00385413
0.00519863
0.00684199
0.00866651
0.0102438
0.0104092
-0.000714431
-0.000736567
-0.000717253
-0.000688373
-0.00064015
-0.000571887
-0.000479866
-0.000359039
-0.000201999
2.30498e-06
0.000270635
0.000628235
0.00111306
0.00178225
0.00271436
0.00397708
0.00573778
0.00808301
0.0103906
0.0110128
-0.000993608
-0.00102038
-0.00101277
-0.00100299
-0.000982132
-0.00095085
-0.000907474
-0.000849744
-0.000774156
-0.000675218
-0.000544252
-0.000367549
-0.000123397
0.00021968
0.000699004
0.00137567
0.00248417
0.0048478
0.00786091
0.00975974
-0.00130034
-0.00133203
-0.0013368
-0.00134745
-0.00135625
-0.00136573
-0.00137716
-0.00139251
-0.0014146
-0.00144769
-0.00149846
-0.00157831
-0.00170873
-0.00194233
-0.00240351
-0.00319323
-0.0038786
-0.00192959
0.0014737
0.00522307
-0.00162665
-0.00166289
-0.00167935
-0.00171005
-0.00174853
-0.00179976
-0.00186825
-0.00196104
-0.00208881
-0.00226854
-0.0025285
-0.00291878
-0.00353293
-0.00455006
-0.00633724
-0.00906307
-0.0123478
-0.0109558
-0.00766372
-0.00216217
-0.00196595
-0.00200755
-0.00203477
-0.00208435
-0.00214996
-0.00223988
-0.00236215
-0.00252963
-0.00276138
-0.0030882
-0.00356093
-0.00426738
-0.00537362
-0.00715346
-0.0101748
-0.0144174
-0.0200013
-0.0193419
-0.016727
-0.0103825
-0.00230657
-0.00234977
-0.0023816
-0.00244282
-0.00252925
-0.00265148
-0.00281942
-0.00304888
-0.00336507
-0.00380775
-0.00444266
-0.00537505
-0.00683745
-0.00907243
-0.0129321
-0.0175925
-0.0244727
-0.0243524
-0.0226243
-0.0165886
-0.00265469
-0.00270758
-0.00274212
-0.00281741
-0.00291554
-0.00305665
-0.0032503
-0.00351704
-0.00388426
-0.00439463
-0.0051198
-0.00614156
-0.00778029
-0.00994425
-0.0142521
-0.0182275
-0.0255098
-0.0244999
-0.0243994
-0.0184917
-0.00298129
-0.00302263
-0.00304027
-0.00309315
-0.00318752
-0.00333587
-0.00354901
-0.00384159
-0.00423708
-0.00477108
-0.00551719
-0.00647692
-0.00811999
-0.00982232
-0.0138789
-0.0168865
-0.0220861
-0.0210823
-0.0221974
-0.0163014
-0.00330095
-0.00340407
-0.0034046
-0.00350173
-0.00357874
-0.00371501
-0.00389886
-0.00416134
-0.00452266
-0.00501191
-0.00570563
-0.00650593
-0.00797308
-0.00938666
-0.0123488
-0.014366
-0.0179774
-0.0159398
-0.0173416
-0.0113891
-0.00377077
-0.00368453
-0.00361785
-0.00353698
-0.00357187
-0.00368406
-0.00387925
-0.00415707
-0.00452432
-0.00498348
-0.00563003
-0.00628527
-0.00741551
-0.00844326
-0.0103824
-0.0113374
-0.0131341
-0.0106266
-0.0127445
-0.00475113
-0.00353062
-0.00407622
-0.0040066
-0.00424144
-0.00419351
-0.00426489
-0.00433711
-0.00449997
-0.00474624
-0.00507967
-0.0055803
-0.00611664
-0.00699607
-0.0077604
-0.00927378
-0.00992128
-0.011104
-0.00842444
-0.00914855
0.00459046
-0.00569054
-0.00449938
-0.0041852
-0.00352803
-0.00343589
-0.00348014
-0.00366036
-0.00392975
-0.00426712
-0.00464726
-0.00512804
-0.00562101
-0.00625162
-0.00681046
-0.00750871
-0.00764896
-0.00761934
-0.00571945
-0.00360904
0.0221166
-0.00212856
-0.00549865
-0.00478579
-0.00530373
-0.00482888
-0.00481939
-0.00469032
-0.00473126
-0.00483664
-0.00501908
-0.00535531
-0.00574885
-0.0063057
-0.00708428
-0.00821123
-0.00898104
-0.0107641
-0.00586224
0.00173202
0.0510345
-0.0167937
-0.00391644
-0.00288272
-0.00266511
-0.00261862
-0.00269513
-0.00295299
-0.00325296
-0.00361391
-0.00398352
-0.00444357
-0.00491404
-0.00544915
-0.00587389
-0.00622329
-0.00450216
-0.000528011
0.0179331
0.054817
0.143185
5.96182e-05
5.54899e-05
0.000107174
0.000193385
0.000322564
0.000497553
0.000723904
0.00100837
0.00135882
0.00178383
0.00229181
0.0028893
0.00357871
0.00435436
0.00519678
0.00606408
0.00688874
0.00756003
0.00801774
0.00806212
6.616e-05
6.16074e-05
0.000114953
0.000200075
0.000326612
0.00049741
0.000718054
0.000995214
0.00133672
0.0017514
0.00224842
0.00283594
0.00351795
0.00429163
0.00514371
0.00603454
0.00689587
0.00760803
0.00810107
0.00813662
5.21707e-06
-2.89843e-06
4.75557e-05
0.000127351
0.000246622
0.000408062
0.000617361
0.000881468
0.00120887
0.00160963
0.0020951
0.00267695
0.00336578
0.00416669
0.00507276
0.00605066
0.00702827
0.00786261
0.00845099
0.0084657
-0.000101752
-0.000112641
-6.6932e-05
4.67235e-06
0.000112628
0.00025946
0.000450948
0.000694361
0.000998965
0.00137647
0.00184132
0.00241062
0.0031025
0.00393119
0.00491046
0.00601558
0.00717679
0.00822493
0.00899741
0.00898804
-0.000259158
-0.000273259
-0.000234426
-0.000174015
-8.14862e-05
4.53839e-05
0.000212226
0.000426376
0.000697736
0.00103951
0.00146923
0.00200996
0.00269099
0.00354595
0.00459197
0.00584888
0.00726347
0.00864874
0.0097343
0.00971353
-0.000462736
-0.00048058
-0.000450545
-0.000404308
-0.000331509
-0.000230474
-9.61478e-05
7.82183e-05
0.000302199
0.000589374
0.00095884
0.00143748
0.00206272
0.0028835
0.00395191
0.00533518
0.00703064
0.00891051
0.0105207
0.0105585
-0.000707105
-0.0007292
-0.000709654
-0.000680384
-0.000631538
-0.000562374
-0.000469087
-0.000346521
-0.000187112
2.04151e-05
0.000293155
0.00065686
0.00115034
0.00183218
0.00278277
0.00407622
0.00588953
0.00832068
0.010657
0.0111092
-0.000986032
-0.00101279
-0.00100503
-0.000994998
-0.000973728
-0.00094188
-0.000897762
-0.000839115
-0.00076247
-0.00066243
-0.000530526
-0.000353469
-0.000110344
0.000228691
0.000698038
0.0013598
0.00247693
0.00497046
0.00798518
0.00980726
-0.0012924
-0.00132408
-0.0013288
-0.00133935
-0.00134799
-0.0013573
-0.0013686
-0.00138404
-0.00140675
-0.00144155
-0.00149623
-0.00158421
-0.00173094
-0.00199749
-0.0025239
-0.00341813
-0.00420129
-0.00204998
0.00135514
0.00518295
-0.00161811
-0.00165437
-0.00167086
-0.00170161
-0.00174017
-0.0017916
-0.00186057
-0.00195443
-0.00208447
-0.00226882
-0.00253789
-0.00294596
-0.00359505
-0.00467974
-0.0066021
-0.00953343
-0.0130763
-0.0114212
-0.00805218
-0.0023649
-0.00195652
-0.00199815
-0.00202549
-0.00207526
-0.00214114
-0.00223155
-0.00235476
-0.00252408
-0.00275937
-0.00309304
-0.00357887
-0.00431
-0.00546527
-0.00733565
-0.0105419
-0.015037
-0.0209586
-0.020061
-0.0172283
-0.0107637
-0.0022958
-0.00233902
-0.00237103
-0.00243251
-0.0025193
-0.00264214
-0.00281116
-0.00304262
-0.0033626
-0.00381247
-0.00446117
-0.00541751
-0.00693071
-0.00924687
-0.0132924
-0.0181457
-0.0252442
-0.0249055
-0.0229005
-0.0169017
-0.00264218
-0.00269508
-0.00272979
-0.00280538
-0.00290384
-0.0030455
-0.00324002
-0.00350831
-0.00387841
-0.00439423
-0.00513059
-0.00616811
-0.00784913
-0.0100685
-0.0144816
-0.0185451
-0.0256351
-0.0247718
-0.0243623
-0.018515
-0.00296629
-0.00300752
-0.00302538
-0.00307856
-0.00317316
-0.00332181
-0.00353534
-0.00382859
-0.0042254
-0.00476188
-0.00551591
-0.00648103
-0.00814928
-0.00996592
-0.013836
-0.016976
-0.0221364
-0.0208183
-0.0218449
-0.0160539
-0.00328402
-0.00338686
-0.00338729
-0.00348469
-0.00356163
-0.00369796
-0.00388157
-0.0041436
-0.00450427
-0.00499205
-0.00569017
-0.0065081
-0.00793387
-0.00936851
-0.0122785
-0.0142673
-0.0178189
-0.0154964
-0.0168572
-0.0110208
-0.00374839
-0.0036625
-0.00359612
-0.00351589
-0.00355083
-0.0036629
-0.00385741
-0.00413392
-0.00449897
-0.00495172
-0.00558496
-0.00626588
-0.00736649
-0.00836901
-0.0102683
-0.0111679
-0.01287
-0.0102121
-0.0123428
-0.00438438
-0.0035123
-0.00405648
-0.00398416
-0.00421954
-0.00417093
-0.00424218
-0.0043133
-0.00447424
-0.00471785
-0.00504557
-0.00554118
-0.00607262
-0.0069414
-0.00767806
-0.00916854
-0.00976083
-0.0109133
-0.00810129
-0.00888148
0.00490198
-0.00565787
-0.00446828
-0.00415533
-0.00350099
-0.00340969
-0.00345388
-0.0036333
-0.00390049
-0.00423558
-0.00461032
-0.00508695
-0.00557091
-0.00619169
-0.00672718
-0.00740346
-0.00749198
-0.00743271
-0.00546943
-0.00340928
0.0224192
-0.00211935
-0.00548595
-0.00476593
-0.00528496
-0.00480798
-0.00479716
-0.00466669
-0.00470431
-0.00480742
-0.00498525
-0.00531751
-0.00570255
-0.00625395
-0.00701313
-0.00812501
-0.00885046
-0.0106035
-0.00560789
0.0019526
0.0514033
-0.0167663
-0.00389315
-0.00285843
-0.00263736
-0.00259257
-0.00266853
-0.00292711
-0.00322395
-0.00358421
-0.00394865
-0.00440652
-0.00486931
-0.00539731
-0.00580443
-0.00613239
-0.00436399
-0.000339276
0.0182187
0.0551352
0.14364
6.40943e-05
6.00637e-05
0.00011204
0.000198748
0.000328693
0.000504791
0.000732706
0.00101934
0.00137273
0.00180172
0.00231499
0.00291938
0.00361758
0.00440408
0.00525924
0.00614052
0.00697894
0.00766104
0.00812549
0.00816689
7.06643e-05
6.61935e-05
0.000119832
0.000205448
0.000332749
0.00050465
0.000726847
0.00100615
0.00135058
0.00176919
0.00227147
0.00286591
0.00355678
0.00434161
0.00520686
0.00611244
0.00698856
0.00771231
0.00821262
0.00824339
9.80028e-06
1.76304e-06
5.25042e-05
0.000132785
0.000252806
0.000415331
0.000626158
0.000892386
0.0012227
0.00162741
0.00211821
0.00270718
0.00340543
0.00421848
0.00513933
0.00613433
0.00712958
0.00797767
0.00857471
0.00857891
-9.70735e-05
-0.000107889
-6.19058e-05
1.01623e-05
0.000118837
0.000266711
0.000459676
0.000705148
0.0010126
0.00139402
0.00186425
0.00244091
0.00314288
0.00398548
0.00498107
0.0061066
0.00729007
0.0083558
0.00913974
0.00910741
-0.000254378
-0.000268414
-0.000229328
-0.000168491
-7.52973e-05
5.25376e-05
0.00022075
0.000436822
0.000710861
0.00105636
0.00149127
0.00203921
0.0027302
0.00359837
0.00466414
0.00594605
0.00738983
0.0087998
0.00990123
0.00983245
-0.000457853
-0.000475642
-0.000445388
-0.000398781
-0.000325403
-0.00022353
-8.80167e-05
8.80079e-05
0.000314301
0.000604703
0.000978696
0.00146375
0.00209815
0.00293223
0.00402034
0.0054311
0.0071636
0.00908226
0.0107134
0.0106644
-0.000702102
-0.000724156
-0.000704439
-0.000674876
-0.000625574
-0.000555758
-0.000461565
-0.000337767
-0.000176695
3.30748e-05
0.000308865
0.000676793
0.00117631
0.00186713
0.0028314
0.00414811
0.00600168
0.00849735
0.01085
0.0111834
-0.000980867
-0.0010076
-0.000999726
-0.000989499
-0.00096793
-0.000935673
-0.000891027
-0.000831741
-0.000754373
-0.000653594
-0.000521072
-0.000343765
-0.000101172
0.00023578
0.000700344
0.00135693
0.0024915
0.00509275
0.00809187
0.00986399
-0.00128698
-0.00131866
-0.00132332
-0.0013338
-0.00134231
-0.00135149
-0.00136271
-0.00137823
-0.0014014
-0.00143745
-0.00149487
-0.00158842
-0.001746
-0.00203386
-0.00260137
-0.00355873
-0.00438676
-0.00207146
0.00132606
0.00519547
-0.0016123
-0.00164856
-0.00166507
-0.00169584
-0.00173445
-0.00178601
-0.00185532
-0.00194996
-0.00208164
-0.00226926
-0.00254467
-0.00296487
-0.0036373
-0.00476652
-0.00677701
-0.00984001
-0.0135327
-0.0116713
-0.00822675
-0.00243565
-0.00195013
-0.00199176
-0.00201917
-0.00206905
-0.00213511
-0.00222587
-0.00234975
-0.00252038
-0.00275822
-0.00309671
-0.0035916
-0.00433952
-0.00552782
-0.00745934
-0.0107909
-0.015456
-0.0215801
-0.0205003
-0.017465
-0.0109377
-0.00228854
-0.00233174
-0.00236385
-0.00242551
-0.00251253
-0.0026358
-0.00280559
-0.0030385
-0.00336121
-0.00381618
-0.0044745
-0.00544764
-0.00699616
-0.00936877
-0.0135446
-0.0185439
-0.0257982
-0.0252756
-0.0230051
-0.0170598
-0.00263381
-0.00268669
-0.0027215
-0.00279727
-0.00289594
-0.00303797
-0.00323311
-0.00350255
-0.00387478
-0.00439453
-0.00513905
-0.00618823
-0.00789855
-0.010155
-0.0146588
-0.0188119
-0.0259217
-0.0249217
-0.0243077
-0.0185323
-0.00295636
-0.00299746
-0.00301543
-0.00306879
-0.00316352
-0.00331239
-0.0035262
-0.00381999
-0.00421786
-0.00475616
-0.00551562
-0.00648555
-0.0081708
-0.0100148
-0.0138824
-0.0170803
-0.0222147
-0.0207083
-0.0216339
-0.0159204
-0.00327305
-0.00337565
-0.003376
-0.00347352
-0.00355036
-0.00368668
-0.00387012
-0.00413188
-0.00449226
-0.00497897
-0.00567795
-0.00649795
-0.00792383
-0.00936175
-0.0122534
-0.0142234
-0.0176897
-0.0152517
-0.0165758
-0.0108072
-0.00373402
-0.00364823
-0.00358201
-0.00350207
-0.00353703
-0.00364899
-0.00384306
-0.00411872
-0.00448253
-0.00493236
-0.00556301
-0.00624496
-0.00733641
-0.0083253
-0.0102034
-0.01108
-0.0127976
-0.0099734
-0.0120957
-0.00415788
-0.00350106
-0.0040441
-0.00397027
-0.00420573
-0.00415656
-0.0042276
-0.0042979
-0.00445753
-0.00469946
-0.00502379
-0.0055167
-0.00604339
-0.00690632
-0.00762569
-0.0091033
-0.00965824
-0.0107988
-0.00788479
-0.00869701
0.00511298
-0.00563794
-0.00444871
-0.00413684
-0.0034837
-0.00339309
-0.0034372
-0.0036161
-0.00388182
-0.00421542
-0.00458661
-0.00506065
-0.00553834
-0.00615301
-0.00667276
-0.00733504
-0.00738621
-0.00730683
-0.00529179
-0.00325412
0.0226321
-0.00211432
-0.00547774
-0.0047537
-0.00527312
-0.0047948
-0.00478304
-0.00465171
-0.00468723
-0.00478876
-0.00496382
-0.00529366
-0.00567311
-0.00622132
-0.00696686
-0.00806958
-0.00876245
-0.0104898
-0.00542907
0.00213038
0.0516575
-0.0167494
-0.00387901
-0.00284401
-0.00262088
-0.00257701
-0.00265255
-0.00291151
-0.00320641
-0.00356613
-0.00392721
-0.0043836
-0.00484151
-0.00536474
-0.00576013
-0.00607334
-0.00427319
-0.000209347
0.0184131
0.0553636
0.143928
6.6396e-05
6.24187e-05
0.000114551
0.000201521
0.000331871
0.000508553
0.000737289
0.00102505
0.00137999
0.00181104
0.00232706
0.00293503
0.00363778
0.00442986
0.00529157
0.00618
0.00702544
0.00771302
0.00818088
0.00822075
7.29767e-05
6.8551e-05
0.000122344
0.000208223
0.000335927
0.000508409
0.000731421
0.00101184
0.0013578
0.00177846
0.00228348
0.00288149
0.00357694
0.0043675
0.00523951
0.00615264
0.00703629
0.00776592
0.00826988
0.00829818
1.21475e-05
4.15342e-06
5.50466e-05
0.000135584
0.000256002
0.000419097
0.000630727
0.000898064
0.00122989
0.00163666
0.00213023
0.00272288
0.00342598
0.00424524
0.00517367
0.0061774
0.00718161
0.0080366
0.00863796
0.00863681
-9.46839e-05
-0.000105459
-5.93307e-05
1.29833e-05
0.000122038
0.00027046
0.000464199
0.000710747
0.00101968
0.00140314
0.00187615
0.0024566
0.00316375
0.00401333
0.0050174
0.00615332
0.00734805
0.00842256
0.00921212
0.0091682
-0.000251943
-0.000265942
-0.000226723
-0.00016566
-7.21153e-05
5.62262e-05
0.000225156
0.00044223
0.00071766
0.00106509
0.00150267
0.00205432
0.00275043
0.00362552
0.00470121
0.0059958
0.00745431
0.00887657
0.00998565
0.00989299
-0.000455369
-0.000473127
-0.000442758
-0.000395954
-0.000322271
-0.000219959
-8.3826e-05
9.30603e-05
0.000320549
0.000612614
0.000988932
0.00147727
0.00211636
0.00295726
0.00405538
0.00548016
0.00723144
0.0091695
0.0108105
0.0107189
-0.000699561
-0.000721591
-0.000701783
-0.000672064
-0.000622523
-0.000552365
-0.000457701
-0.000333265
-0.000171337
3.95814e-05
0.000316929
0.00068701
0.00118961
0.00188505
0.00285642
0.00418516
0.00605963
0.00858851
0.0109486
0.0112237
-0.000978246
-0.00100496
-0.000997028
-0.000986697
-0.00096497
-0.000932499
-0.00088758
-0.000827966
-0.000750231
-0.000649082
-0.000516255
-0.000338823
-9.64707e-05
0.000239563
0.000702129
0.00135723
0.00250314
0.00516024
0.00815
0.00989566
-0.00128424
-0.0013159
-0.00132054
-0.00133097
-0.00133942
-0.00134853
-0.00135971
-0.00137527
-0.00139869
-0.0014354
-0.00149424
-0.00159062
-0.00175365
-0.00205203
-0.00263938
-0.00362612
-0.00447199
-0.00207002
0.00132074
0.00520658
-0.00160936
-0.00164561
-0.00166213
-0.00169291
-0.00173154
-0.00178317
-0.00185266
-0.00194771
-0.00208025
-0.00226958
-0.00254826
-0.00297465
-0.00365886
-0.0048102
-0.00686421
-0.00999059
-0.0137504
-0.0117838
-0.00830289
-0.00246394
-0.00194689
-0.00198852
-0.00201597
-0.00206591
-0.00213206
-0.002223
-0.00234723
-0.00251855
-0.00275771
-0.00309873
-0.00359837
-0.00435496
-0.0055602
-0.00752238
-0.0109167
-0.0156669
-0.0218862
-0.0207123
-0.0175836
-0.011018
-0.00228488
-0.00232807
-0.00236023
-0.00242197
-0.00250911
-0.0026326
-0.0028028
-0.00303648
-0.00336063
-0.00381831
-0.00448181
-0.00546361
-0.00703033
-0.00943193
-0.013675
-0.0187525
-0.0260881
-0.0254653
-0.0230764
-0.0171324
-0.00262962
-0.00268249
-0.00271734
-0.0027932
-0.00289197
-0.00303419
-0.00322966
-0.0034997
-0.0038731
-0.00439498
-0.00514384
-0.00619927
-0.00792475
-0.0102003
-0.0147562
-0.0189607
-0.0261073
-0.0250096
-0.024303
-0.0185424
-0.00295142
-0.00299244
-0.00301046
-0.00306389
-0.0031587
-0.00330766
-0.00352164
-0.00381574
-0.00421423
-0.00475355
-0.00551581
-0.00648862
-0.00818309
-0.0100361
-0.0139198
-0.0171499
-0.0222845
-0.0206814
-0.0215505
-0.0158644
-0.00326765
-0.00337014
-0.00337043
-0.00346799
-0.00354477
-0.00368108
-0.00386444
-0.00412609
-0.00448642
-0.00497284
-0.00567206
-0.0064931
-0.00792014
-0.00935975
-0.0122486
-0.0142182
-0.0176728
-0.0151569
-0.0164539
-0.0107115
-0.003727
-0.00364122
-0.00357507
-0.00349524
-0.00353021
-0.00364211
-0.00383596
-0.00411122
-0.00447451
-0.00492319
-0.00555284
-0.00623406
-0.00732243
-0.00830542
-0.0101751
-0.0110355
-0.012736
-0.00985668
-0.0119815
-0.00405078
-0.00349569
-0.00403809
-0.00396361
-0.00419905
-0.00414957
-0.00422048
-0.00429035
-0.00444934
-0.00469049
-0.00501327
-0.00550507
-0.00602905
-0.00688952
-0.0076006
-0.00907263
-0.00960658
-0.0107414
-0.00777573
-0.00860354
0.00521804
-0.00562851
-0.00443925
-0.00412803
-0.00347527
-0.00338502
-0.00342909
-0.00360773
-0.00387274
-0.00420563
-0.0045751
-0.00504795
-0.00552256
-0.00613434
-0.00664616
-0.00730181
-0.00733351
-0.00724591
-0.00520108
-0.00317182
0.0227411
-0.00211199
-0.00547363
-0.00474784
-0.00526735
-0.00478839
-0.00477615
-0.00464439
-0.00467895
-0.00477974
-0.00495339
-0.0052822
-0.00565893
-0.00620583
-0.00694445
-0.00804312
-0.00871848
-0.0104329
-0.00533717
0.00222719
0.0517871
-0.0167413
-0.0038723
-0.00283724
-0.00261312
-0.00256966
-0.00264498
-0.00290409
-0.00319808
-0.00355755
-0.00391697
-0.00437267
-0.0048282
-0.00534909
-0.00573859
-0.00604457
-0.00422814
-0.000143418
0.0185108
0.055482
0.144069
6.64025e-05
6.24249e-05
0.000114556
0.000201526
0.000331876
0.000508558
0.000737292
0.00102506
0.00137999
0.00181105
0.00232706
0.00293503
0.00363778
0.00442986
0.00529157
0.00618
0.00702544
0.00771302
0.00818088
0.00822075
7.2983e-05
6.8557e-05
0.00012235
0.000208228
0.000335932
0.000508413
0.000731424
0.00101185
0.0013578
0.00177846
0.00228348
0.00288149
0.00357694
0.0043675
0.00523951
0.00615264
0.00703629
0.00776592
0.00826988
0.00829818
1.21534e-05
4.15909e-06
5.50519e-05
0.000135589
0.000256006
0.000419101
0.000630731
0.000898067
0.00122989
0.00163667
0.00213023
0.00272288
0.00342599
0.00424525
0.00517367
0.00617741
0.00718161
0.0080366
0.00863797
0.00863681
-9.46785e-05
-0.000105454
-5.93259e-05
1.29877e-05
0.000122042
0.000270464
0.000464202
0.00071075
0.00101968
0.00140314
0.00187615
0.00245661
0.00316375
0.00401334
0.0050174
0.00615332
0.00734805
0.00842256
0.00921212
0.0091682
-0.000251938
-0.000265938
-0.000226719
-0.000165656
-7.21117e-05
5.62295e-05
0.000225159
0.000442232
0.000717662
0.00106509
0.00150267
0.00205432
0.00275043
0.00362552
0.00470121
0.0059958
0.00745431
0.00887657
0.00998565
0.00989299
-0.000455365
-0.000473123
-0.000442754
-0.00039595
-0.000322268
-0.000219956
-8.38234e-05
9.30625e-05
0.000320551
0.000612615
0.000988933
0.00147727
0.00211636
0.00295726
0.00405537
0.00548016
0.00723144
0.0091695
0.0108105
0.010719
-0.000699558
-0.000721587
-0.000701779
-0.000672061
-0.00062252
-0.000552363
-0.000457699
-0.000333263
-0.000171336
3.95826e-05
0.00031693
0.000687011
0.00118961
0.00188505
0.00285642
0.00418516
0.00605963
0.00858851
0.0109486
0.0112237
-0.000978243
-0.00100496
-0.000997025
-0.000986694
-0.000964968
-0.000932497
-0.000887578
-0.000827964
-0.00075023
-0.000649081
-0.000516254
-0.000338822
-9.64697e-05
0.000239563
0.00070213
0.00135723
0.00250315
0.00516024
0.00815
0.00989566
-0.00128424
-0.0013159
-0.00132054
-0.00133097
-0.00133942
-0.00134852
-0.00135971
-0.00137527
-0.00139869
-0.0014354
-0.00149424
-0.00159062
-0.00175365
-0.00205203
-0.00263938
-0.00362611
-0.00447199
-0.00207002
0.00132074
0.00520658
-0.00160936
-0.00164561
-0.00166213
-0.00169291
-0.00173153
-0.00178317
-0.00185266
-0.00194771
-0.00208025
-0.00226958
-0.00254826
-0.00297465
-0.00365886
-0.0048102
-0.00686421
-0.00999059
-0.0137504
-0.0117838
-0.00830289
-0.00246394
-0.00194689
-0.00198852
-0.00201597
-0.00206591
-0.00213206
-0.002223
-0.00234723
-0.00251855
-0.00275771
-0.00309873
-0.00359837
-0.00435496
-0.0055602
-0.00752238
-0.0109167
-0.0156669
-0.0218862
-0.0207123
-0.0175836
-0.011018
-0.00228488
-0.00232807
-0.00236023
-0.00242197
-0.00250911
-0.0026326
-0.0028028
-0.00303648
-0.00336063
-0.00381831
-0.00448181
-0.00546361
-0.00703033
-0.00943193
-0.013675
-0.0187525
-0.0260881
-0.0254653
-0.0230764
-0.0171324
-0.00262962
-0.00268249
-0.00271734
-0.0027932
-0.00289197
-0.00303419
-0.00322966
-0.0034997
-0.0038731
-0.00439498
-0.00514384
-0.00619927
-0.00792475
-0.0102003
-0.0147562
-0.0189607
-0.0261073
-0.0250096
-0.024303
-0.0185424
-0.00295142
-0.00299244
-0.00301046
-0.00306389
-0.00315869
-0.00330766
-0.00352164
-0.00381574
-0.00421423
-0.00475355
-0.00551581
-0.00648862
-0.00818309
-0.0100361
-0.0139198
-0.0171499
-0.0222845
-0.0206814
-0.0215505
-0.0158644
-0.00326765
-0.00337013
-0.00337043
-0.00346799
-0.00354477
-0.00368108
-0.00386444
-0.00412609
-0.00448642
-0.00497284
-0.00567206
-0.0064931
-0.00792013
-0.00935975
-0.0122486
-0.0142182
-0.0176728
-0.0151569
-0.0164539
-0.0107115
-0.003727
-0.00364122
-0.00357507
-0.00349524
-0.00353021
-0.00364211
-0.00383596
-0.00411122
-0.00447451
-0.00492319
-0.00555284
-0.00623406
-0.00732243
-0.00830542
-0.0101751
-0.0110355
-0.012736
-0.00985668
-0.0119815
-0.00405078
-0.00349569
-0.00403809
-0.00396361
-0.00419905
-0.00414957
-0.00422048
-0.00429035
-0.00444934
-0.00469049
-0.00501327
-0.00550507
-0.00602905
-0.00688952
-0.0076006
-0.00907263
-0.00960658
-0.0107414
-0.00777573
-0.00860354
0.00521804
-0.00562851
-0.00443925
-0.00412803
-0.00347527
-0.00338502
-0.00342909
-0.00360773
-0.00387274
-0.00420563
-0.0045751
-0.00504795
-0.00552256
-0.00613433
-0.00664615
-0.00730181
-0.00733351
-0.00724591
-0.00520108
-0.00317182
0.0227411
-0.00211199
-0.00547363
-0.00474784
-0.00526735
-0.00478839
-0.00477614
-0.00464439
-0.00467895
-0.00477974
-0.00495339
-0.0052822
-0.00565893
-0.00620583
-0.00694445
-0.00804312
-0.00871848
-0.0104329
-0.00533717
0.00222719
0.0517871
-0.0167413
-0.0038723
-0.00283724
-0.00261312
-0.00256966
-0.00264498
-0.00290409
-0.00319808
-0.00355755
-0.00391697
-0.00437267
-0.0048282
-0.00534909
-0.00573859
-0.00604457
-0.00422814
-0.000143417
0.0185108
0.055482
0.144069
6.41142e-05
6.00828e-05
0.000112058
0.000198763
0.000328707
0.000504804
0.000732717
0.00101935
0.00137274
0.00180172
0.00231499
0.00291938
0.00361759
0.00440408
0.00525925
0.00614053
0.00697894
0.00766104
0.00812549
0.00816689
7.06835e-05
6.6212e-05
0.000119849
0.000205463
0.000332763
0.000504662
0.000726857
0.00100616
0.00135059
0.00176919
0.00227148
0.00286591
0.00355678
0.00434161
0.00520686
0.00611244
0.00698856
0.00771231
0.00821262
0.00824339
9.81828e-06
1.78032e-06
5.25201e-05
0.000132799
0.000252819
0.000415342
0.000626169
0.000892395
0.0012227
0.00162742
0.00211822
0.00270718
0.00340544
0.00421849
0.00513933
0.00613433
0.00712958
0.00797767
0.00857471
0.00857891
-9.70571e-05
-0.000107873
-6.18912e-05
1.01755e-05
0.000118849
0.000266722
0.000459686
0.000705157
0.00101261
0.00139403
0.00186426
0.00244092
0.00314289
0.00398549
0.00498108
0.0061066
0.00729007
0.0083558
0.00913974
0.00910741
-0.000254364
-0.0002684
-0.000229315
-0.000168479
-7.52864e-05
5.25474e-05
0.000220759
0.00043683
0.000710867
0.00105636
0.00149128
0.00203922
0.0027302
0.00359838
0.00466414
0.00594606
0.00738983
0.0087998
0.00990123
0.00983245
-0.00045784
-0.000475629
-0.000445377
-0.00039877
-0.000325393
-0.000223521
-8.8009e-05
8.80143e-05
0.000314306
0.000604707
0.0009787
0.00146375
0.00209815
0.00293223
0.00402034
0.0054311
0.0071636
0.00908227
0.0107134
0.0106644
-0.000702091
-0.000724145
-0.000704429
-0.000674866
-0.000625565
-0.00055575
-0.000461558
-0.000337761
-0.00017669
3.30786e-05
0.000308869
0.000676797
0.00117631
0.00186714
0.0028314
0.00414811
0.00600169
0.00849735
0.01085
0.0111834
-0.000980858
-0.00100759
-0.000999717
-0.00098949
-0.000967922
-0.000935666
-0.000891021
-0.000831736
-0.000754369
-0.00065359
-0.000521068
-0.000343761
-0.000101169
0.000235782
0.000700346
0.00135693
0.0024915
0.00509275
0.00809187
0.00986399
-0.00128697
-0.00131865
-0.00132332
-0.00133379
-0.0013423
-0.00135148
-0.00136271
-0.00137822
-0.0014014
-0.00143745
-0.00149487
-0.00158841
-0.001746
-0.00203386
-0.00260137
-0.00355873
-0.00438676
-0.00207146
0.00132606
0.00519547
-0.0016123
-0.00164855
-0.00166506
-0.00169583
-0.00173444
-0.001786
-0.00185532
-0.00194996
-0.00208164
-0.00226926
-0.00254467
-0.00296487
-0.0036373
-0.00476652
-0.006777
-0.00984001
-0.0135326
-0.0116713
-0.00822675
-0.00243565
-0.00195012
-0.00199175
-0.00201917
-0.00206905
-0.00213511
-0.00222587
-0.00234975
-0.00252038
-0.00275821
-0.00309671
-0.0035916
-0.00433952
-0.00552782
-0.00745934
-0.0107909
-0.015456
-0.0215801
-0.0205003
-0.017465
-0.0109377
-0.00228854
-0.00233174
-0.00236385
-0.0024255
-0.00251253
-0.00263579
-0.00280559
-0.0030385
-0.00336121
-0.00381617
-0.00447449
-0.00544763
-0.00699616
-0.00936877
-0.0135446
-0.0185439
-0.0257982
-0.0252756
-0.0230051
-0.0170598
-0.00263381
-0.00268669
-0.00272149
-0.00279727
-0.00289594
-0.00303797
-0.00323311
-0.00350254
-0.00387478
-0.00439453
-0.00513905
-0.00618823
-0.00789855
-0.010155
-0.0146588
-0.0188119
-0.0259217
-0.0249217
-0.0243077
-0.0185323
-0.00295636
-0.00299746
-0.00301543
-0.00306878
-0.00316352
-0.00331238
-0.0035262
-0.00381999
-0.00421786
-0.00475616
-0.00551562
-0.00648555
-0.00817079
-0.0100148
-0.0138824
-0.0170803
-0.0222147
-0.0207083
-0.0216339
-0.0159204
-0.00327305
-0.00337565
-0.00337599
-0.00347351
-0.00355036
-0.00368668
-0.00387012
-0.00413188
-0.00449225
-0.00497896
-0.00567795
-0.00649795
-0.00792383
-0.00936175
-0.0122534
-0.0142234
-0.0176897
-0.0152517
-0.0165758
-0.0108072
-0.00373402
-0.00364823
-0.00358201
-0.00350207
-0.00353703
-0.00364899
-0.00384306
-0.00411872
-0.00448252
-0.00493236
-0.00556301
-0.00624495
-0.00733641
-0.0083253
-0.0102034
-0.01108
-0.0127976
-0.0099734
-0.0120957
-0.00415788
-0.00350106
-0.00404409
-0.00397026
-0.00420573
-0.00415656
-0.0042276
-0.0042979
-0.00445753
-0.00469945
-0.00502379
-0.0055167
-0.00604339
-0.00690632
-0.00762569
-0.0091033
-0.00965824
-0.0107988
-0.00788479
-0.00869701
0.00511298
-0.00563794
-0.00444871
-0.00413684
-0.00348369
-0.00339308
-0.0034372
-0.00361609
-0.00388182
-0.00421541
-0.00458661
-0.00506065
-0.00553834
-0.00615301
-0.00667276
-0.00733504
-0.00738621
-0.00730683
-0.00529179
-0.00325411
0.0226321
-0.00211432
-0.00547774
-0.0047537
-0.00527312
-0.0047948
-0.00478303
-0.0046517
-0.00468722
-0.00478876
-0.00496382
-0.00529366
-0.00567311
-0.00622132
-0.00696686
-0.00806958
-0.00876245
-0.0104898
-0.00542907
0.00213038
0.0516575
-0.0167494
-0.00387901
-0.00284401
-0.00262088
-0.002577
-0.00265255
-0.0029115
-0.00320641
-0.00356613
-0.00392721
-0.00438359
-0.00484151
-0.00536474
-0.00576013
-0.00607334
-0.00427319
-0.000209346
0.0184131
0.0553636
0.143928
5.96527e-05
5.55229e-05
0.000107204
0.000193412
0.000322587
0.000497574
0.000723922
0.00100839
0.00135883
0.00178384
0.00229182
0.0028893
0.00357871
0.00435437
0.00519679
0.00606409
0.00688874
0.00756003
0.00801775
0.00806212
6.61932e-05
6.16392e-05
0.000114982
0.000200101
0.000326635
0.00049743
0.000718072
0.00099523
0.00133674
0.00175141
0.00224843
0.00283595
0.00351796
0.00429164
0.00514372
0.00603454
0.00689588
0.00760803
0.00810107
0.00813662
5.248e-06
-2.86879e-06
4.75829e-05
0.000127375
0.000246644
0.000408081
0.000617377
0.000881482
0.00120888
0.00160965
0.00209511
0.00267696
0.00336579
0.0041667
0.00507277
0.00605067
0.00702827
0.00786262
0.00845099
0.00846571
-0.000101724
-0.000112614
-6.69072e-05
4.69477e-06
0.000112648
0.000259477
0.000450963
0.000694374
0.000998977
0.00137648
0.00184133
0.00241063
0.00310251
0.00393119
0.00491047
0.00601558
0.00717679
0.00822493
0.00899741
0.00898804
-0.000259133
-0.000273235
-0.000234403
-0.000173995
-8.14679e-05
4.54002e-05
0.000212241
0.000426388
0.000697746
0.00103951
0.00146924
0.00200997
0.002691
0.00354595
0.00459197
0.00584888
0.00726347
0.00864874
0.00973431
0.00971354
-0.000462715
-0.000480559
-0.000450525
-0.00040429
-0.000331492
-0.000230459
-9.61349e-05
7.82292e-05
0.000302208
0.000589382
0.000958847
0.00143749
0.00206272
0.0028835
0.00395191
0.00533518
0.00703064
0.00891051
0.0105208
0.0105585
-0.000707086
-0.000729182
-0.000709637
-0.000680368
-0.000631523
-0.00056236
-0.000469075
-0.000346511
-0.000187104
2.04218e-05
0.00029316
0.000656865
0.00115035
0.00183218
0.00278277
0.00407622
0.00588953
0.00832068
0.010657
0.0111093
-0.000986017
-0.00101278
-0.00100502
-0.000994984
-0.000973715
-0.000941869
-0.000897752
-0.000839106
-0.000762463
-0.000662424
-0.00053052
-0.000353464
-0.00011034
0.000228694
0.000698041
0.00135981
0.00247694
0.00497047
0.00798518
0.00980727
-0.00129238
-0.00132407
-0.00132878
-0.00133934
-0.00134798
-0.00135729
-0.0013686
-0.00138403
-0.00140674
-0.00144155
-0.00149622
-0.0015842
-0.00173093
-0.00199749
-0.0025239
-0.00341812
-0.00420129
-0.00204998
0.00135515
0.00518296
-0.0016181
-0.00165436
-0.00167085
-0.0017016
-0.00174016
-0.00179159
-0.00186056
-0.00195442
-0.00208446
-0.00226881
-0.00253788
-0.00294596
-0.00359505
-0.00467974
-0.00660209
-0.00953343
-0.0130763
-0.0114212
-0.00805218
-0.0023649
-0.00195651
-0.00199814
-0.00202548
-0.00207525
-0.00214113
-0.00223155
-0.00235476
-0.00252407
-0.00275936
-0.00309303
-0.00357886
-0.00430999
-0.00546527
-0.00733565
-0.0105419
-0.015037
-0.0209586
-0.020061
-0.0172283
-0.0107637
-0.0022958
-0.00233901
-0.00237102
-0.00243251
-0.00251929
-0.00264213
-0.00281115
-0.00304262
-0.00336259
-0.00381247
-0.00446116
-0.0054175
-0.0069307
-0.00924687
-0.0132924
-0.0181457
-0.0252442
-0.0249055
-0.0229005
-0.0169017
-0.00264217
-0.00269507
-0.00272978
-0.00280538
-0.00290384
-0.00304549
-0.00324001
-0.0035083
-0.00387841
-0.00439423
-0.00513059
-0.0061681
-0.00784913
-0.0100685
-0.0144816
-0.0185451
-0.0256351
-0.0247718
-0.0243623
-0.018515
-0.00296629
-0.00300752
-0.00302537
-0.00307856
-0.00317315
-0.00332181
-0.00353534
-0.00382859
-0.00422539
-0.00476188
-0.0055159
-0.00648103
-0.00814928
-0.00996591
-0.013836
-0.016976
-0.0221364
-0.0208183
-0.0218449
-0.0160539
-0.00328402
-0.00338685
-0.00338728
-0.00348468
-0.00356163
-0.00369795
-0.00388157
-0.00414359
-0.00450426
-0.00499205
-0.00569017
-0.00650809
-0.00793387
-0.00936851
-0.0122785
-0.0142673
-0.0178189
-0.0154964
-0.0168572
-0.0110208
-0.00374839
-0.0036625
-0.00359612
-0.00351589
-0.00355083
-0.0036629
-0.00385741
-0.00413392
-0.00449897
-0.00495172
-0.00558495
-0.00626588
-0.00736649
-0.008369
-0.0102683
-0.0111679
-0.01287
-0.0102121
-0.0123428
-0.00438438
-0.0035123
-0.00405648
-0.00398416
-0.00421954
-0.00417093
-0.00424218
-0.00431329
-0.00447423
-0.00471785
-0.00504557
-0.00554118
-0.00607262
-0.0069414
-0.00767806
-0.00916854
-0.00976083
-0.0109133
-0.00810129
-0.00888147
0.00490198
-0.00565786
-0.00446828
-0.00415533
-0.00350099
-0.00340969
-0.00345387
-0.0036333
-0.00390049
-0.00423557
-0.00461032
-0.00508694
-0.00557091
-0.00619169
-0.00672717
-0.00740346
-0.00749198
-0.0074327
-0.00546942
-0.00340928
0.0224192
-0.00211935
-0.00548595
-0.00476593
-0.00528496
-0.00480798
-0.00479715
-0.00466669
-0.00470431
-0.00480742
-0.00498525
-0.00531751
-0.00570255
-0.00625395
-0.00701312
-0.00812501
-0.00885046
-0.0106035
-0.00560789
0.0019526
0.0514033
-0.0167663
-0.00389314
-0.00285843
-0.00263736
-0.00259256
-0.00266853
-0.00292711
-0.00322395
-0.00358421
-0.00394865
-0.00440651
-0.00486931
-0.00539731
-0.00580442
-0.00613239
-0.00436398
-0.000339273
0.0182187
0.0551352
0.14364
5.32547e-05
4.90031e-05
0.000100288
0.000185825
0.000313955
0.000487421
0.000711615
0.000993088
0.00133943
0.00175889
0.00225945
0.00284721
0.00352417
0.00428439
0.00510857
0.00595577
0.00676052
0.00741607
0.0078639
0.00791242
5.97298e-05
5.50767e-05
0.000108024
0.000192473
0.000317964
0.000487247
0.000705753
0.000979947
0.0013174
0.00172657
0.00221622
0.002794
0.00346346
0.00422125
0.00505447
0.00592403
0.00676394
0.00745913
0.00794144
0.00798367
-1.36009e-06
-9.57077e-06
4.04912e-05
0.000119628
0.000237872
0.000397823
0.000605011
0.000866179
0.00118953
0.00158477
0.00206274
0.00263453
0.00330996
0.00409341
0.00497838
0.00593155
0.00688345
0.00769752
0.00827296
0.00830253
-0.000108506
-0.000119482
-7.41484e-05
-3.17306e-06
0.000103797
0.000249196
0.000438644
0.000679195
0.000979822
0.00135182
0.00180908
0.00236796
0.00304539
0.00385262
0.00480991
0.00588551
0.00701428
0.00803637
0.0087915
0.00881481
-0.000266089
-0.000280267
-0.000241778
-0.000181947
-9.03287e-05
3.52121e-05
0.000200155
0.000411623
0.000679221
0.00101572
0.00143808
0.00196848
0.00263531
0.00347281
0.00448893
0.00570972
0.0070822
0.00843123
0.00949248
0.00954133
-0.000469844
-0.000487749
-0.000458012
-0.000412276
-0.000340271
-0.000240394
-0.00010772
6.432e-05
0.000285034
0.000567618
0.000930601
0.00140003
0.0020121
0.00281397
0.00385414
0.00519863
0.00684199
0.00866651
0.0102438
0.0104092
-0.000714405
-0.000736542
-0.000717229
-0.000688351
-0.00064013
-0.000571869
-0.00047985
-0.000359026
-0.000201988
2.31509e-06
0.000270645
0.000628243
0.00111307
0.00178226
0.00271437
0.00397708
0.00573779
0.00808301
0.0103906
0.0110128
-0.000993586
-0.00102036
-0.00101275
-0.00100298
-0.000982114
-0.000950834
-0.00090746
-0.000849732
-0.000774145
-0.000675208
-0.000544244
-0.000367541
-0.000123391
0.000219685
0.000699009
0.00137568
0.00248418
0.0048478
0.00786092
0.00975975
-0.00130033
-0.00133201
-0.00133678
-0.00134744
-0.00135623
-0.00136572
-0.00137715
-0.0013925
-0.00141459
-0.00144768
-0.00149845
-0.00157831
-0.00170872
-0.00194232
-0.00240351
-0.00319323
-0.0038786
-0.00192959
0.00147371
0.00522308
-0.00162664
-0.00166287
-0.00167933
-0.00171003
-0.00174852
-0.00179975
-0.00186824
-0.00196103
-0.0020888
-0.00226853
-0.00252849
-0.00291877
-0.00353292
-0.00455006
-0.00633724
-0.00906307
-0.0123478
-0.0109558
-0.00766371
-0.00216216
-0.00196594
-0.00200754
-0.00203476
-0.00208434
-0.00214995
-0.00223987
-0.00236214
-0.00252963
-0.00276137
-0.00308819
-0.00356093
-0.00426737
-0.00537361
-0.00715345
-0.0101748
-0.0144173
-0.0200013
-0.0193419
-0.016727
-0.0103825
-0.00230656
-0.00234976
-0.00238159
-0.00244281
-0.00252924
-0.00265147
-0.00281941
-0.00304887
-0.00336506
-0.00380774
-0.00444266
-0.00537505
-0.00683744
-0.00907242
-0.0129321
-0.0175925
-0.0244727
-0.0243524
-0.0226243
-0.0165886
-0.00265468
-0.00270757
-0.00274212
-0.0028174
-0.00291553
-0.00305664
-0.0032503
-0.00351703
-0.00388425
-0.00439463
-0.00511979
-0.00614155
-0.00778029
-0.00994425
-0.0142521
-0.0182275
-0.0255098
-0.0244999
-0.0243994
-0.0184917
-0.00298128
-0.00302262
-0.00304026
-0.00309314
-0.00318751
-0.00333586
-0.003549
-0.00384159
-0.00423708
-0.00477108
-0.00551718
-0.00647692
-0.00811998
-0.00982231
-0.0138789
-0.0168865
-0.0220861
-0.0210823
-0.0221974
-0.0163014
-0.00330095
-0.00340406
-0.00340459
-0.00350173
-0.00357873
-0.00371501
-0.00389885
-0.00416134
-0.00452266
-0.00501191
-0.00570562
-0.00650593
-0.00797308
-0.00938665
-0.0123487
-0.014366
-0.0179774
-0.0159398
-0.0173416
-0.0113891
-0.00377076
-0.00368453
-0.00361785
-0.00353697
-0.00357187
-0.00368406
-0.00387925
-0.00415707
-0.00452431
-0.00498347
-0.00563002
-0.00628527
-0.00741551
-0.00844326
-0.0103824
-0.0113374
-0.0131341
-0.0106266
-0.0127445
-0.00475112
-0.00353061
-0.00407622
-0.00400659
-0.00424144
-0.00419351
-0.00426489
-0.00433711
-0.00449997
-0.00474623
-0.00507967
-0.0055803
-0.00611663
-0.00699607
-0.0077604
-0.00927377
-0.00992127
-0.011104
-0.00842444
-0.00914855
0.00459047
-0.00569053
-0.00449938
-0.0041852
-0.00352802
-0.00343588
-0.00348013
-0.00366035
-0.00392975
-0.00426711
-0.00464726
-0.00512804
-0.00562101
-0.00625161
-0.00681046
-0.0075087
-0.00764895
-0.00761934
-0.00571945
-0.00360903
0.0221166
-0.00212856
-0.00549864
-0.00478579
-0.00530373
-0.00482888
-0.00481939
-0.00469032
-0.00473126
-0.00483663
-0.00501908
-0.00535531
-0.00574885
-0.0063057
-0.00708428
-0.00821123
-0.00898104
-0.0107641
-0.00586224
0.00173202
0.0510345
-0.0167937
-0.00391643
-0.00288272
-0.0026651
-0.00261862
-0.00269513
-0.00295299
-0.00325295
-0.0036139
-0.00398351
-0.00444357
-0.00491404
-0.00544915
-0.00587389
-0.00622329
-0.00450215
-0.000528009
0.0179331
0.054817
0.143185
4.52599e-05
4.09045e-05
9.17407e-05
0.000176521
0.000303445
0.000475141
0.00069681
0.000974751
0.00131622
0.00172904
0.00222066
0.00279662
0.0034584
0.00419966
0.00500117
0.00582322
0.00660289
0.00723842
0.00767355
0.00772695
5.15868e-05
4.68591e-05
9.9354e-05
0.000183048
0.000307337
0.000474864
0.000690869
0.00096157
0.00129421
0.00169681
0.00217758
0.00274356
0.00339777
0.00413617
0.00494574
0.00578856
0.00660135
0.00727476
0.00774316
0.00779318
-9.74921e-06
-1.80263e-05
3.15901e-05
0.000109987
0.000227052
0.000385275
0.000589996
0.000847699
0.00116624
0.00155485
0.00202378
0.00258336
0.00324255
0.00400488
0.00486292
0.00578462
0.00670366
0.00749125
0.00804958
0.00809669
-0.000117184
-0.000128217
-8.33112e-05
-1.30421e-05
9.27964e-05
0.000236532
0.000423588
0.000660756
0.000956635
0.00132201
0.00177007
0.00231632
0.00297709
0.00376601
0.0046872
0.00572398
0.00681082
0.00779834
0.00852989
0.00859212
-0.000275041
-0.00028926
-0.000251166
-0.000191983
-0.000101414
2.25795e-05
0.000185286
0.000393565
0.00065664
0.000986737
0.0014
0.00191745
0.00256542
0.00337277
0.00435942
0.00553516
0.00685364
0.00815457
0.00918169
0.00931518
-0.000479052
-0.000496977
-0.000467581
-0.000422405
-0.000351315
-0.000252792
-0.000122074
4.71773e-05
0.000263926
0.000540862
0.000895772
0.00135359
0.00194883
0.00272625
0.00373188
0.00502696
0.00660432
0.00835741
0.0098867
0.0102105
-0.00072388
-0.00074601
-0.000726962
-0.000698516
-0.000651015
-0.000583813
-0.000493305
-0.000374592
-0.000220475
-2.02115e-05
0.000242502
0.000592213
0.0010657
0.00171819
0.0026267
0.00385252
0.00555216
0.00780075
0.0100658
0.0108807
-0.0010034
-0.00103013
-0.00102269
-0.00101318
-0.000992786
-0.00096217
-0.000919692
-0.000863102
-0.000788876
-0.000691432
-0.000561863
-0.000385946
-0.000140915
0.000207089
0.000700326
0.0014028
0.0025236
0.00476382
0.00772673
0.00970748
-0.00131063
-0.00134224
-0.00134707
-0.0013578
-0.00136676
-0.00137645
-0.00138804
-0.00140332
-0.00142476
-0.00145591
-0.00150212
-0.00157223
-0.00168255
-0.00187417
-0.00224916
-0.00289188
-0.00341594
-0.00165208
0.0016864
0.00530188
-0.00163772
-0.00167386
-0.00169026
-0.00172085
-0.00175921
-0.00181019
-0.00187812
-0.00196966
-0.00209478
-0.00226909
-0.00251818
-0.00288687
-0.00345779
-0.0043892
-0.00600276
-0.00845072
-0.0113617
-0.0102298
-0.00705168
-0.00185406
-0.00197821
-0.00201969
-0.00204674
-0.00209603
-0.00216127
-0.00225057
-0.00237171
-0.00253703
-0.00276461
-0.00308338
-0.00354071
-0.00421769
-0.00526465
-0.00693022
-0.00971696
-0.0136299
-0.0187278
-0.0183465
-0.0160151
-0.00984721
-0.00232065
-0.00236373
-0.0023953
-0.00245613
-0.00254207
-0.00266353
-0.00283018
-0.00305729
-0.00336911
-0.0038036
-0.00442297
-0.00532734
-0.0067301
-0.00886783
-0.0124905
-0.0169211
-0.0234834
-0.0236973
-0.0223322
-0.0161234
-0.00267126
-0.00272403
-0.0027583
-0.00283311
-0.00293074
-0.00307112
-0.00326373
-0.00352869
-0.00389275
-0.00439741
-0.00511111
-0.00611723
-0.00771107
-0.00983763
-0.0139649
-0.0178787
-0.0250637
-0.0245982
-0.0245976
-0.0184407
-0.00300141
-0.0030427
-0.00305997
-0.00311232
-0.00320634
-0.00335428
-0.00356698
-0.0038589
-0.00425323
-0.00478534
-0.00552565
-0.00648925
-0.0081088
-0.00987135
-0.0137823
-0.0168538
-0.0223265
-0.021677
-0.0228426
-0.0166532
-0.00332445
-0.00342775
-0.00342832
-0.0035249
-0.00360174
-0.00373779
-0.00392186
-0.004185
-0.00454744
-0.00503902
-0.00573169
-0.00654732
-0.00801253
-0.00946106
-0.0124603
-0.014566
-0.0183665
-0.0166947
-0.0181419
-0.0119267
-0.00380205
-0.00371495
-0.0036477
-0.0035656
-0.00360044
-0.00371273
-0.00390874
-0.00418819
-0.00455805
-0.00502292
-0.00566885
-0.00634696
-0.00748947
-0.00855962
-0.0105566
-0.0116023
-0.0135746
-0.0112617
-0.0133526
-0.00526563
-0.00355857
-0.00410548
-0.00403988
-0.00427314
-0.00422571
-0.00429685
-0.00437023
-0.00453541
-0.00478505
-0.00512537
-0.00563169
-0.00618339
-0.00707585
-0.0078758
-0.00942638
-0.0101385
-0.0113921
-0.00885102
-0.00950561
0.0041954
-0.00573958
-0.00454413
-0.0042288
-0.00356591
-0.0034734
-0.00351765
-0.00369901
-0.00397118
-0.00431169
-0.00469866
-0.00518557
-0.00569229
-0.0063377
-0.00692439
-0.00765689
-0.00785473
-0.00787428
-0.00603045
-0.00384217
0.0217476
-0.0021479
-0.00551859
-0.0048166
-0.0053322
-0.00486014
-0.0048521
-0.00472499
-0.00477019
-0.00487757
-0.00506959
-0.00541021
-0.00581548
-0.00638163
-0.00718261
-0.00833646
-0.00915824
-0.0109834
-0.00615925
0.0015033
0.0505557
-0.0168351
-0.00395247
-0.002922
-0.00270867
-0.00265953
-0.00273611
-0.00299318
-0.00329668
-0.00365898
-0.00403486
-0.004499
-0.00497875
-0.00552472
-0.00597071
-0.00635011
-0.00468635
-0.000772222
0.0175631
0.0544323
0.142526
3.61123e-05
3.17641e-05
8.21644e-05
0.000166211
0.000291913
0.000461788
0.000680828
0.000955055
0.00129135
0.00169705
0.00217899
0.00274204
0.00338703
0.00410709
0.00488311
0.00567657
0.00642747
0.00703975
0.00745998
0.00751846
4.20936e-05
3.74041e-05
8.94471e-05
0.000172407
0.000295482
0.000461212
0.000674629
0.000941679
0.00126923
0.00166481
0.00213599
0.00268906
0.00332643
0.00404316
0.00482601
0.0056383
0.00641977
0.00706762
0.00751948
0.0075773
-1.96577e-05
-2.78801e-05
2.12869e-05
9.89678e-05
0.000214843
0.000371303
0.000573472
0.000827551
0.001141
0.00152251
0.00198162
0.00252775
0.00316865
0.00390651
0.0047345
0.00562008
0.00650074
0.00725656
0.00779406
0.00785849
-0.000127566
-0.000138525
-9.40549e-05
-2.44664e-05
8.02316e-05
0.000222267
0.000406847
0.000640464
0.000931294
0.00128952
0.0017275
0.00225965
0.00290103
0.00366438
0.00454891
0.00554104
0.00657854
0.00752392
0.00822626
0.00832622
-0.000285832
-0.000299953
-0.000262263
-0.000203701
-0.000114191
8.21408e-06
0.00016859
0.000373497
0.000631715
0.000954823
0.00135803
0.00186098
0.00248809
0.00326587
0.00421409
0.00533577
0.00659076
0.00783358
0.0088188
0.0090332
-0.0004902
-0.000507997
-0.000478952
-0.000434305
-0.000364141
-0.000267014
-0.000138353
2.79163e-05
0.000240348
0.000511029
0.000856845
0.00130142
0.00187747
0.00262798
0.00360162
0.00483128
0.00633285
0.00800489
0.00947646
0.00994619
-0.000735375
-0.000757339
-0.000738564
-0.000710514
-0.000663736
-0.000597631
-0.000508728
-0.000392307
-0.000241435
-4.5763e-05
0.000210418
0.00055077
0.00101058
0.00164216
0.00251476
0.00370937
0.00534968
0.00750696
0.00971852
0.0106779
-0.0010153
-0.00104183
-0.00103456
-0.00102527
-0.00100533
-0.000975393
-0.000933877
-0.000878559
-0.000805925
-0.000710339
-0.000582691
-0.000408217
-0.000162885
0.000190177
0.000700078
0.001441
0.00260297
0.00477513
0.00762555
0.00964103
-0.00132313
-0.00135448
-0.00135935
-0.00137009
-0.00137918
-0.00138906
-0.00140081
-0.00141607
-0.00143692
-0.00146617
-0.00150765
-0.00156716
-0.00165469
-0.001797
-0.0020682
-0.00252744
-0.00281456
-0.00112551
0.00208473
0.00549642
-0.00165116
-0.001687
-0.0017033
-0.00173369
-0.00177185
-0.00182252
-0.00188984
-0.00198007
-0.00210242
-0.00227093
-0.0025081
-0.00285236
-0.0033732
-0.00420361
-0.00561169
-0.00772876
-0.0101545
-0.00913631
-0.00603087
-0.0012119
-0.0019931
-0.00203423
-0.00206103
-0.0021099
-0.00217465
-0.00226321
-0.00238311
-0.00254611
-0.0027692
-0.00307917
-0.00351922
-0.00416245
-0.00514139
-0.00667542
-0.00920054
-0.012719
-0.0171831
-0.0169881
-0.0146733
-0.00876073
-0.00233784
-0.00238054
-0.00241175
-0.002472
-0.00255731
-0.00267785
-0.00284304
-0.00306762
-0.00337476
-0.00380032
-0.00440247
-0.00527521
-0.0066123
-0.00863991
-0.0120077
-0.0161901
-0.0223833
-0.0228131
-0.0215265
-0.0151327
-0.00269172
-0.00274409
-0.00277792
-0.00285199
-0.00294888
-0.00308834
-0.00327972
-0.00354279
-0.00390359
-0.00440231
-0.00510432
-0.00609429
-0.00764194
-0.00973093
-0.0136977
-0.0175548
-0.0247252
-0.0247222
-0.024471
-0.0181622
-0.00302668
-0.00306745
-0.00308414
-0.00313567
-0.00322912
-0.00337649
-0.00358864
-0.00387989
-0.00427325
-0.0048039
-0.00554018
-0.00650941
-0.00810764
-0.00990772
-0.0137882
-0.0169223
-0.0228622
-0.0224956
-0.0234171
-0.0170787
-0.0033554
-0.00345836
-0.00345869
-0.0035542
-0.0036304
-0.00376588
-0.00394996
-0.00421381
-0.00457784
-0.00507249
-0.00576784
-0.00660221
-0.00807093
-0.00956701
-0.0126542
-0.014895
-0.0190487
-0.0177249
-0.0191065
-0.0126716
-0.00384317
-0.00375421
-0.00368591
-0.0036019
-0.00363665
-0.00374891
-0.00394575
-0.00422695
-0.00459997
-0.00507104
-0.00572138
-0.00642336
-0.00758566
-0.00871019
-0.0107949
-0.0119659
-0.0141846
-0.0120701
-0.0140736
-0.00594963
-0.00360128
-0.00414794
-0.00408717
-0.00431712
-0.00426933
-0.0043394
-0.00441353
-0.00458104
-0.00483463
-0.00518271
-0.00569711
-0.00626708
-0.00717715
-0.00801773
-0.00961869
-0.0103951
-0.0117472
-0.0093019
-0.00983074
0.00372572
-0.00580927
-0.00460468
-0.00428873
-0.00361674
-0.00352522
-0.00356933
-0.00375204
-0.00402711
-0.00437137
-0.00476585
-0.00526116
-0.00578313
-0.00644596
-0.00706328
-0.00783667
-0.0080829
-0.00813757
-0.00630682
-0.00396328
0.0213089
-0.00219144
-0.00555205
-0.00486537
-0.00537567
-0.0049068
-0.00489969
-0.00477502
-0.00482515
-0.0049347
-0.00513962
-0.00548572
-0.00590448
-0.00648472
-0.0073056
-0.00849317
-0.00935698
-0.0111752
-0.00646466
0.00143272
0.04994
-0.0168973
-0.00401221
-0.00299045
-0.00278082
-0.00272641
-0.00280195
-0.00305691
-0.00336391
-0.00372624
-0.00410991
-0.00457774
-0.00507093
-0.00562709
-0.00610316
-0.00650699
-0.00492048
-0.00102337
0.017123
0.0540397
0.141566
2.63307e-05
2.22595e-05
7.22889e-05
0.000155731
0.000280334
0.000448538
0.000665129
0.000935851
0.00126721
0.00166601
0.00213845
0.00268866
0.00331676
0.00401526
0.0047648
0.00552831
0.00624874
0.00683616
0.00724036
0.00730382
3.15157e-05
2.71727e-05
7.88014e-05
0.000161159
0.000283157
0.000447263
0.000658308
0.000921962
0.00124471
0.00163357
0.00209541
0.00263572
0.00325625
0.0039515
0.00470595
0.005486
0.00623398
0.00685402
0.00728768
0.00735251
-3.09445e-05
-3.8751e-05
9.99792e-06
8.71012e-05
0.00020193
0.000356808
0.00055665
0.000807368
0.00111602
0.00149071
0.00194021
0.00247293
0.00309535
0.00380893
0.00460418
0.005451
0.00628986
0.00700993
0.00752364
0.00760263
-0.000139601
-0.000150099
-0.000106041
-3.69936e-05
6.67063e-05
0.000207224
0.000389546
0.000619864
0.000905913
0.00125722
0.00168525
0.00220305
0.00282391
0.00355785
0.00440533
0.00534937
0.0063321
0.00722821
0.00789601
0.00802616
-0.000298448
-0.000312061
-0.000274759
-0.000216685
-0.000128103
-7.12342e-06
0.000151112
0.000352854
0.000606413
0.000922668
0.00131577
0.00180383
0.00240899
0.00315476
0.00405779
0.00512152
0.00630491
0.00747819
0.00841268
0.00868802
-0.000503283
-0.000520522
-0.00049182
-0.000447574
-0.000378223
-0.00028236
-0.000155612
7.81441e-06
0.000216031
0.000480444
0.000816908
0.00124748
0.00180255
0.00252196
0.00344992
0.00461479
0.00602906
0.00760486
0.00900807
0.00957952
-0.000748879
-0.000770228
-0.000751722
-0.000723947
-0.000677798
-0.000612689
-0.000525299
-0.000411108
-0.000263494
-7.2591e-05
0.000176546
0.000506411
0.00095047
0.00155836
0.00239713
0.00354166
0.00510809
0.00716534
0.00930362
0.0103709
-0.00102928
-0.00105513
-0.00104802
-0.00103883
-0.00101926
-0.000989932
-0.000949332
-0.000895297
-0.000824374
-0.000730968
-0.000605936
-0.000434275
-0.000191128
0.000162932
0.00068395
0.00145448
0.00266105
0.00478143
0.00750493
0.00946942
-0.00133775
-0.00136835
-0.00137325
-0.00138388
-0.00139301
-0.001403
-0.00141491
-0.00143021
-0.00145066
-0.00147841
-0.00151593
-0.00156625
-0.0016336
-0.00173105
-0.00190372
-0.00218092
-0.00221663
-0.000596872
0.00238719
0.00553451
-0.00166681
-0.00170183
-0.00171803
-0.00174806
-0.00178593
-0.0018362
-0.0019029
-0.00199191
-0.00211171
-0.0022749
-0.00250105
-0.00282247
-0.00329594
-0.00402931
-0.00523671
-0.00702015
-0.00897965
-0.00800769
-0.00493103
-0.00065191
-0.00201036
-0.00205057
-0.00207708
-0.00212533
-0.00218944
-0.00227715
-0.00239578
-0.00255653
-0.00277535
-0.00307699
-0.00350078
-0.0041118
-0.00502542
-0.00643197
-0.00869109
-0.0118012
-0.0156393
-0.0154639
-0.0130937
-0.00764076
-0.00235782
-0.00239952
-0.0024303
-0.00248976
-0.00257422
-0.00269368
-0.00285731
-0.0030794
-0.00338209
-0.00379926
-0.00438557
-0.00522799
-0.00650063
-0.0084143
-0.0115335
-0.0154562
-0.0212678
-0.0217701
-0.0206065
-0.0140239
-0.00271571
-0.00276698
-0.00280019
-0.00287318
-0.002969
-0.00310727
-0.00329729
-0.0035585
-0.0039164
-0.00440989
-0.00510267
-0.00607692
-0.00758337
-0.00963888
-0.0134804
-0.0172672
-0.0246668
-0.0249238
-0.0245743
-0.0177432
-0.00305693
-0.00309614
-0.00311196
-0.00316231
-0.00325487
-0.00340143
-0.00361284
-0.00390347
-0.00429641
-0.00482656
-0.00556243
-0.00653746
-0.00812608
-0.00996236
-0.0139595
-0.0170314
-0.0238747
-0.0236127
-0.0244025
-0.017509
-0.00339465
-0.00349604
-0.00349553
-0.00358928
-0.00366394
-0.00379833
-0.00398206
-0.00424662
-0.00461297
-0.00511181
-0.00581515
-0.00666663
-0.00815594
-0.00970848
-0.0129574
-0.0153452
-0.0201431
-0.0191703
-0.0205427
-0.0134568
-0.00389441
-0.00380195
-0.00373179
-0.00364555
-0.00368003
-0.00379204
-0.00398953
-0.00427238
-0.00464929
-0.00512671
-0.00578816
-0.00651191
-0.00770963
-0.0088942
-0.0111178
-0.0124383
-0.0150908
-0.0131713
-0.0152266
-0.00660577
-0.0036684
-0.00421104
-0.00415306
-0.00437706
-0.00432655
-0.00439423
-0.00446805
-0.00463733
-0.00489542
-0.00525145
-0.00577744
-0.00636651
-0.00730797
-0.00818328
-0.00986928
-0.0106825
-0.0122508
-0.00982408
-0.0104539
0.00335849
-0.00589835
-0.00467658
-0.00436444
-0.00368221
-0.00359494
-0.00363912
-0.00382353
-0.00410029
-0.00444897
-0.00484936
-0.00535718
-0.00589301
-0.00658813
-0.00722872
-0.0080781
-0.00833521
-0.00850143
-0.00655691
-0.00422763
0.0209675
-0.00229637
-0.00562911
-0.00494978
-0.00545256
-0.00498382
-0.00497467
-0.00485192
-0.00490452
-0.00501752
-0.00523348
-0.00558813
-0.0060201
-0.0066291
-0.00745401
-0.00870466
-0.00957328
-0.0114427
-0.00666812
0.00132858
0.0493724
-0.016978
-0.00410199
-0.00310197
-0.0028897
-0.00282822
-0.0028992
-0.0031542
-0.00346006
-0.00382637
-0.00421238
-0.00469175
-0.00519315
-0.00577344
-0.00626956
-0.00671175
-0.00517609
-0.00133556
0.0166777
0.0535496
0.140395
1.67187e-05
1.37204e-05
6.35627e-05
0.000146678
0.000270447
0.000437315
0.000651902
0.00091971
0.00124689
0.00163976
0.00210386
0.00264257
0.00325522
0.00393365
0.00465824
0.00539299
0.0060837
0.00664672
0.00703523
0.00710436
2.00085e-05
1.67812e-05
6.80761e-05
0.000150082
0.000271291
0.000434172
0.000643385
0.000904359
0.00122323
0.00160653
0.00206043
0.00258956
0.00319488
0.00386988
0.004598
0.00534695
0.00606181
0.00665371
0.00706874
0.00714013
-4.36435e-05
-5.01868e-05
-1.79444e-06
7.49849e-05
0.000189063
0.000342772
0.000540848
0.000788953
0.00109376
0.00146284
0.00190416
0.00242507
0.00303065
0.00372098
0.00448503
0.00529332
0.0060892
0.00677081
0.00725798
0.00734738
-0.000153454
-0.000162596
-0.000118909
-5.01555e-05
5.2834e-05
0.000192237
0.000372855
0.000600612
0.000882829
0.00122841
0.00164786
0.00215287
0.00275478
0.00346134
0.00427075
0.00516483
0.00608827
0.00692677
0.00755195
0.00769918
-0.00031309
-0.000325251
-0.00028831
-0.00023049
-0.000142577
-2.26625e-05
0.000133924
0.000333157
0.000582903
0.000893345
0.00127755
0.00175193
0.00233611
0.00305
0.00390602
0.00490613
0.00600692
0.00709205
0.00795552
0.00825698
-0.000518491
-0.000534178
-0.000505806
-0.000461752
-0.000392995
-0.000298101
-0.000172874
-1.17767e-05
0.00019287
0.000451774
0.000779666
0.00119678
0.00173057
0.0024166
0.00329437
0.0043837
0.00568806
0.00713245
0.00842231
0.00903436
-0.000764549
-0.000784236
-0.000766005
-0.000738318
-0.000692627
-0.000628298
-0.000542155
-0.000429873
-0.000285151
-9.86687e-05
0.00014359
0.000462575
0.00088917
0.00146897
0.00226433
0.00335137
0.00479543
0.00669137
0.00866004
0.00977121
-0.00104542
-0.00106948
-0.00106256
-0.00105331
-0.00103397
-0.00100513
-0.000965315
-0.000912461
-0.000843214
-0.000752127
-0.000630264
-0.000462909
-0.000225533
0.000121368
0.000635808
0.00139796
0.00260854
0.004564
0.00694491
0.00885865
-0.00135451
-0.00138317
-0.00138812
-0.00139847
-0.00140756
-0.00141761
-0.00142968
-0.00144512
-0.00146547
-0.0014923
-0.00152704
-0.00157045
-0.00162214
-0.00168365
-0.00177365
-0.0018996
-0.00178511
-0.00035396
0.0023748
0.0053613
-0.00168457
-0.00171751
-0.00173362
-0.00176314
-0.00180061
-0.00185046
-0.00191661
-0.00200467
-0.00212246
-0.00228124
-0.00249785
-0.0027985
-0.00322746
-0.00386672
-0.00487643
-0.00634478
-0.00797417
-0.00693228
-0.00348963
0.000254945
-0.00202965
-0.00206752
-0.00209371
-0.00214112
-0.00220445
-0.00229129
-0.00240877
-0.00256761
-0.00278274
-0.00307684
-0.00348514
-0.00406368
-0.00491038
-0.00618109
-0.00817649
-0.010874
-0.0140658
-0.013385
-0.0103764
-0.0055729
-0.00238003
-0.00241924
-0.00244953
-0.00250801
-0.00259136
-0.00270957
-0.00287162
-0.00309141
-0.0033901
-0.00379927
-0.00436976
-0.00517906
-0.00638495
-0.00816975
-0.0110228
-0.014598
-0.019737
-0.0195788
-0.0179837
-0.0114369
-0.00274204
-0.00279037
-0.00282271
-0.00289422
-0.00298847
-0.00312532
-0.00331384
-0.00357326
-0.00392854
-0.0044167
-0.0051
-0.00605464
-0.00751868
-0.00951895
-0.0131954
-0.0168346
-0.0243131
-0.0239682
-0.0230193
-0.0158923
-0.00309122
-0.00312662
-0.0031412
-0.00319015
-0.00328112
-0.0034264
-0.00363657
-0.00392619
-0.00431866
-0.00484755
-0.00558351
-0.00655803
-0.00813599
-0.00998905
-0.0140198
-0.0170189
-0.0248076
-0.0239528
-0.0238782
-0.017041
-0.00344161
-0.00353774
-0.0035349
-0.00362602
-0.00369754
-0.0038302
-0.00401291
-0.00427772
-0.00464669
-0.00514904
-0.00586157
-0.00672577
-0.00823194
-0.00983948
-0.0132105
-0.0157499
-0.0211172
-0.0202182
-0.0209324
-0.0138888
-0.00395623
-0.00385614
-0.00378247
-0.00369533
-0.00372812
-0.0038391
-0.00403623
-0.00431969
-0.00470069
-0.00518349
-0.00586011
-0.00659724
-0.00783106
-0.00906952
-0.0114168
-0.0128871
-0.0158588
-0.014016
-0.0156079
-0.00722801
-0.00378215
-0.00430391
-0.00423585
-0.00445029
-0.00439177
-0.00445562
-0.00452772
-0.00469797
-0.00496121
-0.00532517
-0.0058634
-0.00647083
-0.00744661
-0.00834737
-0.0100953
-0.0109052
-0.0125712
-0.0100611
-0.0103538
0.00292012
-0.00601416
-0.00475614
-0.0044453
-0.00378365
-0.00369127
-0.00373349
-0.0039175
-0.0041918
-0.00454459
-0.00494852
-0.005471
-0.00601781
-0.00675278
-0.00740163
-0.00832668
-0.00854824
-0.00872571
-0.00654923
-0.00392388
0.0203602
-0.00258142
-0.00578505
-0.00509869
-0.00557675
-0.00510418
-0.00508436
-0.00495955
-0.00501016
-0.00512662
-0.00535384
-0.00571861
-0.00616236
-0.00681933
-0.00762216
-0.00891988
-0.00974941
-0.0114059
-0.00663901
0.00192147
0.0481132
-0.0171605
-0.00430354
-0.0033383
-0.00309772
-0.00301392
-0.00306961
-0.00331702
-0.00361243
-0.00397993
-0.0043633
-0.00485834
-0.00536984
-0.00597587
-0.00650317
-0.00692159
-0.00546344
-0.00144048
0.0161747
0.0531027
0.13744
8.06007e-06
7.04341e-06
5.67972e-05
0.000139785
0.000262989
0.000428922
0.000642084
0.000907787
0.0012319
0.00162035
0.0020781
0.00260789
0.00320826
0.00387036
0.00457411
0.00528443
0.00594972
0.00649217
0.00686809
0.00694508
7.90968e-06
6.84441e-06
5.77647e-05
0.000139632
0.000260369
0.000422507
0.000630572
0.00088982
0.00120614
0.00158565
0.00203389
0.00255473
0.00314829
0.0038072
0.0045137
0.00523639
0.00592263
0.0064902
0.0068895
0.00696901
-5.74837e-05
-6.15453e-05
-1.3577e-05
6.31056e-05
0.000176773
0.000329823
0.000526851
0.000773333
0.00107566
0.00144097
0.00187651
0.00238864
0.00298116
0.00365267
0.00439061
0.00516543
0.00592311
0.00656979
0.00703325
0.00713147
-0.000168813
-0.000175314
-0.000132086
-6.33978e-05
3.92204e-05
0.000178018
0.000357642
0.000583813
0.000863532
0.0012052
0.00161855
0.00211395
0.00270093
0.00338497
0.0041608
0.0050106
0.00587937
0.00666188
0.00724506
0.00740266
-0.000329384
-0.000338782
-0.000302306
-0.000244527
-0.000156968
-3.76499e-05
0.000117936
0.000315549
0.000562702
0.000868999
0.00124657
0.0017103
0.00227739
0.00296456
0.00378271
0.00471914
0.00573798
0.00672891
0.00751187
0.00782137
-0.000535454
-0.000548244
-0.000520323
-0.000476273
-0.000407835
-0.000313507
-0.000189253
-2.97501e-05
0.000172323
0.000427073
0.000748225
0.00115425
0.00166952
0.00232437
0.00314905
0.00415819
0.00534964
0.00663465
0.00775959
0.00839523
-0.00078208
-0.000798709
-0.000780891
-0.000753135
-0.000707677
-0.000643809
-0.000558502
-0.000447609
-0.000305128
-0.00012224
0.000114162
0.000423422
0.00083344
0.00138422
0.00212935
0.00312939
0.00441427
0.00604065
0.007716
0.00900213
-0.00106353
-0.00108434
-0.00107776
-0.00106831
-0.00104905
-0.00102044
-0.000981168
-0.00092925
-0.00086149
-0.000772671
-0.000654243
-0.000492227
-0.000263679
6.80192e-05
0.000557135
0.0012788
0.00236872
0.00399046
0.00597609
0.00797677
-0.00137334
-0.00139847
-0.00140364
-0.0014136
-0.00142249
-0.00143246
-0.00144459
-0.00146023
-0.00148081
-0.00150767
-0.00154157
-0.00158202
-0.00162625
-0.00166934
-0.00171297
-0.00175552
-0.00166388
-0.000777027
0.0012565
0.00407561
-0.00170448
-0.00173361
-0.00174981
-0.00177872
-0.00181565
-0.00186497
-0.0019306
-0.00201799
-0.00213459
-0.00229079
-0.00250131
-0.00278807
-0.00318646
-0.00375618
-0.00461327
-0.00584552
-0.00732945
-0.00670522
-0.00369659
-0.000243831
-0.00205106
-0.00208459
-0.00211057
-0.00215699
-0.00221934
-0.0023052
-0.00242165
-0.00257903
-0.00279157
-0.00308047
-0.00347784
-0.00403217
-0.00482673
-0.00598182
-0.00772408
-0.00999339
-0.0126776
-0.011704
-0.00773731
-0.00388535
-0.00240462
-0.00243934
-0.00246926
-0.00252663
-0.00260846
-0.00272516
-0.00288544
-0.00310321
-0.00339887
-0.00380206
-0.00436104
-0.0051428
-0.00629043
-0.00793517
-0.010496
-0.0135956
-0.0180864
-0.0170511
-0.0147886
-0.00913731
-0.00277066
-0.00281376
-0.00284532
-0.00291519
-0.00300732
-0.0031423
-0.00332886
-0.00358624
-0.00393935
-0.00442275
-0.0050996
-0.00603282
-0.00746241
-0.00935789
-0.0128442
-0.0162385
-0.0237475
-0.0225901
-0.0225316
-0.0145023
-0.00312918
-0.00315795
-0.00317126
-0.00321876
-0.00330705
-0.00345033
-0.00365832
-0.00394602
-0.00433813
-0.004865
-0.00560482
-0.00656264
-0.00815884
-0.00995127
-0.0141316
-0.0168793
-0.0257003
-0.0245282
-0.0247805
-0.0168964
-0.00349549
-0.00358271
-0.00357695
-0.00366563
-0.00373225
-0.00386225
-0.00404258
-0.00430614
-0.00467732
-0.00518034
-0.00591409
-0.00677032
-0.00828447
-0.00993071
-0.0134105
-0.0161195
-0.0225366
-0.0217331
-0.0228647
-0.0145534
-0.00401919
-0.00390815
-0.00383424
-0.00374884
-0.00377804
-0.00388696
-0.00408207
-0.0043643
-0.00474885
-0.00523168
-0.00590835
-0.00668859
-0.00794476
-0.00920007
-0.0117041
-0.0132891
-0.0170553
-0.0152416
-0.0177084
-0.00771062
-0.00395334
-0.00443806
-0.00433811
-0.00454284
-0.00447109
-0.00453103
-0.00459831
-0.00476628
-0.00503287
-0.00540008
-0.00594527
-0.00656955
-0.0075913
-0.00847309
-0.0103441
-0.0110554
-0.0131793
-0.0105143
-0.0119559
0.00279584
-0.0060717
-0.00478364
-0.00453149
-0.00390171
-0.00381464
-0.00385396
-0.00403484
-0.00429941
-0.00465565
-0.00505259
-0.00558992
-0.00613935
-0.00693466
-0.00756198
-0.00862276
-0.00873869
-0.00924408
-0.00661914
-0.00506898
0.020119
-0.00304517
-0.00617651
-0.00538208
-0.0058333
-0.00533909
-0.00529164
-0.00515126
-0.00518557
-0.00529522
-0.00552302
-0.00589357
-0.00633947
-0.00707754
-0.00780742
-0.00923297
-0.00989348
-0.0115488
-0.00633668
0.0015145
0.0476371
-0.0172765
-0.00454437
-0.00364061
-0.00332524
-0.00323529
-0.0032788
-0.00353021
-0.00380025
-0.00418551
-0.0045436
-0.00508456
-0.00558073
-0.00626504
-0.0067747
-0.00722203
-0.00568871
-0.00170603
0.0159312
0.0518083
0.135303
3.02867e-06
7.34193e-06
5.74069e-05
0.000140763
0.00026382
0.000429412
0.000642022
0.000906872
0.00122967
0.00161608
0.00207068
0.0025957
0.00318903
0.00384122
0.00453209
0.00522639
0.00587432
0.00640337
0.00677218
0.0068648
-4.39195e-06
7.40337e-09
5.04395e-05
0.000132401
0.000252955
0.000414903
0.00062275
0.000881701
0.00119751
0.00157612
0.00202279
0.00254078
0.00312938
0.00378055
0.00447571
0.00518202
0.0058504
0.00640284
0.0067927
0.00688683
-7.20077e-05
-6.98939e-05
-2.25141e-05
5.42612e-05
0.000167741
0.000320619
0.000517478
0.000763759
0.00106573
0.00143025
0.00186426
0.00237339
0.00296047
0.00362266
0.00434606
0.00509993
0.00583217
0.0064548
0.00690208
0.00701375
-0.000184997
-0.000185021
-0.000142464
-7.37118e-05
2.86753e-05
0.000167254
0.000346657
0.000572574
0.0008519
0.00119276
0.00160431
0.0020962
0.00267648
0.00334884
0.00410689
0.0049249
0.00575518
0.00649446
0.00704156
0.00719692
-0.00034614
-0.000348863
-0.000313078
-0.000255267
-0.000168022
-4.90603e-05
0.000106105
0.000303191
0.000549596
0.000854639
0.00122985
0.00168901
0.00224744
0.00291882
0.00370976
0.00460849
0.00556137
0.00646712
0.00716832
0.00741371
-0.000552269
-0.000558228
-0.000530986
-0.000486928
-0.000418888
-0.000325072
-0.000201486
-4.28627e-05
0.00015797
0.000410814
0.000728767
0.00112902
0.00163349
0.00226803
0.00305626
0.00400839
0.00509759
0.0062209
0.00714368
0.00755725
-0.000798698
-0.000808354
-0.000791173
-0.000763406
-0.000718391
-0.000655158
-0.000570738
-0.000461062
-0.000320276
-0.000139873
9.26129e-05
0.000395297
0.000793554
0.00132207
0.00202478
0.00294303
0.00409221
0.00541
0.00657141
0.0072972
-0.00107978
-0.00109347
-0.00108744
-0.00107793
-0.00105908
-0.00103116
-0.000992913
-0.000942459
-0.000876745
-0.000790767
-0.000676369
-0.00052031
-0.000301284
1.40758e-05
0.000474601
0.00114297
0.00207522
0.00331408
0.00454978
0.00567013
-0.0013891
-0.00140693
-0.00141249
-0.00142225
-0.00143145
-0.00144203
-0.00145519
-0.00147235
-0.00149502
-0.00152452
-0.0015614
-0.00160426
-0.00164823
-0.00168143
-0.00168466
-0.00162369
-0.00145221
-0.000954236
0.000146501
0.00247081
-0.00171978
-0.00174152
-0.00175796
-0.00178656
-0.00182355
-0.0018733
-0.00193978
-0.00202858
-0.00214718
-0.00230559
-0.00251747
-0.0028005
-0.00318013
-0.00368539
-0.00435444
-0.00513763
-0.00587758
-0.00519152
-0.00176171
0.00064518
-0.00206569
-0.00209125
-0.00211694
-0.0021627
-0.00222476
-0.00231099
-0.00242821
-0.00258675
-0.0028009
-0.00309065
-0.00348631
-0.0040261
-0.00477591
-0.00578599
-0.00715653
-0.00861437
-0.00982039
-0.00737704
-0.00207976
-0.000560712
-0.00242001
-0.00244698
-0.0024766
-0.0025337
-0.00261458
-0.00273108
-0.00289134
-0.0031099
-0.00340728
-0.00381039
-0.0043673
-0.00512809
-0.00621583
-0.00764362
-0.00971328
-0.0117161
-0.0140811
-0.0114567
-0.0079087
-0.00425988
-0.00278536
-0.00281759
-0.00284768
-0.00291617
-0.00300667
-0.00314186
-0.00332895
-0.00358771
-0.00394429
-0.00442743
-0.00510103
-0.00602274
-0.00738075
-0.00911109
-0.0119437
-0.0144489
-0.019814
-0.0183063
-0.0168259
-0.0095402
-0.00315148
-0.00316988
-0.00318192
-0.00322996
-0.00331521
-0.00345779
-0.00366466
-0.00395129
-0.00434643
-0.00487546
-0.00561269
-0.00658883
-0.0080801
-0.0098926
-0.0131791
-0.0158978
-0.0234196
-0.0223946
-0.0211219
-0.0129716
-0.00352496
-0.00358956
-0.0035803
-0.00366569
-0.00372776
-0.00385942
-0.00404092
-0.00430459
-0.00468251
-0.0051946
-0.00591638
-0.00683825
-0.00828661
-0.00993451
-0.013001
-0.0155935
-0.0215185
-0.0208329
-0.0199648
-0.0120819
-0.00406967
-0.00393275
-0.00385746
-0.00378074
-0.0038027
-0.00390863
-0.00410104
-0.00438201
-0.00476911
-0.00526711
-0.00594446
-0.00675881
-0.0080094
-0.00926724
-0.0115855
-0.0130441
-0.0163886
-0.0147824
-0.0155701
-0.00656241
-0.00417606
-0.0045611
-0.00438127
-0.00455879
-0.00447337
-0.0045371
-0.00460727
-0.00477978
-0.00505613
-0.00544191
-0.00600232
-0.00665802
-0.00770226
-0.00860396
-0.0104008
-0.0109281
-0.0128587
-0.0100093
-0.010483
0.00318244
-0.00618626
-0.00476249
-0.00455664
-0.00405107
-0.00394402
-0.00396124
-0.0041287
-0.00437392
-0.00472772
-0.0051302
-0.00568793
-0.00624888
-0.00709959
-0.00769944
-0.00882347
-0.0086955
-0.00948529
-0.00601258
-0.00412288
0.0199821
-0.00453375
-0.00687364
-0.00578917
-0.00606606
-0.00552022
-0.00539101
-0.00522654
-0.00522097
-0.00535123
-0.00557618
-0.00598895
-0.00645411
-0.00728799
-0.00795008
-0.0094673
-0.00954792
-0.0108406
-0.00457589
0.00266057
0.0457592
-0.017888
-0.0052604
-0.0044654
-0.00386088
-0.0036134
-0.00359162
-0.0038093
-0.00402824
-0.00442315
-0.00473759
-0.00534803
-0.00578007
-0.00662
-0.006932
-0.00752615
-0.00560406
-0.00153336
0.0157667
0.046026
0.120298
)
;

boundaryField
{
    movingWall
    {
        type            zeroGradient;
    }
    fixedWalls
    {
        type            zeroGradient;
    }
}


// ************************************************************************* //
