/*--------------------------------*- C++ -*----------------------------------*\
  =========                 |
  \\      /  F ield         | OpenFOAM: The Open Source CFD Toolbox
   \\    /   O peration     | Website:  https://openfoam.org
    \\  /    A nd           | Version:  9
     \\/     M anipulation  |
\*---------------------------------------------------------------------------*/
FoamFile
{
    format      ascii;
    class       volScalarField;
    location    "9";
    object      p;
}
// * * * * * * * * * * * * * * * * * * * * * * * * * * * * * * * * * * * * * //

dimensions      [0 2 -2 0 0 0 0];

internalField   nonuniform List<scalar> 
8000
(
-3.09674e-06
2.54065e-06
5.26566e-05
0.000135791
0.000257578
0.00042033
0.000627606
0.000883357
0.00119158
0.00155571
0.00197778
0.00245741
0.00299001
0.00356478
0.00416218
0.00475221
0.00529464
0.00573455
0.00604101
0.00612741
-1.22558e-05
-6.35783e-06
4.40203e-05
0.000125763
0.000245199
0.000404661
0.000607808
0.000858686
0.00116146
0.00151998
0.00193691
0.00241278
0.0029438
0.00352016
0.00412355
0.00472665
0.00528729
0.00574708
0.00607167
0.00616226
-7.64868e-05
-7.26025e-05
-2.47632e-05
5.2684e-05
0.000166409
0.000318758
0.000513618
0.000755427
0.00104902
0.00139923
0.00181029
0.00228462
0.00282167
0.00341504
0.00404898
0.00469568
0.00531121
0.00582891
0.00620122
0.00631066
-0.000182825
-0.000180888
-0.000137073
-6.62676e-05
3.84943e-05
0.000179601
0.000361241
0.000588362
0.000866696
0.0012026
0.0016026
0.00207249
0.00261565
0.00323067
0.00390718
0.00461745
0.00531982
0.0059358
0.00639292
0.00654765
-0.000333892
-0.000334454
-0.000296319
-0.000234618
-0.000142184
-1.66659e-05
0.000146357
0.000352352
0.000608015
0.000921369
0.00130168
0.00175896
0.00230258
0.00293838
0.0036637
0.00445869
0.00528047
0.00604316
0.00663253
0.00687551
-0.0005273
-0.000530917
-0.000500054
-0.000449983
-0.000373464
-0.000268336
-0.000130175
4.6706e-05
0.000269721
0.000548307
0.000894294
0.00132207
0.00184809
0.00248836
0.00325325
0.00413796
0.00510396
0.00607015
0.0068622
0.00726738
-0.000759504
-0.000766706
-0.000744612
-0.000708663
-0.000651736
-0.000572128
-0.000465806
-0.00032742
-0.000149627
7.7623e-05
0.000367817
0.000738769
0.00121348
0.00181991
0.00258657
0.0035307
0.00463718
0.00585921
0.00693006
0.00762773
-0.00102614
-0.00103739
-0.00102532
-0.00100572
-0.000971831
-0.000922776
-0.000855492
-0.000765741
-0.000647396
-0.000491594
-0.000285438
-1.02293e-05
0.000360478
0.000862951
0.0015449
0.00245971
0.00364858
0.00504222
0.00644124
0.00762635
-0.00132207
-0.00133768
-0.00133645
-0.00133481
-0.00132667
-0.00131244
-0.00129073
-0.00125943
-0.0012151
-0.00115227
-0.00106219
-0.000930979
-0.000736639
-0.000444172
-1.7298e-06
0.000664076
0.00165216
0.0030696
0.00451847
0.00607807
-0.0016417
-0.00166172
-0.00167127
-0.00168812
-0.00170702
-0.00173019
-0.00175865
-0.00179341
-0.00183536
-0.00188498
-0.00194181
-0.00200334
-0.00206374
-0.00210932
-0.00211759
-0.00204413
-0.00179881
-0.00105333
0.000387692
0.0034392
-0.00197965
-0.00200419
-0.00202358
-0.00205829
-0.00210331
-0.00216383
-0.00224369
-0.00234795
-0.00248336
-0.00265904
-0.0028875
-0.00318469
-0.00357386
-0.00407888
-0.00473095
-0.00547807
-0.00619501
-0.00525218
-0.00162784
0.00200677
-0.00233019
-0.00235723
-0.00238222
-0.00243061
-0.00249783
-0.00259269
-0.0027208
-0.00289172
-0.00311824
-0.00341818
-0.00381958
-0.00435696
-0.00509583
-0.00608748
-0.00744773
-0.00896459
-0.0105394
-0.00888046
-0.00376231
-0.000898078
-0.00269582
-0.00273012
-0.00275824
-0.00282156
-0.00290371
-0.00302396
-0.00318853
-0.0034129
-0.00371621
-0.00412369
-0.00468269
-0.00543558
-0.00650964
-0.00792278
-0.0100569
-0.0122693
-0.0155444
-0.0147233
-0.0114764
-0.00666341
-0.00306424
-0.00308485
-0.0030983
-0.00314646
-0.00323097
-0.00336886
-0.00356672
-0.0038385
-0.00420542
-0.00469131
-0.005361
-0.00626103
-0.00758321
-0.00927776
-0.0122174
-0.0149607
-0.0211095
-0.021588
-0.0206736
-0.01208
-0.0034503
-0.00351972
-0.00351588
-0.00360542
-0.00367456
-0.0038096
-0.00399526
-0.00426377
-0.00463905
-0.00514976
-0.00586419
-0.00680628
-0.00824208
-0.00996428
-0.013297
-0.016297
-0.0239798
-0.0242188
-0.0242555
-0.0143228
-0.00399234
-0.00386149
-0.00379586
-0.00373307
-0.00376971
-0.00389294
-0.00410456
-0.00440572
-0.00481781
-0.00535291
-0.00607827
-0.00698582
-0.00837313
-0.00992482
-0.0128987
-0.015429
-0.0212374
-0.0214342
-0.0218371
-0.0110702
-0.00412866
-0.00452248
-0.00435369
-0.00454403
-0.00447885
-0.00456265
-0.00465995
-0.00486341
-0.00517691
-0.00561952
-0.0062504
-0.00702788
-0.00825131
-0.00948025
-0.0118801
-0.0134167
-0.0170307
-0.0158423
-0.0155714
-0.000109897
-0.0061285
-0.00470941
-0.00451933
-0.00403713
-0.00395672
-0.00400937
-0.00421331
-0.00449529
-0.00490094
-0.00537121
-0.00601193
-0.00669703
-0.00773428
-0.00858634
-0.0101715
-0.0105228
-0.0120618
-0.0092348
-0.00682876
0.0183215
-0.00450019
-0.00685181
-0.00579523
-0.0060973
-0.00558057
-0.0054771
-0.00534974
-0.00537364
-0.00555045
-0.00584234
-0.00632782
-0.00689187
-0.00789785
-0.00873998
-0.01065
-0.0111126
-0.012943
-0.00698714
0.00150351
0.0444017
-0.0178206
-0.00520775
-0.00444964
-0.00387555
-0.00365089
-0.00366396
-0.00392662
-0.00417048
-0.00462024
-0.00500913
-0.00569774
-0.00622658
-0.00727587
-0.00779136
-0.00871858
-0.00715922
-0.00338233
0.0138291
0.0450105
0.119564
5.23494e-07
1.60703e-06
5.14721e-05
0.000134266
0.000256194
0.000419282
0.0006271
0.000883683
0.00119315
0.00155915
0.00198397
0.00246755
0.00300566
0.00358764
0.00419424
0.00479517
0.00534899
0.00579718
0.00610792
0.00618264
-1.9155e-06
-9.0882e-07
4.97998e-05
0.000131326
0.000250805
0.000410325
0.000613572
0.000864658
0.00116788
0.0015272
0.00194555
0.00242387
0.00295879
0.00354096
0.00415302
0.00476617
0.00533821
0.00580699
0.006137
0.0062165
-6.41835e-05
-6.58635e-05
-1.76478e-05
5.95473e-05
0.000173285
0.000325643
0.000520534
0.000762456
0.00105637
0.00140736
0.00181988
0.00229681
0.00283828
0.00343867
0.00408297
0.00474307
0.00537455
0.00590609
0.00628738
0.00638703
-0.000168988
-0.00017291
-0.000128659
-5.81034e-05
4.66798e-05
0.0001878
0.000369477
0.000596719
0.000875389
0.0012121
0.00161379
0.00208679
0.00263528
0.00325855
0.0039477
0.00467859
0.00540529
0.00604601
0.00652139
0.0066741
-0.000319365
-0.000326014
-0.00028741
-0.000225931
-0.000133412
-7.78017e-06
0.000155422
0.00036173
0.000617988
0.000932501
0.00131502
0.00177636
0.00232714
0.00297492
0.00371827
0.00454199
0.00540336
0.00621213
0.00684254
0.00711857
-0.000512416
-0.000522343
-0.000490992
-0.000441112
-0.000364433
-0.000259066
-0.000120535
5.69395e-05
0.000280934
0.000561203
0.000910159
0.0013432
0.00187856
0.00253491
0.00332678
0.00425143
0.00528506
0.00634048
0.00722666
0.00777578
-0.000744402
-0.000758151
-0.000735564
-0.00069979
-0.000642651
-0.000562699
-0.00045583
-0.000316584
-0.000137413
9.20881e-05
0.000386051
0.00076354
0.00124985
0.00187703
0.00267941
0.00368213
0.00490149
0.00628469
0.00757085
0.00872342
-0.00101091
-0.00102896
-0.00101643
-0.000997026
-0.000962921
-0.000913472
-0.000845522
-0.000754705
-0.000634678
-0.000476194
-0.000265645
1.69295e-05
0.000400433
0.000925927
0.00164892
0.00263855
0.00396177
0.00567826
0.00757359
0.00979098
-0.00130676
-0.00132948
-0.00132786
-0.0013265
-0.00131822
-0.00130363
-0.00128124
-0.0012488
-0.00120266
-0.00113701
-0.0010426
-0.000904601
-0.000699217
-0.000388202
8.45852e-05
0.000801631
0.00190953
0.00356104
0.0055132
0.00864295
-0.00162626
-0.00165367
-0.00166292
-0.00168014
-0.00169907
-0.00172208
-0.00175
-0.00178371
-0.00182389
-0.00187082
-0.00192393
-0.00198111
-0.00203798
-0.00208675
-0.00212508
-0.00215183
-0.00203444
-0.00126295
9.44885e-05
0.00429546
-0.00196414
-0.00199672
-0.00201619
-0.00205157
-0.00209692
-0.00215741
-0.00223685
-0.00234032
-0.00247436
-0.00264825
-0.0028751
-0.00317413
-0.00357581
-0.00412992
-0.0049426
-0.00611893
-0.00757819
-0.00744646
-0.00503551
-0.000326166
-0.0023133
-0.00234827
-0.00237332
-0.00242214
-0.00249032
-0.00258578
-0.00271432
-0.00288489
-0.00311033
-0.00340917
-0.00381003
-0.00435659
-0.00512721
-0.0062301
-0.00790608
-0.0101869
-0.0132077
-0.0133671
-0.0104093
-0.005654
-0.0026789
-0.00272432
-0.00275348
-0.00281841
-0.00290208
-0.00302265
-0.00318722
-0.00341083
-0.00371264
-0.00412018
-0.00467776
-0.00544631
-0.00656003
-0.0081328
-0.0106568
-0.0138359
-0.0189583
-0.0198827
-0.018923
-0.0125023
-0.00303891
-0.00307027
-0.0030847
-0.00313274
-0.00321999
-0.00335921
-0.00355881
-0.0038315
-0.00419747
-0.00468573
-0.00535295
-0.00625682
-0.00762192
-0.00940138
-0.0128147
-0.0163263
-0.0241204
-0.0250173
-0.0264545
-0.0172726
-0.00341662
-0.00350941
-0.00350868
-0.00360215
-0.00367573
-0.00381072
-0.00399641
-0.00426397
-0.00463575
-0.00514358
-0.00585199
-0.00676997
-0.00827613
-0.00982334
-0.0139033
-0.0170937
-0.02574
-0.0255713
-0.0280639
-0.018095
-0.00393565
-0.00383263
-0.00376893
-0.0036978
-0.00374166
-0.00386863
-0.00408358
-0.00438841
-0.00479901
-0.00532875
-0.00605073
-0.00691128
-0.00831921
-0.00982406
-0.0130272
-0.01573
-0.0218385
-0.0219709
-0.0247009
-0.0130123
-0.00390249
-0.00439453
-0.00430523
-0.00452235
-0.00447193
-0.00455457
-0.00464947
-0.00485017
-0.00515706
-0.00558517
-0.00620279
-0.00694095
-0.00813534
-0.00932752
-0.011788
-0.0135123
-0.0172634
-0.0164996
-0.0176663
-0.000693793
-0.00600567
-0.00472197
-0.00448566
-0.00388507
-0.00382323
-0.00389915
-0.00411748
-0.00442426
-0.00483062
-0.00529758
-0.0059203
-0.00658803
-0.00755584
-0.00841878
-0.00991694
-0.0105331
-0.0117801
-0.00982887
-0.0076231
0.0185846
-0.00299494
-0.00614348
-0.00538966
-0.00586527
-0.00539653
-0.00538428
-0.0052751
-0.00533327
-0.00550344
-0.00579863
-0.00622696
-0.00677667
-0.00767746
-0.00852124
-0.0103923
-0.0113387
-0.0135043
-0.00879572
0.000392338
0.0463382
-0.0172062
-0.00449689
-0.00364077
-0.00334083
-0.00326843
-0.00335842
-0.00365206
-0.00394399
-0.00439735
-0.00482612
-0.00543692
-0.00603084
-0.00690708
-0.00759723
-0.00833201
-0.00716195
-0.00336844
0.0140248
0.0508734
0.135109
7.1516e-06
6.53778e-06
5.64475e-05
0.000139293
0.000261643
0.000425456
0.000634396
0.000892637
0.00120451
0.00157392
0.00200352
0.00249365
0.00304049
0.00363381
0.00425444
0.0048712
0.0054411
0.00590223
0.00622119
0.00629219
7.73241e-06
6.78909e-06
5.77257e-05
0.000139263
0.000259042
0.00041909
0.000623196
0.000875609
0.00118081
0.00154309
0.00196576
0.0024502
0.00299347
0.00358651
0.00421354
0.00484382
0.00543384
0.00591776
0.00625787
0.00633426
-5.30692e-05
-5.69959e-05
-8.53331e-06
6.86223e-05
0.000182604
0.00033542
0.0005311
0.000774294
0.00107018
0.00142417
0.00184122
0.00232482
0.00287582
0.00348945
0.00415134
0.00483306
0.00548838
0.00604131
0.0064376
0.00653609
-0.000156523
-0.000162852
-0.000118332
-4.78494e-05
5.71427e-05
0.000198682
0.00038112
0.000609636
0.000890354
0.00123027
0.0016369
0.00211741
0.00267689
0.00331494
0.00402767
0.00478778
0.00554855
0.00622301
0.00672258
0.00687998
-0.000305977
-0.000315145
-0.000276256
-0.000214867
-0.000122144
3.91353e-06
0.000167908
0.000375569
0.000634043
0.000952102
0.00134022
0.00181034
0.00237484
0.00304417
0.00381419
0.00467736
0.00558886
0.00645218
0.00712638
0.00742092
-0.000498271
-0.000510817
-0.000479171
-0.000429399
-0.000352529
-0.000246742
-0.000107402
7.14799e-05
0.000297812
0.00058188
0.000936944
0.00137975
0.00193059
0.0026109
0.00343714
0.00441633
0.00552383
0.00666903
0.00763785
0.00824009
-0.000729499
-0.000745992
-0.000723115
-0.000687495
-0.000630219
-0.000549909
-0.000442299
-0.000301722
-0.000120296
0.000112926
0.000412951
0.000800316
0.00130283
0.00195658
0.00280285
0.00386965
0.00519217
0.00672166
0.00816489
0.00939243
-0.000995132
-0.00101611
-0.00100332
-0.000984165
-0.000950045
-0.000900393
-0.000831905
-0.000740037
-0.000618171
-0.000456607
-0.000240976
5.0002e-05
0.00044758
0.000996882
0.00175767
0.00279293
0.00426278
0.00620598
0.008343
0.0105177
-0.0012899
-0.00131579
-0.00131399
-0.00131303
-0.00130495
-0.00129043
-0.00126787
-0.00123491
-0.00118776
-0.00112041
-0.00102325
-0.000880969
-0.000668663
-0.000345999
0.00014645
0.000905604
0.00206004
0.0039185
0.00620579
0.00942017
-0.00160791
-0.00163878
-0.00164793
-0.00166577
-0.00168521
-0.00170868
-0.00173697
-0.00177093
-0.00181128
-0.00185845
-0.00191234
-0.00197202
-0.00203505
-0.00209867
-0.00217609
-0.00228592
-0.00223011
-0.00114431
0.00101026
0.00526564
-0.00194378
-0.00198036
-0.00199999
-0.00203635
-0.00208261
-0.00214398
-0.00222433
-0.00232893
-0.00246459
-0.00264122
-0.00287351
-0.00318391
-0.00360918
-0.00421445
-0.00513888
-0.00651494
-0.00829998
-0.008022
-0.0053448
-0.000770501
-0.00228934
-0.00232853
-0.00235389
-0.00240384
-0.00247351
-0.00257053
-0.00270082
-0.00287337
-0.00310155
-0.00340487
-0.00381391
-0.00437805
-0.00518488
-0.00636817
-0.00822207
-0.0108698
-0.0144427
-0.0150574
-0.013033
-0.00773858
-0.00265035
-0.00270091
-0.00273082
-0.00279751
-0.00288335
-0.00300601
-0.00317282
-0.00339895
-0.00370391
-0.00411652
-0.00468169
-0.00546858
-0.00661537
-0.00828429
-0.0109985
-0.0145185
-0.0202031
-0.0216575
-0.021435
-0.0142708
-0.00300084
-0.00303861
-0.00305436
-0.00310399
-0.00319406
-0.00333573
-0.0035381
-0.00381358
-0.0041822
-0.00467467
-0.00534487
-0.00626056
-0.00763539
-0.00949301
-0.0129578
-0.0165802
-0.024134
-0.0254594
-0.0264254
-0.0181222
-0.00336201
-0.00346355
-0.00346594
-0.00356233
-0.00364091
-0.00377941
-0.00396837
-0.00423863
-0.0046118
-0.00512075
-0.00582323
-0.00675207
-0.00822305
-0.00990188
-0.0137562
-0.0168689
-0.0242255
-0.0249449
-0.0263783
-0.0178867
-0.00387039
-0.00377915
-0.00371739
-0.00364468
-0.00369206
-0.00382164
-0.00403974
-0.00434767
-0.00475827
-0.00528804
-0.00599543
-0.00684428
-0.00822775
-0.00971006
-0.01273
-0.0153055
-0.0203627
-0.0203917
-0.0221374
-0.012163
-0.00373266
-0.00425764
-0.00420281
-0.00442932
-0.00439235
-0.00448096
-0.00458128
-0.00478586
-0.00509344
-0.00552435
-0.00612813
-0.00684123
-0.00799135
-0.00918259
-0.0114585
-0.0131916
-0.0161705
-0.0153099
-0.0152216
-0.000296608
-0.0059431
-0.00468366
-0.00441244
-0.00376477
-0.00370261
-0.00378215
-0.00400495
-0.00432277
-0.00473053
-0.00521022
-0.00581338
-0.00647058
-0.00737479
-0.00825625
-0.00956754
-0.0103091
-0.0110554
-0.00944723
-0.00627999
0.0188457
-0.00252562
-0.00574838
-0.00510837
-0.00561426
-0.00516087
-0.0051813
-0.00508548
-0.00515785
-0.00533761
-0.00564223
-0.0060558
-0.0066032
-0.0074408
-0.00832642
-0.0100411
-0.0112313
-0.013187
-0.00881757
0.000856428
0.0470883
-0.0170952
-0.00426612
-0.00335155
-0.00311484
-0.00304526
-0.00315414
-0.00344244
-0.00376067
-0.00420377
-0.00465893
-0.0052129
-0.00584114
-0.00662324
-0.00732505
-0.00798254
-0.00688684
-0.00301224
0.0145835
0.0525579
0.137572
1.45971e-05
1.3044e-05
6.30583e-05
0.000146104
0.00026907
0.000433911
0.000644409
0.000904919
0.00122002
0.00159397
0.00202982
0.00252834
0.00308615
0.00369335
0.00433081
0.00496645
0.00555557
0.00603269
0.00636246
0.00643256
1.67851e-05
1.48783e-05
6.60197e-05
0.000147755
0.000268094
0.000429058
0.000634568
0.000889057
0.00119727
0.00156383
0.00199253
0.00248523
0.00303949
0.00364691
0.00429168
0.00494248
0.00555401
0.00605646
0.00640943
0.00648558
-4.30018e-05
-4.80164e-05
6.58443e-07
7.7983e-05
0.000192493
0.000346188
0.000543238
0.000788492
0.00108742
0.00144584
0.00186925
0.0023618
0.00292516
0.00355528
0.00423864
0.00494607
0.0056295
0.00620799
0.0066228
0.00672253
-0.000145411
-0.000152903
-0.000108161
-3.75351e-05
6.79582e-05
0.000210345
0.000394133
0.000624725
0.000908574
0.00125316
0.00166667
0.00215724
0.00273119
0.00338996
0.00412881
0.00492288
0.00572322
0.0064369
0.00696554
0.00712796
-0.000294051
-0.000304465
-0.000265357
-0.00020385
-0.000110644
1.62464e-05
0.000181594
0.000391372
0.000653103
0.000976123
0.00137174
0.00185311
0.00243419
0.00312706
0.00393173
0.00484129
0.0058099
0.00673479
0.00745924
0.00776762
-0.000485631
-0.000499522
-0.000467671
-0.000417821
-0.000340508
-0.000233932
-9.32813e-05
8.76904e-05
0.000317294
0.000606448
0.000969387
0.00142437
0.001994
0.00270308
0.00357222
0.00461107
0.00579889
0.00704043
0.00809802
0.00873032
-0.000716157
-0.000734107
-0.000711059
-0.000675432
-0.000617802
-0.000536818
-0.00042805
-0.000285591
-0.000101168
0.000136786
0.000444265
0.000843409
0.00136461
0.00204796
0.00294077
0.00407962
0.00550607
0.00717952
0.00877815
0.0100357
-0.000981015
-0.00100358
-0.000990679
-0.000971631
-0.000937318
-0.000887211
-0.000817875
-0.000724586
-0.000600437
-0.000435263
-0.000213905
8.62352e-05
0.000498706
0.00107252
0.00187335
0.00297896
0.0045442
0.00666385
0.00901604
0.011198
-0.00127481
-0.00130244
-0.00130063
-0.00129996
-0.00129192
-0.00127728
-0.00125436
-0.00122074
-0.00117254
-0.00110364
-0.00100434
-0.00085921
-0.000643294
-0.000316703
0.00017579
0.000915526
0.00207185
0.00404035
0.00666998
0.00989687
-0.00159146
-0.00162422
-0.00163349
-0.00165183
-0.00167164
-0.00169544
-0.00172401
-0.00175829
-0.00179921
-0.00184768
-0.00190456
-0.00197102
-0.00204914
-0.0021465
-0.00230224
-0.00257491
-0.00275105
-0.00169815
0.000802016
0.00497052
-0.00192539
-0.00196413
-0.0019841
-0.00202129
-0.0020683
-0.00213048
-0.00221178
-0.00231779
-0.00245588
-0.00263717
-0.00287883
-0.0032089
-0.0036755
-0.00436715
-0.00547781
-0.00723024
-0.00953115
-0.00953611
-0.00709492
-0.00227702
-0.00226769
-0.00230923
-0.00233508
-0.00238607
-0.00245688
-0.00255523
-0.00268717
-0.002862
-0.00309391
-0.00340421
-0.00382718
-0.0044203
-0.00528711
-0.00659219
-0.00867681
-0.0117495
-0.0161165
-0.0172311
-0.015938
-0.0102275
-0.00262417
-0.00267759
-0.00270844
-0.00277679
-0.00286433
-0.00298875
-0.00315755
-0.00338627
-0.00369524
-0.00411509
-0.00469403
-0.00550911
-0.00671272
-0.00848667
-0.0114325
-0.0152563
-0.0217114
-0.0234531
-0.0241414
-0.0168306
-0.00296645
-0.00300799
-0.00302507
-0.00307632
-0.0031682
-0.00331168
-0.00351615
-0.00379408
-0.00416588
-0.00466362
-0.00534203
-0.00627489
-0.00768336
-0.00957969
-0.013163
-0.0168873
-0.0245976
-0.0260086
-0.02766
-0.0196989
-0.00331427
-0.00342105
-0.00342624
-0.00352588
-0.00360783
-0.00374889
-0.00393995
-0.00421172
-0.00458564
-0.00509576
-0.00579734
-0.00672636
-0.00820155
-0.0098809
-0.0135843
-0.0167915
-0.0236495
-0.0245039
-0.0267407
-0.018043
-0.00380722
-0.0037241
-0.00366661
-0.00359545
-0.00364442
-0.00377567
-0.00399531
-0.00430436
-0.00471416
-0.00524219
-0.00594112
-0.00677553
-0.00813747
-0.0095801
-0.0124466
-0.0148776
-0.0195067
-0.0192616
-0.021559
-0.011327
-0.00361758
-0.00416052
-0.00412034
-0.00435679
-0.00432749
-0.00442089
-0.00452381
-0.00472872
-0.00503379
-0.00546031
-0.00605119
-0.00674344
-0.00786249
-0.00901716
-0.0111806
-0.0128181
-0.0155347
-0.0144165
-0.0145915
0.000547099
-0.00582175
-0.00458472
-0.00433744
-0.00367315
-0.00360764
-0.00368866
-0.00391276
-0.00423362
-0.00463971
-0.0051183
-0.00570658
-0.00635133
-0.00721294
-0.00807588
-0.00928483
-0.010038
-0.010672
-0.00909627
-0.00632959
0.0196158
-0.00223761
-0.00558775
-0.0049591
-0.00549092
-0.00503781
-0.0050688
-0.00497732
-0.00504903
-0.00522628
-0.00552634
-0.00592644
-0.00645639
-0.00726073
-0.00814721
-0.00977639
-0.0110401
-0.0130823
-0.00860557
0.000455527
0.0486085
-0.0169081
-0.00406174
-0.0031153
-0.00290363
-0.00285406
-0.00298002
-0.00327902
-0.00360548
-0.00405158
-0.00451078
-0.00504856
-0.00567211
-0.00642059
-0.00708996
-0.00772067
-0.00655376
-0.00280049
0.0153667
0.0531617
0.140589
2.22086e-05
2.04097e-05
7.06861e-05
0.000154164
0.000277954
0.000444068
0.000656443
0.000919638
0.00123851
0.00161766
0.00206055
0.0025684
0.00313824
0.00376046
0.00441578
0.0050713
0.00568052
0.0061746
0.00651603
0.00658669
2.50659e-05
2.28535e-05
7.42824e-05
0.00015644
0.00027758
0.000439776
0.000647106
0.000904209
0.00121611
0.00158781
0.00202353
0.00252564
0.00309217
0.00371528
0.00437902
0.0050514
0.00568526
0.006207
0.00657339
0.00665039
-3.41025e-05
-3.94797e-05
9.48149e-06
8.72077e-05
0.0002025
0.000357407
0.000556269
0.000804158
0.00110685
0.00147058
0.00190141
0.00240411
0.00298114
0.00362913
0.00433498
0.00506888
0.00578072
0.00638476
0.00681772
0.00691833
-0.000135806
-0.000143698
-9.86745e-05
-2.76727e-05
7.85757e-05
0.00022215
0.000407738
0.000640988
0.000928705
0.00127886
0.00170032
0.00220211
0.00279171
0.00347209
0.00423808
0.00506624
0.00590514
0.00665577
0.00721119
0.00737434
-0.00028382
-0.000294675
-0.0002553
-0.00019345
-9.95262e-05
2.85127e-05
0.00019563
0.000408069
0.000673745
0.00100257
0.00140665
0.00190029
0.00249885
0.00321604
0.00405545
0.00500982
0.00603172
0.00701144
0.00777844
0.00808623
-0.000474805
-0.000489183
-0.000457094
-0.000406957
-0.000328995
-0.000221357
-7.90411e-05
0.000104478
0.000337927
0.000632853
0.00100444
0.00147235
0.00206131
0.00279892
0.00370918
0.00480295
0.00606237
0.00738525
0.00851387
0.00913636
-0.000704715
-0.000723206
-0.000699968
-0.000664146
-0.00060599
-0.000524116
-0.000413921
-0.000269249
-8.14369e-05
0.000161679
0.00047702
0.000888145
0.0014276
0.00213844
0.00307355
0.004275
0.00578933
0.00757917
0.00930132
0.0105012
-0.000968859
-0.000992025
-0.000979013
-0.000959905
-0.00092526
-0.000874546
-0.000804195
-0.000709313
-0.000582726
-0.000413855
-0.000186879
0.000121885
0.000547804
0.0011429
0.00197607
0.00313177
0.00477238
0.00702844
0.00955612
0.0115922
-0.00126173
-0.00129004
-0.00128822
-0.00128767
-0.00127958
-0.00126472
-0.00124139
-0.0012071
-0.00115796
-0.00108783
-0.000987044
-0.000840351
-0.000623296
-0.000297374
0.000187653
0.000901916
0.00202226
0.00406925
0.00695581
0.0100568
-0.00157707
-0.00161058
-0.00161998
-0.00163866
-0.00165874
-0.0016828
-0.00171168
-0.00174645
-0.00178831
-0.00183873
-0.00189974
-0.00197474
-0.00207036
-0.00220425
-0.00243878
-0.00286816
-0.00330713
-0.00227051
0.000566435
0.00478963
-0.00190911
-0.00194872
-0.001969
-0.00200682
-0.00205445
-0.00211739
-0.00219974
-0.00230743
-0.00244848
-0.00263532
-0.00288758
-0.00323829
-0.00374569
-0.00451811
-0.00579035
-0.0078385
-0.0107212
-0.0108291
-0.00831462
-0.00305266
-0.00224844
-0.00229095
-0.00231728
-0.0023691
-0.00244084
-0.00254037
-0.00267395
-0.0028513
-0.00308751
-0.00340562
-0.00384312
-0.00446429
-0.00538677
-0.00680102
-0.00911562
-0.0125636
-0.0176772
-0.0188256
-0.0176408
-0.0113033
-0.00260072
-0.00265526
-0.00268681
-0.00275642
-0.00284525
-0.00297121
-0.00314194
-0.00337343
-0.00368685
-0.00411452
-0.00470746
-0.00554968
-0.00680922
-0.00867869
-0.0118507
-0.0159113
-0.0229805
-0.0243753
-0.0246909
-0.017629
-0.00293657
-0.00297974
-0.00299778
-0.0030504
-0.0031435
-0.00328838
-0.00349454
-0.00377469
-0.00414971
-0.00465271
-0.00534011
-0.00628864
-0.00773483
-0.00965756
-0.0133741
-0.0171446
-0.0249196
-0.0258009
-0.0273202
-0.0199327
-0.00327493
-0.00338353
-0.00338978
-0.00349173
-0.00357557
-0.00371847
-0.00391096
-0.00418384
-0.00455853
-0.00506931
-0.0057716
-0.00669837
-0.00818552
-0.00985085
-0.0134876
-0.0166695
-0.0230654
-0.023493
-0.0256171
-0.01754
-0.0037561
-0.00367688
-0.00362099
-0.00355251
-0.0036021
-0.00373423
-0.00395433
-0.00426335
-0.00467185
-0.0051969
-0.00588868
-0.00671147
-0.00805288
-0.00945767
-0.0121859
-0.0144566
-0.0186113
-0.0178736
-0.0199938
-0.0104836
-0.00354976
-0.00409778
-0.00405428
-0.00429754
-0.00427113
-0.00436748
-0.00447138
-0.00467546
-0.00497769
-0.00539834
-0.00597888
-0.00665523
-0.00774449
-0.00885591
-0.0109133
-0.0124286
-0.0148365
-0.0133597
-0.0133952
0.001214
-0.00573156
-0.00451856
-0.00425737
-0.00360666
-0.00353789
-0.00361918
-0.00384217
-0.00416199
-0.0045651
-0.00503905
-0.00561533
-0.00624435
-0.00707545
-0.00790688
-0.00902377
-0.00972218
-0.0102031
-0.00850196
-0.00576193
0.020127
-0.00213258
-0.00551015
-0.00487456
-0.00541404
-0.00495952
-0.00499117
-0.00489937
-0.00496736
-0.0051397
-0.00543322
-0.00582389
-0.00633599
-0.00712184
-0.00798781
-0.0095326
-0.0107912
-0.0127371
-0.00817112
0.00079674
0.0494034
-0.0168252
-0.00397059
-0.00300316
-0.00279327
-0.00274972
-0.00287907
-0.00317928
-0.00350533
-0.00394946
-0.00440721
-0.00493294
-0.00554701
-0.00627263
-0.00691448
-0.00748685
-0.00625566
-0.00241298
0.0159745
0.0537971
0.141783
2.93508e-05
2.75364e-05
7.813e-05
0.000162149
0.000286863
0.000454366
0.000668752
0.000934784
0.00125758
0.00164209
0.00209216
0.00260939
0.00319121
0.0038282
0.00450093
0.00517565
0.00580416
0.00631453
0.00666715
0.00673868
3.24958e-05
3.02467e-05
8.20024e-05
0.000164699
0.000286754
0.000450322
0.000659639
0.000919549
0.00123535
0.00161239
0.00205533
0.00256697
0.00314573
0.00378426
0.00446643
0.00515957
0.0058147
0.00635473
0.0067338
0.00681171
-2.62897e-05
-3.17174e-05
1.75684e-05
9.58223e-05
0.000212018
0.000368288
0.000569138
0.000819862
0.00112654
0.00149579
0.00193419
0.00244709
0.00303763
0.00370303
0.00443045
0.00518945
0.00592787
0.00655553
0.0070051
0.00710583
-0.00012752
-0.000135478
-9.01375e-05
-1.86289e-05
8.85006e-05
0.000233414
0.00042098
0.000657086
0.000948876
0.00130478
0.00173429
0.0022472
0.00285187
0.00355223
0.00434461
0.00520473
0.00607898
0.00686274
0.00744199
0.00760314
-0.000275066
-0.000286006
-0.000246334
-0.000184014
-8.92512e-05
4.00766e-05
0.000209124
0.000424392
0.000694175
0.00102891
0.00144146
0.00194707
0.0025621
0.0032997
0.00417363
0.00516939
0.00623924
0.00726687
0.0080707
0.00837079
-0.000465577
-0.000480065
-0.000447714
-0.000397166
-0.000318446
-0.000209626
-6.55164e-05
0.000120672
0.000358058
0.000658765
0.00103883
0.00151918
0.00212649
0.00289229
0.00383459
0.00497971
0.00630288
0.00769555
0.00888467
0.00948178
-0.000694974
-0.000713604
-0.000690161
-0.000654022
-0.000595245
-0.000512384
-0.000400669
-0.000253716
-6.25053e-05
0.000185665
0.000508532
0.000930886
0.00148702
0.00222159
0.00318208
0.00444945
0.00604093
0.00792946
0.00976105
0.0108792
-0.000958501
-0.000981844
-0.000968709
-0.000949421
-0.000914359
-0.000862957
-0.000791535
-0.000695047
-0.000566095
-0.000393755
-0.000161661
0.000154758
0.000592511
0.00120721
0.00207859
0.00326206
0.00496424
0.00733564
0.0100464
0.0119103
-0.00125056
-0.00127909
-0.00127725
-0.00127671
-0.00126846
-0.00125332
-0.00122954
-0.00119463
-0.00114468
-0.00107363
-0.000971942
-0.00082469
-0.000608036
-0.000284687
0.000191782
0.000878
0.00195957
0.00408893
0.00725581
0.0101754
-0.00156474
-0.00159852
-0.00160802
-0.00162691
-0.00164715
-0.0016714
-0.00170056
-0.00173586
-0.00177884
-0.0018316
-0.00189734
-0.00198183
-0.00209628
-0.00226784
-0.00257983
-0.00315871
-0.00384927
-0.0027814
0.000320964
0.00456129
-0.00189512
-0.00193506
-0.0019556
-0.00199387
-0.00204199
-0.00210559
-0.00218894
-0.00229836
-0.00244256
-0.00263531
-0.00289886
-0.00327128
-0.00382089
-0.0046748
-0.00610722
-0.0084478
-0.0118521
-0.0119638
-0.00935696
-0.0037573
-0.00223197
-0.00227485
-0.00230158
-0.00235403
-0.0024265
-0.00252704
-0.00266217
-0.00284205
-0.00308276
-0.00340921
-0.00386245
-0.00451343
-0.00549401
-0.00701743
-0.00955881
-0.0133543
-0.0191864
-0.0202388
-0.0190992
-0.0123438
-0.00258084
-0.00263582
-0.00266789
-0.00273841
-0.00282821
-0.00295546
-0.00312795
-0.00336218
-0.00368028
-0.00411644
-0.00472526
-0.00559604
-0.0069151
-0.00888016
-0.0122843
-0.0165804
-0.0243092
-0.0253931
-0.0257032
-0.018553
-0.00291173
-0.00295551
-0.00297422
-0.00302788
-0.00312187
-0.00326789
-0.00347553
-0.00375788
-0.00413643
-0.00464567
-0.00534476
-0.00631129
-0.00780513
-0.0097671
-0.0136432
-0.0174801
-0.0256266
-0.0259353
-0.027552
-0.0202234
-0.00324413
-0.00335331
-0.0033599
-0.00346341
-0.00354828
-0.00369243
-0.00388595
-0.00415985
-0.00453576
-0.00504847
-0.00575543
-0.00668265
-0.00820219
-0.00990372
-0.0134555
-0.0166735
-0.0228937
-0.0229726
-0.0251742
-0.0171157
-0.00371539
-0.00363816
-0.00358303
-0.0035169
-0.00356692
-0.00369971
-0.00392002
-0.00422883
-0.00463647
-0.00515962
-0.00584908
-0.00666155
-0.00800219
-0.00938418
-0.012033
-0.0141871
-0.018136
-0.0170076
-0.0191055
-0.0097083
-0.00350658
-0.0040559
-0.00400722
-0.00425442
-0.00422843
-0.00432632
-0.00443017
-0.00463286
-0.00493242
-0.00534764
-0.00592315
-0.00658466
-0.0076606
-0.00873182
-0.0107349
-0.0121336
-0.0144011
-0.0126096
-0.0126674
0.00189894
-0.00566134
-0.00446061
-0.00419574
-0.00355576
-0.00348586
-0.0035676
-0.00378967
-0.00410723
-0.00450734
-0.0049751
-0.00554456
-0.006158
-0.00697428
-0.00777035
-0.00884119
-0.009455
-0.0098767
-0.00798281
-0.00539108
0.0207085
-0.00208925
-0.00547642
-0.00482578
-0.00537041
-0.00491237
-0.00494223
-0.00484896
-0.00491154
-0.00507913
-0.00536462
-0.00574983
-0.00624314
-0.00702617
-0.0078609
-0.00938703
-0.0105739
-0.0124715
-0.00769972
0.00111581
0.0501908
-0.0167614
-0.00390932
-0.00293287
-0.00271972
-0.002681
-0.00281038
-0.00311338
-0.00343492
-0.0038803
-0.00432984
-0.00485369
-0.00544987
-0.00616927
-0.006779
-0.00731762
-0.00599526
-0.00210465
0.0165223
0.0543203
0.142741
3.56073e-05
3.38745e-05
8.48023e-05
0.00016939
0.00029502
0.000463873
0.000680189
0.000948915
0.00127541
0.00166491
0.0021216
0.00264743
0.0032401
0.00389039
0.00457863
0.00527035
0.00591583
0.00644049
0.0068029
0.00687529
3.88759e-05
3.66861e-05
8.87769e-05
0.00017204
0.000295008
0.00045992
0.000671156
0.000933749
0.00125323
0.00163528
0.00208489
0.00260524
0.00319511
0.00384748
0.00454604
0.00525744
0.00593114
0.00648705
0.00687706
0.00695572
-1.96696e-05
-2.5044e-05
2.4573e-05
0.000103385
0.000220485
0.000378092
0.000580865
0.000834296
0.00114473
0.00151914
0.0019645
0.00248671
0.00308942
0.00377034
0.00451668
0.00529748
0.00605873
0.00670645
0.00716994
0.0072703
-0.000120589
-0.0001285
-8.28396e-05
-1.07916e-05
9.72203e-05
0.000243449
0.000432924
0.00067175
0.000967364
0.0013286
0.00176546
0.00228842
0.00290659
0.00362472
0.00443982
0.0053272
0.00623123
0.00704238
0.0076411
0.0077991
-0.0002678
-0.000278705
-0.000238733
-0.000175908
-8.03073e-05
5.02812e-05
0.000221181
0.000439123
0.000712728
0.0010529
0.0014731
0.00198945
0.00261941
0.00337766
0.0042784
0.00530847
0.00641801
0.00748448
0.00831776
0.00860773
-0.000457951
-0.000472419
-0.000439804
-0.00038881
-0.000309333
-0.000199364
-5.35465e-05
0.000135139
0.000376144
0.000682082
0.00106969
0.00156091
0.00218379
0.00297117
0.0039444
0.00513159
0.00650709
0.00795587
0.00919254
0.00976207
-0.000686941
-0.000705573
-0.000681921
-0.000645426
-0.000586026
-0.000502207
-0.00038906
-0.000240001
-4.57133e-05
0.000206952
0.000536404
0.000968447
0.00153888
0.00229452
0.00328656
0.00459907
0.00625357
0.00822258
0.0101438
0.0111797
-0.000949968
-0.000973339
-0.000960072
-0.000940555
-0.000905062
-0.00085299
-0.000780565
-0.000682621
-0.000551578
-0.00037624
-0.000139814
0.00018296
0.000630305
0.00125988
0.00215328
0.00337126
0.00513032
0.007602
0.0104738
0.0121724
-0.00124136
-0.00126994
-0.00126808
-0.00126746
-0.00125903
-0.0012436
-0.0012194
-0.00118394
-0.00113335
-0.00106162
-0.00095938
-0.000811965
-0.000596039
-0.000275185
0.000194621
0.000865747
0.00193136
0.0041569
0.00760073
0.0103277
-0.00155459
-0.00158846
-0.00159804
-0.00161704
-0.00163737
-0.00166175
-0.00169115
-0.00172698
-0.00177106
-0.00182606
-0.00189618
-0.00198906
-0.00211941
-0.00232156
-0.00269408
-0.00338397
-0.00423753
-0.00307728
0.000305751
0.00452891
-0.00188363
-0.00192369
-0.00194443
-0.001983
-0.00203149
-0.00209564
-0.00217989
-0.0022909
-0.002438
-0.00263613
-0.0029096
-0.00330046
-0.00388487
-0.00480418
-0.00636383
-0.00893273
-0.0127153
-0.0127112
-0.00997156
-0.00407075
-0.00221853
-0.00226155
-0.00228857
-0.00234148
-0.00241451
-0.00251591
-0.00265239
-0.00283457
-0.00307937
-0.00341323
-0.00388001
-0.00455595
-0.00558566
-0.00719911
-0.00993029
-0.0140114
-0.0204028
-0.0212906
-0.019996
-0.0128696
-0.00256484
-0.00261998
-0.0026524
-0.00272356
-0.00281406
-0.00294235
-0.00311634
-0.00335304
-0.00367538
-0.00411909
-0.00474174
-0.00563716
-0.00700793
-0.00905454
-0.0126627
-0.0171721
-0.0253991
-0.0263103
-0.0261815
-0.0190338
-0.00289206
-0.00293599
-0.00295514
-0.00300952
-0.00310418
-0.0032511
-0.00346
-0.0037443
-0.0041261
-0.00464096
-0.00535081
-0.0063331
-0.0078684
-0.0098693
-0.013902
-0.0178255
-0.0260614
-0.0264717
-0.0275155
-0.0203814
-0.0032209
-0.00333013
-0.00333671
-0.00344121
-0.00352658
-0.00367154
-0.00386576
-0.00414051
-0.00451765
-0.00503221
-0.00574438
-0.00667246
-0.00821414
-0.00992018
-0.0135183
-0.0167741
-0.0228947
-0.0227421
-0.0246677
-0.0168485
-0.00368461
-0.00360823
-0.00355354
-0.003489
-0.00353938
-0.00367262
-0.003893
-0.00420156
-0.00460858
-0.00513029
-0.00581861
-0.0066216
-0.00796645
-0.00933248
-0.011952
-0.0140423
-0.0178635
-0.0164476
-0.0183686
-0.00920568
-0.00347849
-0.00402719
-0.00397439
-0.00422374
-0.00419718
-0.00429571
-0.00439899
-0.00460022
-0.00489749
-0.00530794
-0.00588014
-0.00652907
-0.00759744
-0.00863793
-0.0106056
-0.0119208
-0.0140871
-0.0120502
-0.0120547
0.0024033
-0.00561215
-0.00441702
-0.00415157
-0.00351846
-0.00344833
-0.00353044
-0.0037517
-0.00406712
-0.0044646
-0.00492665
-0.00549138
-0.00609075
-0.00689728
-0.0076628
-0.00869725
-0.00923465
-0.00959508
-0.00754394
-0.00497011
0.0211859
-0.00207038
-0.0054566
-0.00479526
-0.00534225
-0.00488119
-0.00490943
-0.00481457
-0.00487289
-0.00503666
-0.00531578
-0.0056966
-0.00617436
-0.00695565
-0.00775879
-0.00925348
-0.0103867
-0.012209
-0.00729475
0.00154252
0.0508002
-0.0167194
-0.00387278
-0.00289255
-0.00267606
-0.00263972
-0.00276849
-0.00307223
-0.00338986
-0.00383432
-0.00427722
-0.00479837
-0.00538101
-0.00609386
-0.00668057
-0.00718324
-0.00579495
-0.00182068
0.0169477
0.0548102
0.143415
4.06215e-05
3.89872e-05
9.02132e-05
0.000175308
0.000301735
0.00047175
0.000689713
0.00096072
0.00129032
0.001684
0.00214618
0.00267909
0.00328066
0.00394176
0.00464256
0.00534793
0.00600697
0.00654301
0.00691317
0.00698625
4.39441e-05
4.18359e-05
9.42242e-05
0.000177993
0.000301757
0.000467828
0.000680706
0.000945573
0.00126816
0.00165439
0.00210954
0.00263707
0.00323603
0.00389963
0.00461139
0.0053374
0.00602585
0.00659429
0.00699287
0.00707209
-1.44514e-05
-1.97477e-05
3.01632e-05
0.000109475
0.000227364
0.000386125
0.000590541
0.000846266
0.00115986
0.00153856
0.00198968
0.00251953
0.00313216
0.00382559
0.00458705
0.00538508
0.00616423
0.00682749
0.00730166
0.00740154
-0.000115171
-0.000123008
-7.70635e-05
-4.53132e-06
0.000104251
0.000251613
0.000442717
0.00068384
0.000982657
0.00134832
0.00179124
0.00232238
0.00295147
0.00368386
0.00451689
0.00542552
0.00635251
0.00718442
0.00779774
0.00795276
-0.000262152
-0.000272991
-0.000232754
-0.000169473
-7.31428e-05
5.85296e-05
0.000231003
0.000451192
0.000727977
0.00107262
0.00149908
0.00202412
0.00266611
0.00344083
0.00436248
0.0054189
0.00655856
0.00765388
0.0085086
0.00878974
-0.000452045
-0.000466458
-0.000433609
-0.00038221
-0.000302075
-0.000191121
-4.38615e-05
0.000146906
0.000390897
0.0007011
0.00109479
0.00159469
0.00222984
0.0030342
0.00403169
0.00525083
0.00666559
0.00815543
0.00942525
0.00997361
-0.000680736
-0.000699328
-0.000675489
-0.000638666
-0.000578723
-0.000494085
-0.000379735
-0.000228935
-3.21364e-05
0.000224151
0.000558845
0.000998525
0.00158016
0.00235234
0.0033691
0.00471561
0.00641739
0.00844509
0.0104299
0.0114035
-0.000943388
-0.000966738
-0.000953347
-0.000933608
-0.000897734
-0.000845088
-0.000771826
-0.00067269
-0.00053997
-0.000362266
-0.000122472
0.000205176
0.000659777
0.00130042
0.00221038
0.00345569
0.0052599
0.00780811
0.0107974
0.0123743
-0.00123427
-0.00126286
-0.00126095
-0.00126024
-0.00125163
-0.00123594
-0.00121139
-0.0011755
-0.00112443
-0.00105224
-0.000949688
-0.000802323
-0.000587155
-0.000268293
0.000197203
0.000861452
0.00192693
0.00423841
0.00787782
0.0104616
-0.00154679
-0.00158068
-0.0015903
-0.00160935
-0.00162973
-0.0016542
-0.0016838
-0.00172008
-0.00176512
-0.00182202
-0.00189579
-0.00199548
-0.00213837
-0.00236374
-0.00278023
-0.0035452
-0.0044979
-0.00323733
0.000350593
0.00453721
-0.00187483
-0.00191493
-0.0019358
-0.00197458
-0.00202333
-0.00208791
-0.0021729
-0.00228522
-0.00243474
-0.00263731
-0.00291891
-0.0033246
-0.00393632
-0.00490555
-0.00656085
-0.00929185
-0.013319
-0.0131975
-0.0103382
-0.00426119
-0.00220831
-0.00225136
-0.00227859
-0.00233181
-0.00240527
-0.00250734
-0.00264491
-0.00282899
-0.0030772
-0.00341723
-0.00389531
-0.00459183
-0.00566027
-0.00734323
-0.010219
-0.0145153
-0.0213075
-0.0220492
-0.0206177
-0.0132531
-0.00255282
-0.00260801
-0.00264066
-0.00271224
-0.00280325
-0.00293232
-0.00310752
-0.00334625
-0.00367215
-0.00412228
-0.00475662
-0.00567229
-0.00708524
-0.00919671
-0.0129669
-0.0176589
-0.0262741
-0.0270534
-0.0266425
-0.0194135
-0.00287748
-0.00292136
-0.00294079
-0.00299565
-0.00309079
-0.00323842
-0.00344833
-0.00373426
-0.00411888
-0.00463876
-0.00535805
-0.00635409
-0.00792548
-0.00996152
-0.0141279
-0.0181508
-0.0266294
-0.0269042
-0.0276848
-0.0205271
-0.00320427
-0.00331342
-0.0033199
-0.003425
-0.00351059
-0.00365607
-0.00385079
-0.00412627
-0.00450462
-0.00502128
-0.00573863
-0.00666888
-0.00823672
-0.00994838
-0.0136042
-0.0169173
-0.0230613
-0.0227287
-0.0244937
-0.0167028
-0.00366269
-0.00358663
-0.00353218
-0.00346861
-0.00351926
-0.00365281
-0.00387327
-0.00418169
-0.00458844
-0.00510939
-0.00579792
-0.00659238
-0.00795132
-0.00930634
-0.0119247
-0.013988
-0.0177638
-0.0161748
-0.0179664
-0.00888858
-0.00346019
-0.00400798
-0.00395236
-0.0042028
-0.00417548
-0.00427424
-0.0043769
-0.00457698
-0.00487263
-0.00527963
-0.00585072
-0.00648972
-0.00755712
-0.00857633
-0.0105276
-0.0117856
-0.0139013
-0.0117013
-0.0116593
0.00276001
-0.00557937
-0.0043866
-0.00412152
-0.00349224
-0.00342231
-0.00350469
-0.00372544
-0.00403925
-0.00443487
-0.00489267
-0.00545496
-0.00604311
-0.00684525
-0.0075875
-0.00860023
-0.00907619
-0.00939558
-0.00722798
-0.00464818
0.0215533
-0.00206161
-0.00544425
-0.00477574
-0.00532404
-0.0048607
-0.00488778
-0.00479173
-0.00484683
-0.0050082
-0.00528317
-0.00566092
-0.00612735
-0.00691013
-0.00768753
-0.00917042
-0.0102507
-0.0120236
-0.0069887
0.0019045
0.0512597
-0.0166918
-0.00384943
-0.00286768
-0.00264858
-0.00261381
-0.00274189
-0.00304623
-0.00336066
-0.00380471
-0.00424224
-0.00476212
-0.00533383
-0.00604323
-0.00661215
-0.00709003
-0.00564975
-0.00160664
0.0172613
0.0552125
0.143894
4.4121e-05
4.25672e-05
9.40159e-05
0.00017949
0.000306503
0.000477367
0.000696526
0.000969182
0.00130102
0.00169768
0.00216379
0.00270172
0.00330958
0.00397828
0.00468786
0.00540274
0.00607119
0.00661509
0.00699059
0.00706415
4.7467e-05
4.54272e-05
9.80373e-05
0.000182184
0.000306533
0.000473451
0.000687523
0.000954035
0.00127886
0.00166807
0.00212718
0.0026598
0.00326517
0.00393666
0.00465763
0.00539379
0.00609242
0.00666947
0.00707391
0.00715351
-1.0841e-05
-1.60711e-05
3.40587e-05
0.000113743
0.000232213
0.000391817
0.000597427
0.000854808
0.00117067
0.00155243
0.00200766
0.0025429
0.0031625
0.00386468
0.00463662
0.00544653
0.00623791
0.00691172
0.00739308
0.00749259
-0.000111441
-0.000119216
-7.30592e-05
-1.65691e-07
0.000109183
0.000257373
0.000449658
0.000692436
0.000993547
0.00136236
0.00180956
0.00234647
0.0029832
0.0037255
0.00457087
0.00549401
0.00643652
0.00728231
0.0079053
0.00805821
-0.000258279
-0.00026906
-0.000228625
-0.000165006
-6.81385e-05
6.43232e-05
0.000237933
0.000459736
0.000738789
0.0010866
0.00151746
0.00204859
0.00269894
0.00348499
0.00442098
0.00549524
0.00665511
0.0077695
0.00863818
0.00891314
-0.000448007
-0.000462369
-0.000429346
-0.000377644
-0.000297026
-0.000185357
-3.70586e-05
0.000155197
0.000401303
0.000714508
0.00111245
0.00161837
0.002262
0.00307808
0.00409209
0.00533277
0.00677378
0.00829063
0.00958179
0.0101158
-0.000676502
-0.000695053
-0.000671074
-0.000634004
-0.000573662
-0.000488431
-0.000373218
-0.000221181
-2.26151e-05
0.000236201
0.000574529
0.00101947
0.00160879
0.00239231
0.00342584
0.0047956
0.00652935
0.00859579
0.0106208
0.0115556
-0.000938905
-0.000962226
-0.000948741
-0.000928831
-0.000892676
-0.000839613
-0.000765754
-0.000665779
-0.000531889
-0.000352551
-0.000110449
0.000220526
0.000680081
0.00132835
0.00225006
0.00351483
0.0053514
0.00795181
0.0110158
0.0125185
-0.00122945
-0.00125802
-0.00125607
-0.00125529
-0.00124655
-0.00123067
-0.00120586
-0.00116967
-0.00111828
-0.0010458
-0.000943055
-0.000795727
-0.000580975
-0.000263018
0.000201043
0.000864714
0.00193859
0.00431477
0.00808093
0.0105763
-0.0015415
-0.00157538
-0.00158502
-0.0016041
-0.0016245
-0.00164903
-0.00167877
-0.00171537
-0.00176109
-0.00181934
-0.00189565
-0.00199995
-0.00215109
-0.00239119
-0.00283444
-0.00364214
-0.00464088
-0.00329988
0.000422091
0.00458746
-0.00186888
-0.00190899
-0.00192994
-0.00196884
-0.00201777
-0.00208264
-0.00216814
-0.0022814
-0.00243263
-0.00263829
-0.00292544
-0.00334108
-0.00397083
-0.00497213
-0.00668809
-0.009518
-0.0136836
-0.0134691
-0.0105078
-0.00432838
-0.00220144
-0.00224448
-0.00227184
-0.00232526
-0.002399
-0.00250153
-0.00263987
-0.0028253
-0.00307589
-0.0034202
-0.00390591
-0.00461603
-0.00571066
-0.00743947
-0.01041
-0.0148483
-0.0218867
-0.0225262
-0.0209565
-0.0134473
-0.00254482
-0.00260002
-0.0026328
-0.00270465
-0.00279597
-0.00292558
-0.00310162
-0.00334179
-0.00367019
-0.00412476
-0.00476719
-0.0056968
-0.00713883
-0.00929436
-0.0131742
-0.0179962
-0.0268698
-0.027565
-0.0269224
-0.0196389
-0.00286785
-0.00291166
-0.00293126
-0.00298639
-0.00308185
-0.00322996
-0.00344058
-0.00372769
-0.00411432
-0.00463767
-0.0053637
-0.00636963
-0.00796743
-0.0100282
-0.0142902
-0.0183903
-0.0270729
-0.0272365
-0.0277883
-0.020638
-0.00319355
-0.0033026
-0.00330899
-0.00341443
-0.00350012
-0.00364591
-0.00384097
-0.00411697
-0.00449622
-0.00501434
-0.00573552
-0.00666749
-0.00825949
-0.00997261
-0.013677
-0.0170404
-0.0232301
-0.0227861
-0.0243906
-0.0166459
-0.00364865
-0.00357267
-0.00351837
-0.00345531
-0.00350615
-0.00363991
-0.00386043
-0.00416879
-0.00457541
-0.00509585
-0.00578433
-0.00656951
-0.00795046
-0.00929519
-0.0119191
-0.0139759
-0.0177348
-0.0160527
-0.0177273
-0.00871649
-0.00344899
-0.00399605
-0.00393874
-0.00418971
-0.00416178
-0.00426059
-0.00436278
-0.00456207
-0.00485668
-0.00526143
-0.00583199
-0.00646373
-0.00753386
-0.00853963
-0.0104822
-0.0117074
-0.0137934
-0.0114976
-0.0114068
0.00298098
-0.00555937
-0.00436752
-0.00410293
-0.00347564
-0.00340596
-0.00348852
-0.00370895
-0.00402174
-0.0044162
-0.00487102
-0.00543177
-0.0060124
-0.00681282
-0.00754007
-0.00853943
-0.00897537
-0.00926502
-0.00702767
-0.00442299
0.0217993
-0.00205688
-0.00543641
-0.00476375
-0.00531272
-0.00484792
-0.00487437
-0.00477756
-0.00483067
-0.00499097
-0.00526295
-0.00563862
-0.0060978
-0.00688153
-0.00764239
-0.00911834
-0.0101628
-0.0118967
-0.00678773
0.00216989
0.0515677
-0.0166748
-0.00383541
-0.00285304
-0.00263249
-0.00259857
-0.00272635
-0.00303095
-0.00334352
-0.00378713
-0.00422131
-0.0047401
-0.00530502
-0.00601191
-0.00656955
-0.00703109
-0.00555681
-0.0014625
0.0174671
0.0554962
0.144205
4.59159e-05
4.44063e-05
9.5974e-05
0.000181649
0.000308973
0.000480285
0.000700073
0.000973593
0.0013066
0.00170482
0.00217296
0.0027135
0.0033246
0.00399722
0.00471131
0.00543107
0.00610432
0.00665223
0.00703044
0.00710426
4.92709e-05
4.7269e-05
9.99974e-05
0.000184345
0.000309004
0.000476369
0.000691068
0.000958443
0.00128443
0.00167521
0.00213636
0.00267162
0.0032803
0.00395584
0.00468154
0.00542289
0.00612671
0.00670813
0.00711554
0.00719534
-8.9966e-06
-1.41898e-05
3.60566e-05
0.00011594
0.000234717
0.000394765
0.000601002
0.00085925
0.00117629
0.00155966
0.00201701
0.00255504
0.00317823
0.00388489
0.00466219
0.00547814
0.00627572
0.00695485
0.00743981
0.00753913
-0.00010954
-0.00011728
-7.1011e-05
2.07507e-06
0.000111723
0.000260349
0.000453254
0.000696897
0.000999203
0.00136965
0.00181907
0.00235895
0.00299961
0.00374697
0.00459861
0.00552909
0.00647941
0.00733212
0.00795989
0.00811173
-0.000256309
-0.000267058
-0.000226518
-0.000162718
-6.55671e-05
6.73099e-05
0.000241516
0.000464159
0.00074439
0.00109384
0.00152697
0.00206123
0.00271585
0.00350765
0.00445092
0.00553416
0.00670411
0.00782792
0.00870342
0.00897526
-0.000445957
-0.000460291
-0.000427174
-0.000375311
-0.000294438
-0.000182392
-3.35516e-05
0.000159477
0.000406679
0.000721432
0.00112155
0.00163055
0.00227851
0.00310054
0.00412287
0.00537434
0.00682838
0.00835849
0.00966001
0.0101867
-0.000674355
-0.000692883
-0.000668828
-0.000631627
-0.000571073
-0.000485531
-0.000369868
-0.00021719
-1.77131e-05
0.0002424
0.000582585
0.00103021
0.00162343
0.00241267
0.00345462
0.00483604
0.0065857
0.00867105
0.010715
0.0116318
-0.000936634
-0.000959938
-0.000946402
-0.000926399
-0.000890096
-0.000836814
-0.000762643
-0.000662235
-0.000527745
-0.000347575
-0.000104301
0.000228358
0.00069042
0.00134255
0.00227027
0.00354488
0.00539788
0.00802414
0.0111235
0.0125922
-0.00122701
-0.00125557
-0.0012536
-0.00125277
-0.00124396
-0.00122798
-0.00120304
-0.0011667
-0.00111515
-0.00104252
-0.000939689
-0.000792381
-0.000577815
-0.000260219
0.00020342
0.000867649
0.0019477
0.00435718
0.00818323
0.0106367
-0.00153882
-0.0015727
-0.00158235
-0.00160143
-0.00162185
-0.0016464
-0.00167622
-0.00171299
-0.00175906
-0.00181801
-0.00189562
-0.00200225
-0.00215749
-0.00240479
-0.00286077
-0.00368801
-0.0047063
-0.00332274
0.00046391
0.00461711
-0.00186588
-0.00190598
-0.00192698
-0.00196594
-0.00201496
-0.00207997
-0.00216574
-0.00227948
-0.00243159
-0.00263884
-0.00292884
-0.00334953
-0.00398824
-0.00500533
-0.00675087
-0.00962762
-0.0138554
-0.0135938
-0.0105802
-0.00435499
-0.00219798
-0.00224102
-0.00226844
-0.00232196
-0.00239584
-0.00249861
-0.00263735
-0.00282347
-0.0030753
-0.00342182
-0.0039115
-0.00462871
-0.00573639
-0.00748789
-0.0105049
-0.0150131
-0.0221687
-0.0227602
-0.0211193
-0.0135409
-0.00254082
-0.00259602
-0.00262887
-0.00270084
-0.00279233
-0.0029222
-0.00309868
-0.00333958
-0.00366929
-0.00412618
-0.00477282
-0.00570965
-0.00716661
-0.00934437
-0.013279
-0.018168
-0.0271702
-0.0278273
-0.0270737
-0.0197512
-0.00286307
-0.00290683
-0.0029265
-0.00298178
-0.00307739
-0.00322574
-0.00343674
-0.00372446
-0.00411214
-0.00463733
-0.00536688
-0.00637804
-0.00799021
-0.0100637
-0.0143753
-0.0185166
-0.0273117
-0.0274227
-0.0278657
-0.0207006
-0.0031883
-0.00329728
-0.00330363
-0.00340922
-0.00349495
-0.0036409
-0.00383611
-0.00411239
-0.00449213
-0.00501102
-0.0057341
-0.0066666
-0.00827482
-0.00998679
-0.0137187
-0.0171109
-0.0233334
-0.0228407
-0.0243706
-0.0166321
-0.0036418
-0.00356584
-0.0035116
-0.00344876
-0.00349969
-0.00363356
-0.00385411
-0.00416245
-0.00456901
-0.00508909
-0.00577697
-0.00655195
-0.00795874
-0.00929292
-0.0119212
-0.0139779
-0.0177344
-0.0160146
-0.0176356
-0.00864429
-0.00344365
-0.00399032
-0.00393222
-0.0041834
-0.00415515
-0.00425397
-0.00435591
-0.00455482
-0.00484892
-0.00525253
-0.00582282
-0.00645024
-0.00752453
-0.00852341
-0.0104626
-0.0116728
-0.0137466
-0.0114076
-0.0112908
0.00308572
-0.00554991
-0.00435834
-0.00409406
-0.00346759
-0.00339807
-0.00348071
-0.003701
-0.00401331
-0.00440718
-0.00486056
-0.00542066
-0.00599742
-0.00679776
-0.0075177
-0.00851093
-0.00892732
-0.00920183
-0.00693214
-0.00430907
0.0219216
-0.00205472
-0.00543253
-0.004758
-0.00530726
-0.00484174
-0.00486791
-0.00477081
-0.004823
-0.00498282
-0.00525312
-0.00562797
-0.00608377
-0.00686832
-0.00762095
-0.00909421
-0.0101203
-0.0118345
-0.00668888
0.00230772
0.0517222
-0.0166668
-0.0038288
-0.00284621
-0.00262499
-0.00259145
-0.0027191
-0.00302386
-0.00333555
-0.0037789
-0.00421146
-0.00472975
-0.00529144
-0.00599711
-0.00654929
-0.00700283
-0.00551179
-0.00139056
0.0175683
0.0556424
0.144359
4.59089e-05
4.43996e-05
9.59677e-05
0.000181644
0.000308968
0.000480281
0.000700069
0.00097359
0.0013066
0.00170482
0.00217296
0.0027135
0.0033246
0.00399722
0.00471131
0.00543107
0.00610432
0.00665223
0.00703044
0.00710426
4.92641e-05
4.72625e-05
9.99913e-05
0.00018434
0.000309
0.000476365
0.000691064
0.00095844
0.00128443
0.00167521
0.00213636
0.00267162
0.0032803
0.00395584
0.00468154
0.00542289
0.00612671
0.00670813
0.00711554
0.00719534
-9.00294e-06
-1.41959e-05
3.60509e-05
0.000115935
0.000234712
0.000394762
0.000600999
0.000859248
0.00117629
0.00155965
0.002017
0.00255504
0.00317823
0.00388489
0.00466219
0.00547814
0.00627572
0.00695485
0.00743981
0.00753913
-0.000109546
-0.000117286
-7.10162e-05
2.07033e-06
0.000111719
0.000260346
0.000453251
0.000696894
0.000999201
0.00136965
0.00181907
0.00235895
0.00299961
0.00374696
0.00459861
0.00552909
0.00647941
0.00733212
0.00795989
0.00811173
-0.000256314
-0.000267063
-0.000226523
-0.000162722
-6.55709e-05
6.73066e-05
0.000241513
0.000464157
0.000744388
0.00109383
0.00152697
0.00206123
0.00271585
0.00350765
0.00445092
0.00553416
0.00670411
0.00782792
0.00870342
0.00897526
-0.000445962
-0.000460295
-0.000427178
-0.000375315
-0.000294441
-0.000182395
-3.35542e-05
0.000159475
0.000406678
0.00072143
0.00112155
0.00163055
0.00227851
0.00310054
0.00412287
0.00537434
0.00682838
0.00835849
0.00966001
0.0101867
-0.000674359
-0.000692886
-0.000668831
-0.00063163
-0.000571076
-0.000485534
-0.000369871
-0.000217192
-1.77148e-05
0.000242399
0.000582584
0.0010302
0.00162343
0.00241267
0.00345461
0.00483604
0.00658569
0.00867105
0.010715
0.0116318
-0.000936636
-0.00095994
-0.000946404
-0.000926402
-0.000890098
-0.000836816
-0.000762645
-0.000662237
-0.000527747
-0.000347577
-0.000104303
0.000228357
0.000690418
0.00134255
0.00227026
0.00354488
0.00539788
0.00802414
0.0111235
0.0125922
-0.00122702
-0.00125557
-0.0012536
-0.00125277
-0.00124396
-0.00122798
-0.00120304
-0.0011667
-0.00111515
-0.00104253
-0.00093969
-0.000792382
-0.000577817
-0.000260222
0.000203417
0.000867648
0.0019477
0.00435718
0.00818323
0.0106367
-0.00153882
-0.0015727
-0.00158235
-0.00160143
-0.00162185
-0.0016464
-0.00167622
-0.00171299
-0.00175907
-0.00181801
-0.00189562
-0.00200225
-0.00215749
-0.00240479
-0.00286077
-0.00368801
-0.0047063
-0.00332274
0.000463908
0.00461711
-0.00186588
-0.00190599
-0.00192698
-0.00196594
-0.00201496
-0.00207997
-0.00216574
-0.00227948
-0.00243159
-0.00263885
-0.00292884
-0.00334953
-0.00398824
-0.00500533
-0.00675088
-0.00962762
-0.0138554
-0.0135938
-0.0105802
-0.00435499
-0.00219798
-0.00224102
-0.00226844
-0.00232196
-0.00239584
-0.00249861
-0.00263735
-0.00282347
-0.0030753
-0.00342182
-0.0039115
-0.00462871
-0.00573639
-0.00748789
-0.0105049
-0.0150131
-0.0221687
-0.0227602
-0.0211193
-0.0135409
-0.00254082
-0.00259602
-0.00262887
-0.00270084
-0.00279233
-0.0029222
-0.00309868
-0.00333958
-0.00366929
-0.00412618
-0.00477283
-0.00570965
-0.00716661
-0.00934437
-0.013279
-0.018168
-0.0271702
-0.0278273
-0.0270737
-0.0197512
-0.00286307
-0.00290683
-0.0029265
-0.00298178
-0.00307739
-0.00322574
-0.00343674
-0.00372446
-0.00411214
-0.00463733
-0.00536688
-0.00637804
-0.00799021
-0.0100637
-0.0143753
-0.0185166
-0.0273117
-0.0274227
-0.0278657
-0.0207006
-0.0031883
-0.00329728
-0.00330363
-0.00340922
-0.00349495
-0.0036409
-0.00383612
-0.00411239
-0.00449213
-0.00501102
-0.0057341
-0.0066666
-0.00827482
-0.00998679
-0.0137187
-0.0171109
-0.0233334
-0.0228407
-0.0243706
-0.0166321
-0.0036418
-0.00356584
-0.0035116
-0.00344876
-0.00349969
-0.00363356
-0.00385411
-0.00416245
-0.00456901
-0.00508909
-0.00577697
-0.00655195
-0.00795874
-0.00929292
-0.0119212
-0.0139779
-0.0177344
-0.0160146
-0.0176356
-0.00864429
-0.00344365
-0.00399032
-0.00393222
-0.0041834
-0.00415515
-0.00425397
-0.00435591
-0.00455482
-0.00484892
-0.00525253
-0.00582282
-0.00645024
-0.00752453
-0.00852341
-0.0104626
-0.0116728
-0.0137466
-0.0114076
-0.0112908
0.00308572
-0.00554991
-0.00435834
-0.00409406
-0.00346759
-0.00339807
-0.00348071
-0.003701
-0.00401331
-0.00440718
-0.00486056
-0.00542066
-0.00599742
-0.00679776
-0.0075177
-0.00851093
-0.00892732
-0.00920183
-0.00693214
-0.00430907
0.0219216
-0.00205472
-0.00543253
-0.004758
-0.00530726
-0.00484174
-0.00486791
-0.00477081
-0.004823
-0.00498282
-0.00525312
-0.00562797
-0.00608377
-0.00686832
-0.00762095
-0.00909421
-0.0101203
-0.0118345
-0.00668888
0.00230772
0.0517222
-0.0166668
-0.00382879
-0.0028462
-0.00262499
-0.00259145
-0.0027191
-0.00302386
-0.00333555
-0.0037789
-0.00421146
-0.00472974
-0.00529143
-0.00599711
-0.00654929
-0.00700283
-0.00551179
-0.00139056
0.0175683
0.0556424
0.144359
4.40994e-05
4.25465e-05
9.39969e-05
0.000179473
0.000306488
0.000477355
0.000696516
0.000969174
0.00130102
0.00169768
0.00216378
0.00270172
0.00330958
0.00397828
0.00468785
0.00540274
0.00607119
0.00661509
0.00699059
0.00706415
4.74462e-05
4.54072e-05
9.80189e-05
0.000182167
0.000306519
0.000473439
0.000687513
0.000954027
0.00127885
0.00166807
0.00212717
0.0026598
0.00326516
0.00393665
0.00465763
0.00539379
0.00609241
0.00666946
0.00707391
0.00715351
-1.08604e-05
-1.60896e-05
3.40415e-05
0.000113728
0.000232199
0.000391806
0.000597417
0.0008548
0.00117066
0.00155243
0.00200766
0.0025429
0.0031625
0.00386467
0.00463662
0.00544653
0.00623791
0.00691172
0.00739308
0.00749259
-0.000111458
-0.000119232
-7.3075e-05
-1.79982e-07
0.00010917
0.000257362
0.000449649
0.000692428
0.000993541
0.00136235
0.00180956
0.00234647
0.0029832
0.0037255
0.00457087
0.005494
0.00643652
0.00728231
0.0079053
0.00805821
-0.000258294
-0.000269075
-0.000228639
-0.000165018
-6.81498e-05
6.43134e-05
0.000237925
0.000459729
0.000738783
0.00108659
0.00151746
0.00204859
0.00269893
0.00348499
0.00442098
0.00549524
0.00665511
0.0077695
0.00863818
0.00891314
-0.00044802
-0.000462382
-0.000429358
-0.000377656
-0.000297036
-0.000185365
-3.7066e-05
0.000155191
0.000401298
0.000714504
0.00111244
0.00161836
0.002262
0.00307807
0.00409209
0.00533277
0.00677378
0.00829063
0.00958178
0.0101158
-0.000676513
-0.000695064
-0.000671084
-0.000634014
-0.00057367
-0.000488439
-0.000373224
-0.000221186
-2.26198e-05
0.000236196
0.000574523
0.00101946
0.00160879
0.00239231
0.00342584
0.00479559
0.00652935
0.00859578
0.0106208
0.0115556
-0.000938913
-0.000962235
-0.000948749
-0.000928839
-0.000892684
-0.00083962
-0.00076576
-0.000665784
-0.000531894
-0.000352557
-0.000110455
0.00022052
0.000680077
0.00132835
0.00225006
0.00351483
0.0053514
0.00795181
0.0110158
0.0125185
-0.00122946
-0.00125803
-0.00125608
-0.00125529
-0.00124656
-0.00123067
-0.00120587
-0.00116968
-0.00111829
-0.00104581
-0.000943061
-0.000795732
-0.00058098
-0.000263023
0.00020104
0.000864712
0.00193859
0.00431476
0.00808093
0.0105763
-0.0015415
-0.00157538
-0.00158503
-0.0016041
-0.00162451
-0.00164903
-0.00167878
-0.00171538
-0.0017611
-0.00181935
-0.00189565
-0.00199995
-0.00215109
-0.0023912
-0.00283444
-0.00364214
-0.00464089
-0.00329988
0.000422083
0.00458745
-0.00186888
-0.00190899
-0.00192995
-0.00196885
-0.00201778
-0.00208264
-0.00216814
-0.0022814
-0.00243263
-0.00263829
-0.00292544
-0.00334108
-0.00397083
-0.00497213
-0.00668809
-0.00951801
-0.0136836
-0.0134691
-0.0105078
-0.00432839
-0.00220144
-0.00224449
-0.00227184
-0.00232527
-0.002399
-0.00250153
-0.00263988
-0.0028253
-0.00307589
-0.0034202
-0.00390591
-0.00461603
-0.00571066
-0.00743947
-0.01041
-0.0148483
-0.0218867
-0.0225262
-0.0209565
-0.0134473
-0.00254482
-0.00260002
-0.00263281
-0.00270465
-0.00279598
-0.00292558
-0.00310162
-0.00334179
-0.00367019
-0.00412476
-0.00476719
-0.0056968
-0.00713883
-0.00929436
-0.0131742
-0.0179962
-0.0268698
-0.027565
-0.0269224
-0.0196389
-0.00286786
-0.00291166
-0.00293126
-0.0029864
-0.00308186
-0.00322996
-0.00344059
-0.00372769
-0.00411432
-0.00463767
-0.0053637
-0.00636964
-0.00796743
-0.0100282
-0.0142902
-0.0183903
-0.0270729
-0.0272365
-0.0277883
-0.020638
-0.00319355
-0.0033026
-0.00330899
-0.00341443
-0.00350012
-0.00364592
-0.00384097
-0.00411697
-0.00449622
-0.00501434
-0.00573553
-0.00666749
-0.0082595
-0.00997262
-0.013677
-0.0170404
-0.0232301
-0.0227861
-0.0243907
-0.0166459
-0.00364865
-0.00357267
-0.00351837
-0.00345531
-0.00350615
-0.00363991
-0.00386043
-0.00416879
-0.00457541
-0.00509585
-0.00578433
-0.00656951
-0.00795047
-0.0092952
-0.0119191
-0.0139759
-0.0177348
-0.0160527
-0.0177273
-0.00871649
-0.00344899
-0.00399605
-0.00393874
-0.00418971
-0.00416178
-0.00426059
-0.00436278
-0.00456207
-0.00485668
-0.00526143
-0.00583199
-0.00646373
-0.00753386
-0.00853963
-0.0104822
-0.0117074
-0.0137934
-0.0114976
-0.0114068
0.00298097
-0.00555937
-0.00436752
-0.00410293
-0.00347564
-0.00340596
-0.00348852
-0.00370895
-0.00402175
-0.0044162
-0.00487103
-0.00543177
-0.0060124
-0.00681282
-0.00754007
-0.00853943
-0.00897538
-0.00926502
-0.00702767
-0.00442299
0.0217993
-0.00205688
-0.00543641
-0.00476375
-0.00531272
-0.00484792
-0.00487437
-0.00477756
-0.00483067
-0.00499097
-0.00526295
-0.00563862
-0.00609779
-0.00688153
-0.00764239
-0.00911834
-0.0101628
-0.0118967
-0.00678773
0.0021699
0.0515677
-0.0166748
-0.00383541
-0.00285304
-0.00263249
-0.00259857
-0.00272636
-0.00303095
-0.00334352
-0.00378713
-0.00422131
-0.0047401
-0.00530502
-0.00601191
-0.00656956
-0.00703109
-0.00555681
-0.00146249
0.0174671
0.0554962
0.144205
4.0584e-05
3.89514e-05
9.01805e-05
0.00017528
0.00030171
0.00047173
0.000689696
0.000960706
0.00129031
0.00168399
0.00214617
0.00267909
0.00328066
0.00394176
0.00464255
0.00534793
0.00600697
0.00654301
0.00691316
0.00698624
4.39081e-05
4.18015e-05
9.41927e-05
0.000177965
0.000301733
0.000467808
0.000680689
0.000945559
0.00126815
0.00165438
0.00210953
0.00263707
0.00323602
0.00389963
0.00461138
0.0053374
0.00602585
0.00659429
0.00699287
0.00707209
-1.44847e-05
-1.97795e-05
3.01339e-05
0.000109449
0.000227342
0.000386106
0.000590525
0.000846252
0.00115985
0.00153855
0.00198968
0.00251953
0.00313216
0.00382559
0.00458704
0.00538508
0.00616423
0.00682749
0.00730166
0.00740153
-0.0001152
-0.000123037
-7.70901e-05
-4.55526e-06
0.00010423
0.000251595
0.000442702
0.000683827
0.000982647
0.00134831
0.00179123
0.00232238
0.00295147
0.00368385
0.00451688
0.00542552
0.0063525
0.00718441
0.00779774
0.00795276
-0.000262177
-0.000273016
-0.000232777
-0.000169495
-7.31617e-05
5.8513e-05
0.000230988
0.00045118
0.000727969
0.00107261
0.00149907
0.00202412
0.0026661
0.00344082
0.00436247
0.0054189
0.00655856
0.00765388
0.0085086
0.00878973
-0.000452067
-0.000466479
-0.000433629
-0.000382229
-0.000302092
-0.000191136
-4.38743e-05
0.000146896
0.000390889
0.000701093
0.00109478
0.00159468
0.00222983
0.00303419
0.00403169
0.00525083
0.00666559
0.00815542
0.00942524
0.0099736
-0.000680754
-0.000699346
-0.000675505
-0.000638682
-0.000578737
-0.000494098
-0.000379746
-0.000228943
-3.21442e-05
0.000224142
0.000558835
0.000998515
0.00158015
0.00235234
0.00336909
0.0047156
0.00641738
0.00844508
0.0104299
0.0114035
-0.000943402
-0.000966752
-0.00095336
-0.000933621
-0.000897747
-0.0008451
-0.000771836
-0.000672699
-0.000539979
-0.000362276
-0.000122482
0.000205167
0.00065977
0.00130042
0.00221037
0.00345569
0.00525989
0.00780811
0.0107974
0.0123743
-0.00123429
-0.00126287
-0.00126096
-0.00126025
-0.00125165
-0.00123595
-0.0012114
-0.00117551
-0.00112444
-0.00105225
-0.000949696
-0.00080233
-0.000587163
-0.000268301
0.000197196
0.000861446
0.00192692
0.00423841
0.00787781
0.0104616
-0.0015468
-0.00158068
-0.00159031
-0.00160936
-0.00162974
-0.00165421
-0.00168381
-0.00172009
-0.00176512
-0.00182202
-0.0018958
-0.00199549
-0.00213838
-0.00236374
-0.00278024
-0.0035452
-0.0044979
-0.00323734
0.000350588
0.0045372
-0.00187484
-0.00191494
-0.00193581
-0.00197459
-0.00202334
-0.00208791
-0.0021729
-0.00228523
-0.00243475
-0.00263731
-0.00291891
-0.00332461
-0.00393633
-0.00490555
-0.00656085
-0.00929186
-0.013319
-0.0131975
-0.0103382
-0.0042612
-0.00220832
-0.00225137
-0.00227859
-0.00233182
-0.00240527
-0.00250734
-0.00264491
-0.002829
-0.0030772
-0.00341724
-0.00389531
-0.00459184
-0.00566027
-0.00734324
-0.010219
-0.0145154
-0.0213075
-0.0220492
-0.0206177
-0.0132532
-0.00255283
-0.00260802
-0.00264067
-0.00271225
-0.00280325
-0.00293232
-0.00310753
-0.00334626
-0.00367215
-0.00412228
-0.00475663
-0.0056723
-0.00708524
-0.00919672
-0.0129669
-0.0176589
-0.0262742
-0.0270534
-0.0266425
-0.0194135
-0.00287748
-0.00292136
-0.0029408
-0.00299565
-0.00309079
-0.00323842
-0.00344833
-0.00373427
-0.00411888
-0.00463876
-0.00535805
-0.0063541
-0.00792548
-0.00996152
-0.0141279
-0.0181508
-0.0266294
-0.0269042
-0.0276848
-0.0205271
-0.00320428
-0.00331342
-0.0033199
-0.003425
-0.00351059
-0.00365607
-0.0038508
-0.00412627
-0.00450462
-0.00502128
-0.00573864
-0.00666888
-0.00823673
-0.00994838
-0.0136042
-0.0169173
-0.0230613
-0.0227287
-0.0244937
-0.0167028
-0.00366269
-0.00358663
-0.00353218
-0.00346861
-0.00351926
-0.00365282
-0.00387327
-0.00418169
-0.00458844
-0.0051094
-0.00579792
-0.00659238
-0.00795132
-0.00930634
-0.0119247
-0.013988
-0.0177638
-0.0161748
-0.0179664
-0.00888858
-0.00346019
-0.00400798
-0.00395236
-0.0042028
-0.00417549
-0.00427424
-0.00437691
-0.00457698
-0.00487263
-0.00527963
-0.00585073
-0.00648972
-0.00755712
-0.00857633
-0.0105276
-0.0117856
-0.0139013
-0.0117013
-0.0116593
0.00276001
-0.00557937
-0.0043866
-0.00412151
-0.00349224
-0.00342232
-0.0035047
-0.00372544
-0.00403925
-0.00443488
-0.00489268
-0.00545497
-0.00604311
-0.00684525
-0.0075875
-0.00860023
-0.00907619
-0.00939559
-0.00722798
-0.00464818
0.0215533
-0.00206161
-0.00544425
-0.00477574
-0.00532404
-0.00486071
-0.00488778
-0.00479173
-0.00484684
-0.00500821
-0.00528317
-0.00566092
-0.00612735
-0.00691013
-0.00768754
-0.00917043
-0.0102507
-0.0120236
-0.0069887
0.00190449
0.0512597
-0.0166918
-0.00384943
-0.00286768
-0.00264858
-0.00261381
-0.00274189
-0.00304623
-0.00336067
-0.00380471
-0.00424225
-0.00476212
-0.00533383
-0.00604323
-0.00661216
-0.00709003
-0.00564976
-0.00160665
0.0172613
0.0552125
0.143894
3.55512e-05
3.38213e-05
8.47542e-05
0.000169348
0.000294984
0.000463844
0.000680164
0.000948894
0.00127539
0.0016649
0.00212159
0.00264742
0.00324009
0.00389038
0.00457863
0.00527035
0.00591583
0.00644049
0.0068029
0.00687529
3.88225e-05
3.66354e-05
8.87309e-05
0.000172
0.000294974
0.000459891
0.000671133
0.000933728
0.00125322
0.00163526
0.00208488
0.00260523
0.0031951
0.00384747
0.00454603
0.00525743
0.00593114
0.00648704
0.00687705
0.00695571
-1.97183e-05
-2.50904e-05
2.45306e-05
0.000103348
0.000220453
0.000378065
0.000580842
0.000834276
0.00114471
0.00151912
0.00196449
0.0024867
0.00308942
0.00377033
0.00451668
0.00529747
0.00605873
0.00670644
0.00716994
0.0072703
-0.000120632
-0.000128542
-8.28777e-05
-1.08257e-05
9.71906e-05
0.000243423
0.000432902
0.000671731
0.000967349
0.00132859
0.00176546
0.00228841
0.00290658
0.00362471
0.00443981
0.00532719
0.00623122
0.00704238
0.0076411
0.00779909
-0.000267837
-0.000278741
-0.000238767
-0.000175938
-8.03343e-05
5.02575e-05
0.00022116
0.000439106
0.000712716
0.00105289
0.00147309
0.00198944
0.0026194
0.00337765
0.00427839
0.00530847
0.00641801
0.00748448
0.00831776
0.00860772
-0.000457982
-0.000472449
-0.000439832
-0.000388836
-0.000309357
-0.000199385
-5.35651e-05
0.000135124
0.000376132
0.000682071
0.00106967
0.0015609
0.00218378
0.00297116
0.00394439
0.00513159
0.00650708
0.00795586
0.00919253
0.00976206
-0.000686967
-0.000705598
-0.000681945
-0.000645449
-0.000586047
-0.000502226
-0.000389076
-0.000240014
-4.57248e-05
0.00020694
0.00053639
0.000968434
0.00153887
0.00229452
0.00328655
0.00459906
0.00625356
0.00822257
0.0101438
0.0111797
-0.000949989
-0.000973359
-0.000960091
-0.000940573
-0.00090508
-0.000853006
-0.000780579
-0.000682633
-0.00055159
-0.000376254
-0.000139827
0.000182948
0.000630297
0.00125987
0.00215327
0.00337125
0.00513031
0.00760199
0.0104738
0.0121724
-0.00124138
-0.00126996
-0.00126809
-0.00126748
-0.00125905
-0.00124361
-0.00121941
-0.00118395
-0.00113336
-0.00106164
-0.000959392
-0.000811975
-0.000596047
-0.000275194
0.00019461
0.000865738
0.00193135
0.00415689
0.00760073
0.0103277
-0.0015546
-0.00158847
-0.00159805
-0.00161705
-0.00163738
-0.00166176
-0.00169116
-0.00172699
-0.00177108
-0.00182607
-0.00189619
-0.00198907
-0.00211942
-0.00232157
-0.00269409
-0.00338398
-0.00423753
-0.00307729
0.00030575
0.00452891
-0.00188364
-0.0019237
-0.00194444
-0.00198301
-0.0020315
-0.00209565
-0.0021799
-0.00229091
-0.00243801
-0.00263614
-0.00290961
-0.00330047
-0.00388488
-0.00480419
-0.00636383
-0.00893273
-0.0127153
-0.0127112
-0.00997156
-0.00407075
-0.00221854
-0.00226156
-0.00228858
-0.00234149
-0.00241452
-0.00251592
-0.0026524
-0.00283458
-0.00307938
-0.00341323
-0.00388002
-0.00455595
-0.00558566
-0.00719912
-0.00993029
-0.0140114
-0.0204029
-0.0212906
-0.019996
-0.0128696
-0.00256485
-0.00261999
-0.00265241
-0.00272357
-0.00281407
-0.00294235
-0.00311635
-0.00335305
-0.00367539
-0.00411909
-0.00474175
-0.00563716
-0.00700794
-0.00905455
-0.0126627
-0.0171721
-0.0253991
-0.0263103
-0.0261815
-0.0190338
-0.00289207
-0.00293599
-0.00295514
-0.00300952
-0.00310418
-0.00325111
-0.00346001
-0.00374431
-0.0041261
-0.00464096
-0.00535082
-0.0063331
-0.00786841
-0.0098693
-0.013902
-0.0178255
-0.0260614
-0.0264717
-0.0275155
-0.0203814
-0.00322091
-0.00333014
-0.00333671
-0.00344122
-0.00352659
-0.00367154
-0.00386577
-0.00414052
-0.00451765
-0.00503221
-0.00574439
-0.00667247
-0.00821414
-0.00992018
-0.0135183
-0.0167741
-0.0228947
-0.0227421
-0.0246677
-0.0168485
-0.00368462
-0.00360824
-0.00355354
-0.00348901
-0.00353938
-0.00367262
-0.00389301
-0.00420156
-0.00460859
-0.0051303
-0.00581862
-0.00662161
-0.00796646
-0.00933248
-0.011952
-0.0140423
-0.0178635
-0.0164476
-0.0183686
-0.00920568
-0.0034785
-0.00402719
-0.00397439
-0.00422374
-0.00419718
-0.00429571
-0.004399
-0.00460023
-0.0048975
-0.00530794
-0.00588015
-0.00652908
-0.00759745
-0.00863793
-0.0106056
-0.0119208
-0.0140871
-0.0120502
-0.0120547
0.00240329
-0.00561215
-0.00441703
-0.00415157
-0.00351846
-0.00344834
-0.00353045
-0.00375171
-0.00406713
-0.00446461
-0.00492666
-0.00549139
-0.00609076
-0.00689729
-0.00766281
-0.00869725
-0.00923466
-0.00959509
-0.00754395
-0.00497012
0.0211859
-0.00207039
-0.00545661
-0.00479526
-0.00534225
-0.0048812
-0.00490943
-0.00481458
-0.00487289
-0.00503667
-0.00531578
-0.00569661
-0.00617436
-0.00695566
-0.0077588
-0.00925349
-0.0103867
-0.012209
-0.00729477
0.00154251
0.0508002
-0.0167194
-0.00387278
-0.00289256
-0.00267606
-0.00263972
-0.0027685
-0.00307223
-0.00338987
-0.00383432
-0.00427723
-0.00479837
-0.00538102
-0.00609386
-0.00668057
-0.00718325
-0.00579495
-0.00182069
0.0169477
0.0548102
0.143415
2.92715e-05
2.74622e-05
7.80638e-05
0.000162092
0.000286816
0.000454327
0.00066872
0.000934757
0.00125756
0.00164207
0.00209214
0.00260938
0.0031912
0.00382819
0.00450092
0.00517564
0.00580415
0.00631452
0.00666714
0.00673868
3.24214e-05
3.01766e-05
8.19396e-05
0.000164644
0.000286709
0.000450284
0.000659607
0.000919522
0.00123533
0.00161237
0.00205531
0.00256695
0.00314572
0.00378425
0.00446643
0.00515956
0.00581469
0.00635472
0.0067338
0.0068117
-2.63564e-05
-3.17807e-05
1.75111e-05
9.57722e-05
0.000211976
0.000368252
0.000569107
0.000819835
0.00112652
0.00149578
0.00193417
0.00244708
0.00303762
0.00370302
0.00443044
0.00518944
0.00592786
0.00655553
0.0070051
0.00710583
-0.000127578
-0.000135533
-9.01882e-05
-1.86739e-05
8.84615e-05
0.00023338
0.00042095
0.000657061
0.000948855
0.00130476
0.00173427
0.00224718
0.00285186
0.00355222
0.00434461
0.00520472
0.00607898
0.00686274
0.00744199
0.00760314
-0.000275114
-0.000286053
-0.000246378
-0.000184053
-8.92866e-05
4.00453e-05
0.000209096
0.000424369
0.000694157
0.0010289
0.00144145
0.00194706
0.00256209
0.00329969
0.00417363
0.00516938
0.00623923
0.00726687
0.0080707
0.00837078
-0.000465617
-0.000480104
-0.000447751
-0.0003972
-0.000318477
-0.000209655
-6.55411e-05
0.000120652
0.000358042
0.000658752
0.00103881
0.00151917
0.00212648
0.00289228
0.00383458
0.0049797
0.00630288
0.00769554
0.00888466
0.00948177
-0.000695007
-0.000713636
-0.000690192
-0.000654051
-0.000595272
-0.000512408
-0.000400691
-0.000253733
-6.25201e-05
0.00018565
0.000508516
0.000930871
0.001487
0.00222158
0.00318207
0.00444944
0.00604092
0.00792945
0.00976104
0.0108792
-0.000958528
-0.00098187
-0.000968734
-0.000949445
-0.000914382
-0.000862978
-0.000791552
-0.000695062
-0.00056611
-0.000393771
-0.000161676
0.000154745
0.000592501
0.0012072
0.00207858
0.00326205
0.00496423
0.00733563
0.0100463
0.0119103
-0.00125058
-0.00127911
-0.00127727
-0.00127673
-0.00126848
-0.00125334
-0.00122956
-0.00119464
-0.0011447
-0.00107365
-0.000971956
-0.0008247
-0.000608046
-0.000284699
0.000191771
0.000877992
0.00195957
0.00408893
0.00725581
0.0101754
-0.00156476
-0.00159854
-0.00160804
-0.00162693
-0.00164716
-0.00167141
-0.00170057
-0.00173588
-0.00177886
-0.00183162
-0.00189735
-0.00198184
-0.00209629
-0.00226785
-0.00257984
-0.00315871
-0.00384927
-0.0027814
0.000320961
0.00456128
-0.00189513
-0.00193508
-0.00195562
-0.00199388
-0.002042
-0.0021056
-0.00218896
-0.00229837
-0.00244257
-0.00263532
-0.00289887
-0.00327129
-0.0038209
-0.00467481
-0.00610723
-0.00844781
-0.0118521
-0.0119638
-0.00935697
-0.00375731
-0.00223198
-0.00227487
-0.00230159
-0.00235404
-0.00242651
-0.00252705
-0.00266218
-0.00284206
-0.00308277
-0.00340921
-0.00386246
-0.00451344
-0.00549403
-0.00701744
-0.00955882
-0.0133543
-0.0191864
-0.0202388
-0.0190992
-0.0123438
-0.00258086
-0.00263583
-0.0026679
-0.00273842
-0.00282822
-0.00295547
-0.00312795
-0.00336219
-0.00368029
-0.00411644
-0.00472526
-0.00559605
-0.0069151
-0.00888016
-0.0122843
-0.0165804
-0.0243092
-0.0253931
-0.0257032
-0.018553
-0.00291175
-0.00295552
-0.00297423
-0.00302789
-0.00312188
-0.00326789
-0.00347554
-0.00375788
-0.00413643
-0.00464567
-0.00534476
-0.0063113
-0.00780513
-0.0097671
-0.0136432
-0.0174801
-0.0256266
-0.0259353
-0.027552
-0.0202234
-0.00324414
-0.00335332
-0.0033599
-0.00346342
-0.00354829
-0.00369243
-0.00388595
-0.00415986
-0.00453577
-0.00504847
-0.00575543
-0.00668266
-0.00820219
-0.00990372
-0.0134555
-0.0166735
-0.0228937
-0.0229726
-0.0251742
-0.0171157
-0.0037154
-0.00363816
-0.00358304
-0.0035169
-0.00356693
-0.00369972
-0.00392002
-0.00422883
-0.00463647
-0.00515963
-0.00584908
-0.00666155
-0.00800219
-0.00938418
-0.012033
-0.0141871
-0.018136
-0.0170076
-0.0191055
-0.0097083
-0.00350659
-0.0040559
-0.00400723
-0.00425443
-0.00422843
-0.00432632
-0.00443017
-0.00463286
-0.00493243
-0.00534764
-0.00592316
-0.00658467
-0.00766061
-0.00873183
-0.0107349
-0.0121336
-0.0144011
-0.0126096
-0.0126674
0.00189894
-0.00566135
-0.00446061
-0.00419574
-0.00355576
-0.00348586
-0.00356761
-0.00378967
-0.00410724
-0.00450735
-0.0049751
-0.00554457
-0.00615801
-0.00697429
-0.00777036
-0.00884119
-0.00945501
-0.00987671
-0.00798281
-0.00539109
0.0207084
-0.00208925
-0.00547643
-0.00482578
-0.00537041
-0.00491238
-0.00494223
-0.00484897
-0.00491155
-0.00507914
-0.00536463
-0.00574984
-0.00624316
-0.00702618
-0.00786091
-0.00938704
-0.0105739
-0.0124715
-0.00769973
0.0011158
0.0501907
-0.0167614
-0.00390933
-0.00293287
-0.00271973
-0.00268101
-0.00281038
-0.00311339
-0.00343493
-0.0038803
-0.00432985
-0.0048537
-0.00544988
-0.00616928
-0.00677901
-0.00731763
-0.00599527
-0.00210467
0.0165223
0.0543203
0.142741
2.20979e-05
2.03081e-05
7.05976e-05
0.000154089
0.000277894
0.000444019
0.000656402
0.000919603
0.00123848
0.00161763
0.00206053
0.00256838
0.00313822
0.00376044
0.00441577
0.0050713
0.00568052
0.0061746
0.00651602
0.00658669
2.49644e-05
2.27592e-05
7.41994e-05
0.000156369
0.000277522
0.000439728
0.000647066
0.000904175
0.00121608
0.00158778
0.00202351
0.00252563
0.00309216
0.00371527
0.00437901
0.00505139
0.00568526
0.00620699
0.00657339
0.00665039
-3.4191e-05
-3.95628e-05
9.40715e-06
8.71436e-05
0.000202446
0.000357362
0.00055623
0.000804124
0.00110682
0.00147056
0.00190139
0.00240409
0.00298112
0.00362912
0.00433497
0.00506887
0.00578071
0.00638475
0.00681772
0.00691833
-0.000135881
-0.000143769
-9.8739e-05
-2.77295e-05
7.85265e-05
0.000222107
0.000407701
0.000640956
0.000928678
0.00127883
0.0017003
0.0022021
0.0027917
0.00347207
0.00423807
0.00506623
0.00590513
0.00665576
0.00721119
0.00737434
-0.000283881
-0.000294734
-0.000255355
-0.0001935
-9.95702e-05
2.84734e-05
0.000195596
0.00040804
0.000673722
0.00100255
0.00140663
0.00190028
0.00249884
0.00321603
0.00405544
0.00500981
0.00603172
0.00701143
0.00777844
0.00808623
-0.000474855
-0.000489232
-0.000457139
-0.000407
-0.000329034
-0.000221393
-7.90721e-05
0.000104452
0.000337907
0.000632836
0.00100442
0.00147234
0.0020613
0.00279891
0.00370917
0.00480294
0.00606236
0.00738525
0.00851386
0.00913635
-0.000704757
-0.000723246
-0.000700006
-0.000664181
-0.000606023
-0.000524147
-0.000413947
-0.000269269
-8.1454e-05
0.000161663
0.000477004
0.00088813
0.00142758
0.00213843
0.00307354
0.00427499
0.00578932
0.00757916
0.00930131
0.0105012
-0.000968893
-0.000992058
-0.000979045
-0.000959935
-0.000925289
-0.000874571
-0.000804216
-0.00070933
-0.000582742
-0.000413872
-0.000186895
0.000121872
0.000547792
0.00114289
0.00197606
0.00313176
0.00477237
0.00702843
0.00955611
0.0115922
-0.00126176
-0.00129007
-0.00128825
-0.0012877
-0.0012796
-0.00126474
-0.00124141
-0.00120712
-0.00115798
-0.00108785
-0.000987057
-0.000840362
-0.000623307
-0.000297386
0.000187642
0.000901906
0.00202225
0.00406924
0.0069558
0.0100568
-0.00157709
-0.00161061
-0.00162
-0.00163868
-0.00165876
-0.00168282
-0.00171169
-0.00174646
-0.00178832
-0.00183875
-0.00189975
-0.00197475
-0.00207037
-0.00220427
-0.00243879
-0.00286816
-0.00330713
-0.00227052
0.000566424
0.00478962
-0.00190913
-0.00194874
-0.00196901
-0.00200684
-0.00205447
-0.0021174
-0.00219976
-0.00230744
-0.00244849
-0.00263533
-0.00288759
-0.0032383
-0.0037457
-0.00451812
-0.00579036
-0.00783851
-0.0107212
-0.0108292
-0.00831463
-0.00305266
-0.00224846
-0.00229096
-0.00231729
-0.00236911
-0.00244085
-0.00254038
-0.00267396
-0.00285131
-0.00308752
-0.00340563
-0.00384313
-0.00446431
-0.00538678
-0.00680103
-0.00911562
-0.0125636
-0.0176772
-0.0188256
-0.0176408
-0.0113033
-0.00260074
-0.00265527
-0.00268682
-0.00275643
-0.00284526
-0.00297122
-0.00314195
-0.00337344
-0.00368686
-0.00411453
-0.00470746
-0.00554969
-0.00680922
-0.0086787
-0.0118507
-0.0159113
-0.0229805
-0.0243753
-0.0246909
-0.017629
-0.00293658
-0.00297975
-0.00299779
-0.00305041
-0.00314351
-0.00328839
-0.00349455
-0.0037747
-0.00414971
-0.00465272
-0.00534012
-0.00628865
-0.00773484
-0.00965756
-0.0133741
-0.0171446
-0.0249196
-0.0258009
-0.0273202
-0.0199327
-0.00327494
-0.00338354
-0.00338979
-0.00349174
-0.00357558
-0.00371847
-0.00391096
-0.00418385
-0.00455854
-0.00506932
-0.00577161
-0.00669837
-0.00818552
-0.00985085
-0.0134876
-0.0166695
-0.0230654
-0.023493
-0.0256171
-0.01754
-0.00375611
-0.00367689
-0.003621
-0.00355252
-0.00360211
-0.00373424
-0.00395434
-0.00426336
-0.00467186
-0.0051969
-0.00588868
-0.00671148
-0.00805288
-0.00945767
-0.0121859
-0.0144566
-0.0186113
-0.0178736
-0.0199938
-0.0104836
-0.00354977
-0.00409779
-0.00405429
-0.00429755
-0.00427114
-0.00436748
-0.00447139
-0.00467547
-0.00497769
-0.00539835
-0.00597889
-0.00665524
-0.00774449
-0.00885592
-0.0109133
-0.0124286
-0.0148365
-0.0133597
-0.0133952
0.001214
-0.00573157
-0.00451856
-0.00425737
-0.00360667
-0.0035379
-0.00361918
-0.00384218
-0.004162
-0.0045651
-0.00503905
-0.00561534
-0.00624435
-0.00707546
-0.00790689
-0.00902378
-0.00972218
-0.0102031
-0.00850196
-0.00576194
0.020127
-0.00213259
-0.00551016
-0.00487457
-0.00541405
-0.00495952
-0.00499117
-0.00489938
-0.00496736
-0.0051397
-0.00543323
-0.0058239
-0.00633599
-0.00712184
-0.00798781
-0.0095326
-0.0107912
-0.0127371
-0.00817112
0.000796731
0.0494034
-0.0168252
-0.0039706
-0.00300316
-0.00279328
-0.00274973
-0.00287907
-0.00317929
-0.00350533
-0.00394946
-0.00440721
-0.00493294
-0.00554701
-0.00627264
-0.00691449
-0.00748686
-0.00625566
-0.00241299
0.0159745
0.0537971
0.141783
1.44388e-05
1.29048e-05
6.29419e-05
0.000146009
0.000268994
0.00043385
0.000644359
0.000904878
0.00121999
0.00159394
0.00202979
0.00252832
0.00308614
0.00369334
0.00433079
0.00496644
0.00555556
0.00603269
0.00636246
0.00643256
1.66462e-05
1.47529e-05
6.59124e-05
0.000147666
0.000268022
0.000428999
0.00063452
0.000889016
0.00119723
0.0015638
0.0019925
0.00248521
0.00303947
0.0036469
0.00429167
0.00494248
0.005554
0.00605645
0.00640943
0.00648558
-4.31176e-05
-4.81233e-05
5.64618e-07
7.79033e-05
0.000192427
0.000346132
0.000543191
0.000788452
0.00108739
0.00144581
0.00186923
0.00236178
0.00292514
0.00355527
0.00423863
0.00494607
0.0056295
0.00620799
0.00662279
0.00672253
-0.000145505
-0.000152991
-0.00010824
-3.76045e-05
6.78985e-05
0.000210294
0.000394089
0.000624687
0.000908541
0.00125313
0.00166665
0.00215722
0.00273117
0.00338995
0.0041288
0.00492287
0.00572321
0.00643689
0.00696553
0.00712796
-0.000294126
-0.000304537
-0.000265423
-0.000203909
-0.000110697
1.61998e-05
0.000181553
0.000391337
0.000653075
0.0009761
0.00137172
0.00185309
0.00243418
0.00312705
0.00393173
0.00484128
0.00580989
0.00673478
0.00745923
0.00776761
-0.000485692
-0.00049958
-0.000467725
-0.00041787
-0.000340554
-0.000233973
-9.33176e-05
8.76604e-05
0.000317271
0.000606429
0.00096937
0.00142436
0.00199399
0.00270307
0.00357221
0.00461106
0.00579888
0.00704042
0.00809802
0.00873031
-0.000716207
-0.000734155
-0.000711103
-0.000675473
-0.000617841
-0.000536854
-0.000428081
-0.000285616
-0.000101187
0.000136767
0.000444248
0.000843395
0.0013646
0.00204795
0.00294076
0.0040796
0.00550606
0.00717951
0.00877814
0.0100357
-0.000981055
-0.00100362
-0.000990716
-0.000971666
-0.000937351
-0.000887241
-0.0008179
-0.000724605
-0.000600453
-0.000435277
-0.000213919
8.62235e-05
0.000498695
0.00107251
0.00187334
0.00297895
0.00454419
0.00666384
0.00901603
0.011198
-0.00127485
-0.00130247
-0.00130066
-0.00129999
-0.00129195
-0.0012773
-0.00125438
-0.00122076
-0.00117255
-0.00110366
-0.00100435
-0.000859218
-0.000643304
-0.000316715
0.000175778
0.000915518
0.00207184
0.00404035
0.00666998
0.00989686
-0.00159149
-0.00162425
-0.00163351
-0.00165185
-0.00167166
-0.00169546
-0.00172403
-0.00175831
-0.00179923
-0.00184769
-0.00190457
-0.00197103
-0.00204915
-0.00214651
-0.00230225
-0.00257491
-0.00275106
-0.00169816
0.000802006
0.00497051
-0.00192542
-0.00196416
-0.00198412
-0.00202132
-0.00206832
-0.00213049
-0.0022118
-0.0023178
-0.00245589
-0.00263718
-0.00287884
-0.00320891
-0.00367551
-0.00436716
-0.00547781
-0.00723025
-0.00953117
-0.00953612
-0.00709493
-0.00227702
-0.00226771
-0.00230925
-0.0023351
-0.00238608
-0.0024569
-0.00255524
-0.00268718
-0.00286201
-0.00309392
-0.00340422
-0.00382718
-0.00442031
-0.00528712
-0.00659219
-0.00867682
-0.0117495
-0.0161165
-0.0172311
-0.0159381
-0.0102275
-0.00262419
-0.00267761
-0.00270846
-0.00277681
-0.00286435
-0.00298876
-0.00315756
-0.00338628
-0.00369524
-0.0041151
-0.00469404
-0.00550911
-0.00671272
-0.00848667
-0.0114326
-0.0152563
-0.0217114
-0.0234531
-0.0241414
-0.0168306
-0.00296647
-0.00300801
-0.00302509
-0.00307633
-0.00316821
-0.00331169
-0.00351616
-0.00379409
-0.00416588
-0.00466362
-0.00534203
-0.00627489
-0.00768336
-0.00957969
-0.0131631
-0.0168873
-0.0245976
-0.0260086
-0.02766
-0.0196989
-0.00331429
-0.00342107
-0.00342625
-0.00352589
-0.00360784
-0.0037489
-0.00393995
-0.00421173
-0.00458564
-0.00509576
-0.00579734
-0.00672637
-0.00820155
-0.0098809
-0.0135843
-0.0167915
-0.0236495
-0.0245039
-0.0267407
-0.018043
-0.00380724
-0.00372411
-0.00366663
-0.00359547
-0.00364443
-0.00377568
-0.00399532
-0.00430436
-0.00471416
-0.0052422
-0.00594112
-0.00677553
-0.00813747
-0.0095801
-0.0124466
-0.0148776
-0.0195067
-0.0192616
-0.021559
-0.0113269
-0.00361759
-0.00416053
-0.00412035
-0.0043568
-0.0043275
-0.0044209
-0.00452381
-0.00472872
-0.00503379
-0.00546032
-0.00605119
-0.00674344
-0.00786249
-0.00901717
-0.0111806
-0.0128182
-0.0155348
-0.0144165
-0.0145915
0.000547103
-0.00582176
-0.00458473
-0.00433745
-0.00367317
-0.00360765
-0.00368866
-0.00391277
-0.00423363
-0.00463972
-0.00511831
-0.00570658
-0.00635134
-0.00721294
-0.00807589
-0.00928484
-0.010038
-0.010672
-0.00909628
-0.00632959
0.0196158
-0.00223762
-0.00558776
-0.00495911
-0.00549093
-0.00503782
-0.0050688
-0.00497732
-0.00504903
-0.00522628
-0.00552634
-0.00592644
-0.0064564
-0.00726073
-0.00814722
-0.00977639
-0.0110401
-0.0130823
-0.00860557
0.000455522
0.0486085
-0.0169081
-0.00406175
-0.00311531
-0.00290364
-0.00285407
-0.00298003
-0.00327903
-0.00360548
-0.00405158
-0.00451078
-0.00504857
-0.00567212
-0.0064206
-0.00708997
-0.00772067
-0.00655376
-0.00280049
0.0153667
0.0531617
0.140589
6.91117e-06
6.34417e-06
5.62959e-05
0.000139175
0.00026155
0.000425383
0.000634338
0.00089259
0.00120447
0.00157388
0.00200349
0.00249363
0.00304048
0.00363379
0.00425443
0.00487119
0.00544109
0.00590222
0.00622118
0.00629218
7.53892e-06
6.6227e-06
5.75895e-05
0.000139153
0.000258954
0.000419019
0.00062314
0.000875562
0.00118077
0.00154305
0.00196573
0.00245018
0.00299345
0.00358649
0.00421353
0.00484381
0.00543383
0.00591775
0.00625787
0.00633425
-5.32195e-05
-5.71311e-05
-8.64882e-06
6.8526e-05
0.000182524
0.000335355
0.000531046
0.000774248
0.00107014
0.00142414
0.0018412
0.0023248
0.0028758
0.00348944
0.00415133
0.00483306
0.00548838
0.0060413
0.0064376
0.00653609
-0.000156639
-0.00016296
-0.000118427
-4.79314e-05
5.70729e-05
0.000198623
0.000381069
0.000609593
0.000890317
0.00123024
0.00163687
0.00211739
0.00267687
0.00331493
0.00402767
0.00478777
0.00554854
0.00622301
0.00672258
0.00687998
-0.000306067
-0.00031523
-0.000276334
-0.000214936
-0.000122204
3.86113e-06
0.000167862
0.00037553
0.00063401
0.000952076
0.0013402
0.00181032
0.00237482
0.00304416
0.00381418
0.00467735
0.00558885
0.00645218
0.00712637
0.00742091
-0.000498343
-0.000510885
-0.000479233
-0.000429456
-0.00035258
-0.000246787
-0.000107442
7.14464e-05
0.000297784
0.000581858
0.000936924
0.00137973
0.00193057
0.00261089
0.00343713
0.00441632
0.00552382
0.00666902
0.00763784
0.00824008
-0.000729556
-0.000746047
-0.000723166
-0.000687542
-0.000630262
-0.000549948
-0.000442333
-0.00030175
-0.000120318
0.000112907
0.000412934
0.000800303
0.00130281
0.00195657
0.00280284
0.00386964
0.00519216
0.00672166
0.00816488
0.00939243
-0.000995179
-0.00101616
-0.00100337
-0.000984203
-0.000950081
-0.000900426
-0.000831933
-0.000740059
-0.000618188
-0.000456622
-0.000240989
4.99917e-05
0.00044757
0.00099687
0.00175766
0.00279292
0.00426278
0.00620597
0.008343
0.0105177
-0.00128994
-0.00131583
-0.00131403
-0.00131307
-0.00130498
-0.00129045
-0.00126789
-0.00123493
-0.00118778
-0.00112042
-0.00102326
-0.000880976
-0.000668672
-0.00034601
0.000146439
0.000905597
0.00206003
0.00391849
0.00620578
0.00942016
-0.00160794
-0.00163881
-0.00164796
-0.00166579
-0.00168523
-0.0017087
-0.00173699
-0.00177094
-0.00181129
-0.00185845
-0.00191235
-0.00197203
-0.00203506
-0.00209868
-0.00217609
-0.00228592
-0.00223012
-0.00114431
0.00101025
0.00526564
-0.00194381
-0.00198038
-0.00200002
-0.00203638
-0.00208263
-0.002144
-0.00222435
-0.00232895
-0.0024646
-0.00264123
-0.00287351
-0.00318392
-0.00360919
-0.00421445
-0.00513888
-0.00651494
-0.0083
-0.00802201
-0.00534481
-0.000770496
-0.00228937
-0.00232856
-0.00235392
-0.00240386
-0.00247352
-0.00257054
-0.00270083
-0.00287338
-0.00310156
-0.00340487
-0.00381391
-0.00437806
-0.00518488
-0.00636818
-0.00822207
-0.0108698
-0.0144427
-0.0150574
-0.013033
-0.00773858
-0.00265038
-0.00270093
-0.00273085
-0.00279753
-0.00288336
-0.00300602
-0.00317283
-0.00339896
-0.00370391
-0.00411652
-0.0046817
-0.00546859
-0.00661537
-0.0082843
-0.0109985
-0.0145185
-0.0202031
-0.0216575
-0.021435
-0.0142708
-0.00300086
-0.00303863
-0.00305438
-0.00310401
-0.00319408
-0.00333574
-0.00353811
-0.00381359
-0.0041822
-0.00467467
-0.00534488
-0.00626056
-0.00763539
-0.00949301
-0.0129578
-0.0165802
-0.024134
-0.0254594
-0.0264254
-0.0181222
-0.00336203
-0.00346357
-0.00346596
-0.00356235
-0.00364092
-0.00377942
-0.00396838
-0.00423864
-0.0046118
-0.00512075
-0.00582323
-0.00675207
-0.00822305
-0.00990188
-0.0137562
-0.0168689
-0.0242255
-0.0249449
-0.0263783
-0.0178867
-0.00387041
-0.00377917
-0.0037174
-0.0036447
-0.00369207
-0.00382165
-0.00403975
-0.00434767
-0.00475827
-0.00528805
-0.00599543
-0.00684429
-0.00822775
-0.00971006
-0.01273
-0.0153055
-0.0203627
-0.0203917
-0.0221374
-0.012163
-0.00373267
-0.00425765
-0.00420282
-0.00442933
-0.00439236
-0.00448097
-0.00458128
-0.00478587
-0.00509344
-0.00552435
-0.00612813
-0.00684124
-0.00799136
-0.00918259
-0.0114585
-0.0131916
-0.0161705
-0.0153099
-0.0152216
-0.000296605
-0.00594311
-0.00468367
-0.00441246
-0.00376479
-0.00370262
-0.00378216
-0.00400495
-0.00432277
-0.00473053
-0.00521023
-0.00581338
-0.00647058
-0.00737479
-0.00825626
-0.00956755
-0.0103091
-0.0110554
-0.00944724
-0.00627999
0.0188457
-0.00252563
-0.00574839
-0.00510839
-0.00561427
-0.00516088
-0.0051813
-0.00508548
-0.00515786
-0.00533761
-0.00564223
-0.0060558
-0.00660321
-0.00744081
-0.00832642
-0.0100411
-0.0112313
-0.013187
-0.00881758
0.000856421
0.0470883
-0.0170952
-0.00426613
-0.00335156
-0.00311485
-0.00304526
-0.00315415
-0.00344245
-0.00376068
-0.00420377
-0.00465894
-0.0052129
-0.00584114
-0.00662323
-0.00732505
-0.00798255
-0.00688685
-0.00301225
0.0145834
0.0525579
0.137572
1.19911e-07
1.33425e-06
5.12784e-05
0.000134124
0.000256086
0.000419198
0.000627035
0.000883631
0.00119311
0.00155911
0.00198394
0.00246753
0.00300564
0.00358762
0.00419423
0.00479516
0.00534898
0.00579717
0.0061079
0.00618263
-2.18946e-06
-1.1268e-06
4.96317e-05
0.000131196
0.000250704
0.000410245
0.000613509
0.000864608
0.00116784
0.00152717
0.00194553
0.00242385
0.00295878
0.00354094
0.00415301
0.00476616
0.00533819
0.00580698
0.00613699
0.00621649
-6.43755e-05
-6.60298e-05
-1.77851e-05
5.94357e-05
0.000173194
0.00032557
0.000520475
0.000762408
0.00105633
0.00140732
0.00181985
0.00229679
0.00283827
0.00343865
0.00408295
0.00474307
0.00537455
0.00590609
0.00628738
0.00638702
-0.000169126
-0.000173036
-0.000128768
-5.81966e-05
4.66019e-05
0.000187735
0.000369423
0.000596673
0.000875351
0.00121207
0.00161377
0.00208677
0.00263527
0.00325854
0.0039477
0.00467859
0.00540529
0.00604601
0.00652139
0.0066741
-0.000319469
-0.000326111
-0.000287497
-0.000226008
-0.000133478
-7.83618e-06
0.000155374
0.000361689
0.000617953
0.00093247
0.00131499
0.00177634
0.00232712
0.00297491
0.00371826
0.00454199
0.00540336
0.00621212
0.00684253
0.00711857
-0.000512496
-0.00052242
-0.000491062
-0.000441175
-0.000364487
-0.000259114
-0.000120577
5.6904e-05
0.000280903
0.000561176
0.000910135
0.00134318
0.00187854
0.0025349
0.00332677
0.00425142
0.00528505
0.00634047
0.00722666
0.00777578
-0.000744466
-0.000758212
-0.00073562
-0.000699841
-0.000642696
-0.000562739
-0.000455866
-0.000316614
-0.000137438
9.20664e-05
0.000386031
0.000763523
0.00124984
0.00187702
0.0026794
0.00368212
0.00490148
0.00628468
0.00757084
0.00872341
-0.00101096
-0.00102901
-0.00101648
-0.000997067
-0.000962958
-0.000913505
-0.000845552
-0.00075473
-0.000634699
-0.000476212
-0.000265661
1.6918e-05
0.000400422
0.000925914
0.0016489
0.00263855
0.00396177
0.00567825
0.00757358
0.00979096
-0.00130681
-0.00132952
-0.0013279
-0.00132653
-0.00131825
-0.00130366
-0.00128127
-0.00124882
-0.00120267
-0.00113703
-0.00104261
-0.00090461
-0.000699227
-0.000388212
8.45774e-05
0.000801627
0.00190953
0.00356104
0.00551319
0.00864294
-0.0016263
-0.00165371
-0.00166295
-0.00168017
-0.0016991
-0.0017221
-0.00175002
-0.00178373
-0.0018239
-0.00187083
-0.00192394
-0.00198112
-0.00203798
-0.00208676
-0.00212508
-0.00215183
-0.00203445
-0.00126296
9.44796e-05
0.00429546
-0.00196417
-0.00199675
-0.00201621
-0.0020516
-0.00209695
-0.00215743
-0.00223687
-0.00234034
-0.00247437
-0.00264826
-0.00287511
-0.00317413
-0.00357581
-0.00412993
-0.0049426
-0.00611893
-0.00757819
-0.00744647
-0.00503551
-0.000326165
-0.00231333
-0.0023483
-0.00237335
-0.00242216
-0.00249034
-0.00258579
-0.00271433
-0.0028849
-0.00311034
-0.00340918
-0.00381003
-0.0043566
-0.00512721
-0.0062301
-0.00790609
-0.0101869
-0.0132077
-0.0133671
-0.0104093
-0.005654
-0.00267892
-0.00272435
-0.00275351
-0.00281843
-0.0029021
-0.00302266
-0.00318723
-0.00341084
-0.00371264
-0.00412018
-0.00467777
-0.00544632
-0.00656004
-0.0081328
-0.0106568
-0.0138359
-0.0189583
-0.0198827
-0.018923
-0.0125023
-0.00303893
-0.00307029
-0.00308472
-0.00313276
-0.00322001
-0.00335922
-0.00355881
-0.00383151
-0.00419747
-0.00468574
-0.00535295
-0.00625683
-0.00762193
-0.00940139
-0.0128147
-0.0163263
-0.0241204
-0.0250173
-0.0264545
-0.0172726
-0.00341664
-0.00350943
-0.0035087
-0.00360216
-0.00367574
-0.00381073
-0.00399642
-0.00426398
-0.00463575
-0.00514359
-0.005852
-0.00676997
-0.00827613
-0.00982334
-0.0139033
-0.0170937
-0.02574
-0.0255713
-0.0280639
-0.018095
-0.00393567
-0.00383264
-0.00376895
-0.00369781
-0.00374167
-0.00386864
-0.00408359
-0.00438842
-0.00479902
-0.00532876
-0.00605074
-0.00691128
-0.00831922
-0.00982406
-0.0130272
-0.01573
-0.0218385
-0.0219709
-0.0247009
-0.0130123
-0.0039025
-0.00439454
-0.00430525
-0.00452236
-0.00447194
-0.00455458
-0.00464947
-0.00485018
-0.00515707
-0.00558518
-0.00620279
-0.00694096
-0.00813535
-0.00932752
-0.011788
-0.0135123
-0.0172634
-0.0164996
-0.0176663
-0.000693797
-0.00600569
-0.00472198
-0.00448567
-0.00388509
-0.00382324
-0.00389916
-0.00411749
-0.00442427
-0.00483063
-0.00529759
-0.00592031
-0.00658803
-0.00755584
-0.00841878
-0.00991695
-0.0105331
-0.0117801
-0.00982887
-0.00762311
0.0185846
-0.00299494
-0.00614349
-0.00538967
-0.00586529
-0.00539654
-0.00538428
-0.00527511
-0.00533328
-0.00550345
-0.00579863
-0.00622697
-0.00677667
-0.00767746
-0.00852124
-0.0103923
-0.0113387
-0.0135043
-0.00879573
0.00039233
0.0463382
-0.0172062
-0.0044969
-0.00364078
-0.00334084
-0.00326843
-0.00335843
-0.00365207
-0.00394399
-0.00439736
-0.00482612
-0.00543693
-0.00603084
-0.00690708
-0.00759724
-0.00833202
-0.00716196
-0.00336845
0.0140248
0.0508734
0.135108
-3.93464e-06
2.14396e-06
5.24156e-05
0.000135627
0.00025746
0.00042024
0.000627537
0.000883304
0.00119154
0.00155567
0.00197776
0.00245739
0.00298999
0.00356476
0.00416217
0.00475219
0.00529463
0.00573454
0.006041
0.0061274
-1.26469e-05
-6.63153e-06
4.38245e-05
0.000125618
0.000245089
0.000404576
0.000607742
0.000858634
0.00116142
0.00151995
0.00193689
0.00241276
0.00294378
0.00352014
0.00412353
0.00472664
0.00528728
0.00574707
0.00607166
0.00616225
-7.6722e-05
-7.27955e-05
-2.49167e-05
5.25622e-05
0.000166312
0.000318681
0.000513557
0.000755378
0.00104898
0.0013992
0.00181027
0.00228459
0.00282165
0.00341502
0.00404897
0.00469567
0.00531121
0.0058289
0.00620121
0.00631065
-0.000182981
-0.000181028
-0.000137192
-6.63676e-05
3.84121e-05
0.000179534
0.000361186
0.000588315
0.000866657
0.00120257
0.00160257
0.00207246
0.00261563
0.00323065
0.00390716
0.00461745
0.00531982
0.00593579
0.00639291
0.00654764
-0.000334004
-0.000334559
-0.000296413
-0.000234699
-0.000142253
-1.67234e-05
0.000146308
0.00035231
0.000607978
0.000921335
0.00130164
0.00175894
0.00230255
0.00293836
0.00366369
0.00445868
0.00528047
0.00604315
0.00663252
0.0068755
-0.000527386
-0.000530998
-0.000500128
-0.000450048
-0.00037352
-0.000268384
-0.000130217
4.66691e-05
0.000269688
0.000548277
0.000894266
0.00132204
0.00184807
0.00248834
0.00325324
0.00413795
0.00510395
0.00607014
0.0068622
0.00726737
-0.000759573
-0.000766772
-0.000744671
-0.000708715
-0.000651782
-0.000572169
-0.000465842
-0.000327452
-0.000149655
7.75962e-05
0.000367793
0.000738751
0.00121347
0.0018199
0.00258656
0.00353068
0.00463717
0.00585921
0.00693006
0.00762772
-0.00102619
-0.00103744
-0.00102537
-0.00100576
-0.000971869
-0.00092281
-0.000855523
-0.000765768
-0.00064742
-0.000491616
-0.000285455
-1.02437e-05
0.000360465
0.000862939
0.00154489
0.0024597
0.00364858
0.00504222
0.00644124
0.00762634
-0.00132212
-0.00133772
-0.00133649
-0.00133485
-0.0013267
-0.00131247
-0.00129076
-0.00125945
-0.00121512
-0.00115228
-0.0010622
-0.000930989
-0.000736649
-0.000444181
-1.73519e-06
0.000664073
0.00165216
0.00306959
0.00451847
0.00607807
-0.00164174
-0.00166176
-0.00167131
-0.00168815
-0.00170705
-0.00173022
-0.00175867
-0.00179343
-0.00183538
-0.00188499
-0.00194182
-0.00200335
-0.00206375
-0.00210933
-0.00211759
-0.00204413
-0.00179881
-0.00105333
0.000387688
0.0034392
-0.00197969
-0.00200422
-0.00202361
-0.00205832
-0.00210333
-0.00216385
-0.00224371
-0.00234797
-0.00248337
-0.00265905
-0.00288751
-0.0031847
-0.00357387
-0.00407889
-0.00473095
-0.00547807
-0.00619501
-0.00525218
-0.00162785
0.00200676
-0.00233023
-0.00235726
-0.00238225
-0.00243064
-0.00249785
-0.00259271
-0.00272081
-0.00289173
-0.00311825
-0.00341819
-0.00381958
-0.00435697
-0.00509584
-0.00608748
-0.00744773
-0.00896459
-0.0105394
-0.00888046
-0.0037623
-0.000898078
-0.00269584
-0.00273014
-0.00275826
-0.00282158
-0.00290373
-0.00302397
-0.00318854
-0.00341291
-0.00371621
-0.00412369
-0.0046827
-0.00543559
-0.00650964
-0.00792278
-0.0100569
-0.0122693
-0.0155444
-0.0147233
-0.0114764
-0.00666341
-0.00306427
-0.00308487
-0.00309832
-0.00314648
-0.00323098
-0.00336886
-0.00356673
-0.00383851
-0.00420543
-0.00469131
-0.00536101
-0.00626104
-0.00758321
-0.00927777
-0.0122174
-0.0149607
-0.0211095
-0.021588
-0.0206736
-0.01208
-0.00345032
-0.00351974
-0.0035159
-0.00360544
-0.00367457
-0.00380961
-0.00399527
-0.00426378
-0.00463905
-0.00514977
-0.0058642
-0.00680629
-0.00824208
-0.00996428
-0.013297
-0.016297
-0.0239798
-0.0242188
-0.0242555
-0.0143228
-0.00399235
-0.00386151
-0.00379588
-0.00373308
-0.00376972
-0.00389294
-0.00410457
-0.00440573
-0.00481782
-0.00535292
-0.00607827
-0.00698583
-0.00837313
-0.00992482
-0.0128987
-0.015429
-0.0212374
-0.0214342
-0.0218371
-0.0110702
-0.00412867
-0.00452249
-0.0043537
-0.00454405
-0.00447886
-0.00456265
-0.00465996
-0.00486342
-0.00517692
-0.00561953
-0.00625041
-0.00702789
-0.00825132
-0.00948026
-0.0118801
-0.0134167
-0.0170307
-0.0158423
-0.0155714
-0.000109915
-0.00612851
-0.00470942
-0.00451935
-0.00403714
-0.00395673
-0.00400938
-0.00421332
-0.0044953
-0.00490095
-0.00537121
-0.00601194
-0.00669704
-0.00773429
-0.00858635
-0.0101715
-0.0105228
-0.0120618
-0.0092348
-0.00682875
0.0183214
-0.0045002
-0.00685182
-0.00579524
-0.0060973
-0.00558057
-0.00547711
-0.00534975
-0.00537365
-0.00555046
-0.00584235
-0.00632783
-0.00689188
-0.00789786
-0.00873998
-0.01065
-0.0111126
-0.012943
-0.00698715
0.0015035
0.0444017
-0.0178206
-0.00520776
-0.00444965
-0.00387556
-0.00365089
-0.00366397
-0.00392663
-0.00417049
-0.00462025
-0.00500914
-0.00569775
-0.00622659
-0.00727588
-0.00779136
-0.00871859
-0.00715923
-0.00338234
0.013829
0.0450105
0.119564
)
;

boundaryField
{
    movingWall
    {
        type            zeroGradient;
    }
    fixedWalls
    {
        type            zeroGradient;
    }
}


// ************************************************************************* //
