/*--------------------------------*- C++ -*----------------------------------*\
  =========                 |
  \\      /  F ield         | OpenFOAM: The Open Source CFD Toolbox
   \\    /   O peration     | Website:  https://openfoam.org
    \\  /    A nd           | Version:  9
     \\/     M anipulation  |
\*---------------------------------------------------------------------------*/
FoamFile
{
    format      ascii;
    class       volScalarField;
    location    "8";
    object      p;
}
// * * * * * * * * * * * * * * * * * * * * * * * * * * * * * * * * * * * * * //

dimensions      [0 2 -2 0 0 0 0];

internalField   nonuniform List<scalar> 
8000
(
-1.51879e-08
1.60913e-06
4.74839e-05
0.000125492
0.00024002
0.000392592
0.000585753
0.000822195
0.00110432
0.00143373
0.00181054
0.00223243
0.00269338
0.0031822
0.00368128
0.00416557
0.00460368
0.00495505
0.00519822
0.00527021
-1.3988e-05
-8.97474e-06
3.79401e-05
0.000114883
0.000227379
0.00037713
0.000566869
0.000799471
0.00107761
0.00140328
0.00177719
0.00219766
0.00265921
0.00315151
0.0036581
0.00415441
0.0046079
0.00497511
0.00523254
0.00530836
-7.48e-05
-7.06879e-05
-2.52913e-05
4.84761e-05
0.000156688
0.000301211
0.000485125
0.000711795
0.00098461
0.00130654
0.00167954
0.0021036
0.00257563
0.00308731
0.00362315
0.00415796
0.0046568
0.00506923
0.00536352
0.00545386
-0.000172628
-0.000170001
-0.000127594
-5.89596e-05
4.24233e-05
0.000178609
0.000353139
0.000570062
0.000833804
0.00114888
0.0015193
0.00194763
0.00243369
0.00297227
0.00355065
0.00414544
0.00471813
0.00520893
0.00556914
0.00569233
-0.000310627
-0.000310188
-0.000272265
-0.000210843
-0.000119014
5.43009e-06
0.000166541
0.00036914
0.00061888
0.000922134
0.00128562
0.0017156
0.0022163
0.00278761
0.00342142
0.00409797
0.00477621
0.00538565
0.00584998
0.00603778
-0.000487312
-0.000489678
-0.000457687
-0.000405715
-0.000326522
-0.000217853
-7.5254e-05
0.000106802
0.000335164
0.000618145
0.000965479
0.00138795
0.00189618
0.00249794
0.00319355
0.00396602
0.00478302
0.00556397
0.00618795
0.0065004
-0.000700269
-0.000706043
-0.000681426
-0.00064127
-0.000578115
-0.000489864
-0.000371944
-0.000218435
-2.15893e-05
0.000228544
0.000544524
0.00094174
0.00143809
0.00205178
0.00279532
0.00366826
0.00465327
0.00566788
0.00652946
0.00707775
-0.000946386
-0.000956141
-0.000940245
-0.000914243
-0.000870634
-0.000807791
-0.000721462
-0.000605946
-0.000453377
-0.000252983
9.70219e-06
0.000353797
0.000804068
0.00139138
0.00214979
0.00310579
0.00424653
0.00554535
0.00672996
0.00770454
-0.00122186
-0.00123608
-0.00122997
-0.00122015
-0.00119932
-0.00116676
-0.00111913
-0.00105176
-0.000957835
-0.000827558
-0.000646797
-0.00039529
-4.46773e-05
0.000444359
0.00112461
0.00205798
0.00330032
0.00484465
0.00643285
0.00809734
-0.00152241
-0.00154138
-0.00154552
-0.0015532
-0.00155756
-0.00155928
-0.00155672
-0.00154718
-0.00152635
-0.00148754
-0.00142039
-0.00130898
-0.0011286
-0.000840581
-0.000386673
0.000317693
0.00140411
0.00300068
0.00472288
0.00704711
-0.0018437
-0.00186761
-0.00188161
-0.00190705
-0.00193739
-0.00197558
-0.00202243
-0.00207822
-0.00214288
-0.00221548
-0.00229363
-0.00237218
-0.00244159
-0.00248219
-0.00246104
-0.00231767
-0.00191441
-0.000839801
0.000868782
0.00501939
-0.00218142
-0.00220889
-0.00222969
-0.00227038
-0.00232496
-0.00239947
-0.00249682
-0.00262127
-0.00277794
-0.0029735
-0.00321715
-0.00352065
-0.00390253
-0.00437995
-0.00497953
-0.00565127
-0.00630067
-0.00536139
-0.00204285
0.00345525
-0.00253778
-0.00257447
-0.00260036
-0.00265856
-0.00273198
-0.00283658
-0.00297708
-0.00316372
-0.0034085
-0.00372793
-0.00414618
-0.00469366
-0.00543054
-0.00640759
-0.00774089
-0.00928313
-0.0111437
-0.0102887
-0.00622724
-0.000922514
-0.00289941
-0.00292209
-0.00293658
-0.00298451
-0.00306716
-0.00319867
-0.00338455
-0.00363505
-0.00396481
-0.00439474
-0.00496606
-0.00571622
-0.00677571
-0.00817108
-0.0102945
-0.0126456
-0.0165536
-0.0173802
-0.014953
-0.00862213
-0.00329078
-0.00336593
-0.00336636
-0.00345955
-0.00353401
-0.00367079
-0.0038584
-0.0041256
-0.00449314
-0.00498635
-0.00566844
-0.00654847
-0.00786976
-0.00954869
-0.0125097
-0.015276
-0.0219894
-0.0244725
-0.0245936
-0.014326
-0.00382131
-0.00369572
-0.00363936
-0.00359099
-0.00364213
-0.0037813
-0.00401016
-0.00433285
-0.0047674
-0.0053197
-0.00607262
-0.00702949
-0.00845364
-0.0101795
-0.0133496
-0.0164846
-0.0241928
-0.0264874
-0.0278829
-0.0144512
-0.00398596
-0.0043884
-0.0042299
-0.00443272
-0.00438753
-0.00449063
-0.0046159
-0.00485353
-0.00521303
-0.00570207
-0.00640518
-0.0072952
-0.00866625
-0.0102158
-0.0131577
-0.0158208
-0.022012
-0.0236777
-0.023293
-0.00549527
-0.00596547
-0.00454878
-0.0043744
-0.00392235
-0.00387
-0.0039582
-0.00419658
-0.00452908
-0.00499526
-0.00553559
-0.00627779
-0.0071093
-0.00834856
-0.00956796
-0.0117306
-0.0129868
-0.0161713
-0.0153136
-0.0123771
0.0143018
-0.00437191
-0.00672154
-0.00569834
-0.00603081
-0.00554283
-0.00546281
-0.00536685
-0.00543745
-0.00567383
-0.00602431
-0.00661123
-0.00730121
-0.00845601
-0.00954332
-0.0118648
-0.0129077
-0.0160741
-0.0109675
-0.00208915
0.0423079
-0.0176386
-0.00504065
-0.00432765
-0.00378616
-0.00358673
-0.00363233
-0.00392501
-0.00422988
-0.00474564
-0.00518543
-0.00600059
-0.00668329
-0.00792058
-0.00874763
-0.0101387
-0.0091635
-0.00628433
0.010532
0.0423856
0.118222
-1.84725e-06
-1.0835e-06
4.54539e-05
0.000123416
0.000238177
0.000391124
0.000584836
0.00082208
0.00110537
0.00143641
0.00181552
0.00224052
0.00270546
0.00319937
0.00370477
0.00419618
0.00464134
0.00499737
0.00524279
0.00530548
-6.58657e-06
-5.31689e-06
4.21563e-05
0.000118949
0.00023146
0.00038122
0.000571003
0.000803757
0.00108226
0.00140861
0.0017837
0.00220611
0.00267046
0.00316666
0.00367886
0.00418166
0.00464198
0.005014
0.00527427
0.00534097
-6.48084e-05
-6.55763e-05
-1.98438e-05
5.36349e-05
0.000161787
0.000306249
0.000490133
0.000716872
0.00098997
0.00131258
0.00168682
0.00211294
0.00258823
0.00310472
0.00364731
0.00419056
0.00469868
0.00511835
0.00541739
0.00549853
-0.000160945
-0.000163594
-0.000120889
-5.25986e-05
4.86915e-05
0.000184786
0.000359262
0.000576233
0.000840248
0.00115602
0.00152784
0.00195863
0.00244857
0.00299284
0.0035807
0.00418731
0.00477396
0.00527742
0.00564584
0.0057624
-0.000298071
-0.000303173
-0.000264939
-0.000203858
-0.000112083
1.23335e-05
0.00017348
0.00037626
0.000626463
0.000930686
0.001296
0.00172916
0.00223498
0.00281308
0.00346128
0.00415534
0.00485567
0.00548852
0.00597114
0.00616485
-0.000474139
-0.000482307
-0.000449972
-0.000398315
-0.000319115
-0.000210375
-6.75918e-05
0.000114851
0.000343966
0.000628332
0.000978132
0.0014049
0.00192054
0.0025356
0.00324521
0.00404615
0.00490003
0.00572599
0.00639294
0.00675265
-0.000686523
-0.000698395
-0.000673399
-0.000633535
-0.000570321
-0.000481909
-0.000363659
-0.000209539
-1.1621e-05
0.000240373
0.000559554
0.000962254
0.00146795
0.00209702
0.00286437
0.00378185
0.00482706
0.00592784
0.00688349
0.00762349
-0.000932045
-0.000948258
-0.000931964
-0.000906253
-0.000862565
-0.00079951
-0.000712749
-0.000596448
-0.000442511
-0.000239796
2.68074e-05
0.000377594
0.000839489
0.00144727
0.00224191
0.00324778
0.00449351
0.00594808
0.00735335
0.00890453
-0.00120688
-0.00122798
-0.00122148
-0.001212
-0.00119113
-0.00115837
-0.00111028
-0.00104204
-0.000946603
-0.000813739
-0.000628587
-0.000369634
-6.2312e-06
0.000505557
0.00122559
0.00222786
0.00359851
0.00542636
0.00744949
0.0104411
-0.00150669
-0.00153301
-0.00153678
-0.00154487
-0.00154931
-0.00155096
-0.00154804
-0.00153769
-0.00151535
-0.00147392
-0.00140242
-0.00128383
-0.00109161
-0.000783996
-0.000298113
0.000456126
0.00165425
0.00347163
0.00540923
0.00971728
-0.00182711
-0.00185917
-0.00187304
-0.00189915
-0.00192976
-0.00196795
-0.00201455
-0.00206975
-0.00213318
-0.00220367
-0.00227851
-0.00235251
-0.00241669
-0.00245547
-0.00245368
-0.00239979
-0.00213558
-0.00115435
-0.000457087
0.00536637
-0.0021628
-0.00219845
-0.00221905
-0.00226025
-0.00231576
-0.00239101
-0.00248883
-0.00261319
-0.00276906
-0.002963
-0.00320422
-0.00350663
-0.00389383
-0.00440513
-0.00513297
-0.00620375
-0.0075689
-0.0076147
-0.00664655
-9.1997e-05
-0.00251806
-0.00256605
-0.0025925
-0.00265238
-0.0027272
-0.00283236
-0.00297305
-0.00315939
-0.00340359
-0.00372217
-0.00413984
-0.00469402
-0.00545247
-0.00651157
-0.00808279
-0.0103287
-0.0135024
-0.0144853
-0.0132178
-0.00704858
-0.00287047
-0.00290401
-0.00291921
-0.00296723
-0.00305273
-0.00318603
-0.00337392
-0.00362575
-0.00395589
-0.0043865
-0.00495541
-0.00571656
-0.00679494
-0.00830243
-0.0107185
-0.0139124
-0.0193573
-0.0218671
-0.0227384
-0.0152969
-0.00325185
-0.00335088
-0.00335377
-0.00345155
-0.00353027
-0.00366816
-0.00385662
-0.00412355
-0.00448888
-0.00498244
-0.00565281
-0.0065498
-0.00787736
-0.00961815
-0.0128296
-0.0163753
-0.0242975
-0.0273469
-0.0310429
-0.0198946
-0.00375759
-0.00366062
-0.00360616
-0.00355024
-0.00360847
-0.00375212
-0.0039857
-0.00431227
-0.0047453
-0.00530343
-0.00604537
-0.00698513
-0.00842925
-0.010069
-0.0135459
-0.0169792
-0.0250543
-0.0275214
-0.0321287
-0.0177024
-0.00375559
-0.00425449
-0.00417306
-0.00440195
-0.00437305
-0.00447678
-0.00460262
-0.00484166
-0.00519228
-0.00568439
-0.00636917
-0.00719419
-0.00858294
-0.0100634
-0.0130574
-0.0159731
-0.0220232
-0.0242265
-0.0262415
-0.00649498
-0.00583125
-0.00454415
-0.00432782
-0.00376506
-0.00373173
-0.00384372
-0.00410195
-0.00446175
-0.00492597
-0.00547778
-0.00620406
-0.00699465
-0.00817081
-0.00938601
-0.0114207
-0.0129599
-0.0158758
-0.015881
-0.0135451
0.0147515
-0.00284716
-0.00599828
-0.00528849
-0.00579204
-0.00536426
-0.00536566
-0.00528827
-0.00541861
-0.00563611
-0.00600255
-0.0065466
-0.00719488
-0.00824129
-0.00933401
-0.0115344
-0.013051
-0.0163461
-0.0126511
-0.00306023
0.0445261
-0.0170099
-0.0043308
-0.00353397
-0.0032441
-0.00320878
-0.0033296
-0.00364992
-0.00402654
-0.00452954
-0.00501617
-0.00577762
-0.00649151
-0.00756377
-0.00855566
-0.00965941
-0.00905837
-0.0060838
0.0107994
0.0486335
0.134251
1.30539e-06
1.45757e-06
4.85233e-05
0.000126725
0.0002419
0.000395444
0.000590026
0.000828527
0.0011136
0.00144714
0.00182964
0.00225919
0.00273008
0.0032314
0.00374553
0.00424651
0.00470113
0.00506458
0.00531478
0.00537499
1.5172e-08
-9.10263e-08
4.77847e-05
0.000124661
0.000237427
0.000387583
0.000577997
0.000811724
0.00109168
0.00142017
0.00179833
0.00222499
0.00269502
0.00319866
0.00371996
0.00423307
0.00470393
0.00508455
0.00535073
0.00541537
-5.64696e-05
-5.91063e-05
-1.31262e-05
6.03135e-05
0.000168641
0.000313433
0.000497895
0.000725579
0.00100015
0.00132498
0.00170252
0.00213335
0.00261519
0.00314051
0.00369418
0.00425049
0.00477256
0.00520444
0.00551231
0.00559269
-0.000151156
-0.000155912
-0.000113022
-4.48484e-05
5.65654e-05
0.000192952
0.000367989
0.000585926
0.000851503
0.00116971
0.00154521
0.00198144
0.0024792
0.00303446
0.00363658
0.00426088
0.00486761
0.00539014
0.00577279
0.00589275
-0.000287232
-0.000294599
-0.000256195
-0.000195265
-0.000103377
2.13395e-05
0.000183087
0.000386926
0.000638876
0.000945871
0.00131547
0.00175515
0.00227078
0.0028641
0.00352984
0.0042484
0.0049784
0.00564239
0.00614967
0.00635701
-0.000462365
-0.000472932
-0.000440421
-0.000388936
-0.000309629
-0.000200579
-5.7152e-05
0.000126444
0.00035749
0.000644969
0.000999663
0.00143398
0.00196088
0.00259161
0.00332747
0.00416341
0.00506167
0.00593873
0.006651
0.00704688
-0.000673788
-0.00068819
-0.000663006
-0.000623347
-0.000560058
-0.000471364
-0.000352481
-0.000197186
2.74449e-06
0.00025805
0.000582564
0.000993754
0.00151286
0.00216281
0.00296301
0.00392542
0.00503509
0.0062188
0.00725465
0.00808929
-0.000918228
-0.000937109
-0.000920628
-0.000895186
-0.000851507
-0.000788269
-0.000700988
-0.000583637
-0.000427821
-0.000221923
4.99261e-05
0.000409245
0.000884935
0.00151455
0.00234336
0.00340636
0.00474176
0.00632154
0.00787004
0.0095821
-0.00119172
-0.00121567
-0.00120902
-0.00119992
-0.00117922
-0.00114647
-0.00109812
-0.00102916
-0.000932303
-0.000796917
-0.000607471
-0.000341349
3.40856e-05
0.000566196
0.00131851
0.00236453
0.00384479
0.00584926
0.00808292
0.0111882
-0.00148972
-0.00151913
-0.00152282
-0.00153146
-0.00153633
-0.00153832
-0.00153555
-0.00152505
-0.00150211
-0.00145939
-0.00138561
-0.00126337
-0.0010652
-0.000747533
-0.000245337
0.000536805
0.00177248
0.00373276
0.00583826
0.0103678
-0.00180769
-0.00184329
-0.00185726
-0.00188424
-0.00191561
-0.00195454
-0.00200179
-0.00205761
-0.00212162
-0.00219273
-0.00226864
-0.00234509
-0.00241449
-0.00246465
-0.00249233
-0.00251248
-0.00233597
-0.00119078
6.42885e-05
0.00577982
-0.00213942
-0.00217888
-0.00219971
-0.00224196
-0.00229878
-0.00237543
-0.00247475
-0.00260065
-0.00275832
-0.00295472
-0.00320018
-0.00351097
-0.00391503
-0.00446313
-0.00527316
-0.00651478
-0.00819752
-0.00827351
-0.00699963
-0.00115797
-0.00248959
-0.00254251
-0.00256963
-0.00263128
-0.00270809
-0.00281527
-0.00295805
-0.00314668
-0.00339362
-0.0037163
-0.00414058
-0.00470822
-0.00549282
-0.00661085
-0.00831463
-0.0108622
-0.0146222
-0.0160109
-0.0153021
-0.00935018
-0.00283226
-0.00287186
-0.00288818
-0.00293784
-0.00302589
-0.0031617
-0.00335247
-0.00360733
-0.00394084
-0.00437598
-0.00495056
-0.00572501
-0.00682503
-0.00839686
-0.0109374
-0.0143902
-0.0203224
-0.0230814
-0.0244672
-0.0168114
-0.00319647
-0.00330407
-0.00330979
-0.00341088
-0.0034945
-0.00363632
-0.00382846
-0.00409882
-0.00446713
-0.00496421
-0.00563518
-0.00654104
-0.00786575
-0.00965008
-0.012865
-0.0165022
-0.024175
-0.0270607
-0.0298316
-0.0202043
-0.00369017
-0.00360615
-0.00355342
-0.00349681
-0.00355808
-0.00370474
-0.00394215
-0.00427267
-0.0047082
-0.00526942
-0.00600512
-0.00694934
-0.00834588
-0.0100091
-0.0134128
-0.0166598
-0.0238986
-0.0261255
-0.0294346
-0.0171378
-0.00358657
-0.00411793
-0.00406738
-0.00430673
-0.00429129
-0.00440209
-0.00453393
-0.00477883
-0.00513216
-0.0056273
-0.00630212
-0.00713474
-0.00845369
-0.00992812
-0.0127455
-0.0156078
-0.0206834
-0.0223656
-0.0232749
-0.00558803
-0.00576041
-0.00449333
-0.00425486
-0.00364682
-0.00361136
-0.00372871
-0.00399318
-0.00436577
-0.00483465
-0.00539735
-0.00610477
-0.00689694
-0.00801073
-0.00923948
-0.011041
-0.0126452
-0.0148656
-0.0146764
-0.0112147
0.015512
-0.00237538
-0.00559815
-0.00500482
-0.00553902
-0.00512652
-0.00515965
-0.0050886
-0.0052434
-0.00546788
-0.00583599
-0.00639373
-0.00703609
-0.00802234
-0.00919214
-0.0111785
-0.0129076
-0.0159345
-0.0122477
-0.00204881
0.045444
-0.0168992
-0.00410351
-0.00325453
-0.00301178
-0.00298237
-0.00312577
-0.00343789
-0.00385479
-0.00433928
-0.00485331
-0.00558704
-0.00632242
-0.00729346
-0.00834344
-0.0092587
-0.00870036
-0.00547512
0.0117323
0.0508288
0.137521
6.11381e-06
5.69504e-06
5.30391e-05
0.000131489
0.000247186
0.000401533
0.000597295
0.000837484
0.00112492
0.00146172
0.0018486
0.00228389
0.00276208
0.00327237
0.00379701
0.00430947
0.00477551
0.00514833
0.005405
0.00546508
6.4541e-06
5.65958e-06
5.37997e-05
0.000130868
0.000244074
0.000394919
0.000586373
0.000821626
0.00110377
0.00143535
0.00181775
0.00225009
0.0027275
0.00324049
0.00377296
0.00429861
0.00478228
0.00517376
0.00544773
0.00551291
-4.89132e-05
-5.24191e-05
-6.2486e-06
6.7311e-05
0.000176032
0.000321477
0.000506959
0.000736179
0.00101301
0.00134109
0.00172318
0.0021603
0.00265057
0.00318686
0.00375407
0.00432618
0.00486505
0.00531209
0.0056313
0.00571396
-0.000142479
-0.000148202
-0.00010516
-3.69191e-05
6.48521e-05
0.000201868
0.000377925
0.000597441
0.000865394
0.0011871
0.00156768
0.00201109
0.0025188
0.00308754
0.00370711
0.00435274
0.00498354
0.00552926
0.00592995
0.00605645
-0.00027763
-0.000286047
-0.000247509
-0.000186544
-9.43133e-05
3.10337e-05
0.000193834
0.000399339
0.000653854
0.000964716
0.00134005
0.0017881
0.00231566
0.00292565
0.00361452
0.00436276
0.00512816
0.00582955
0.00636764
0.00659174
-0.000451892
-0.000463592
-0.00043096
-0.00037947
-0.000299841
-0.000190169
-4.56729e-05
0.000139655
0.00037342
0.00066509
0.00102615
0.00146998
0.00201074
0.00265976
0.00342775
0.00430495
0.00525552
0.00619299
0.00696072
0.00739487
-0.000662392
-0.000678028
-0.000652742
-0.000613127
-0.000549566
-0.000460305
-0.000340408
-0.000183421
1.92272e-05
0.000278819
0.000610023
0.00103162
0.00156696
0.00224318
0.0030769
0.00409341
0.00527797
0.00655704
0.00769208
0.00861554
-0.000905765
-0.000926007
-0.000909462
-0.00088415
-0.000840303
-0.000776633
-0.000688509
-0.000569692
-0.000411448
-0.000201621
7.65145e-05
0.000445856
0.000937456
0.0015916
0.00245263
0.00358559
0.00501954
0.00673919
0.00846235
0.0103196
-0.00117794
-0.0012034
-0.00119676
-0.00118792
-0.00116723
-0.00113429
-0.00108542
-0.00101547
-0.000916878
-0.000778635
-0.000584537
-0.000310852
7.70626e-05
0.000630545
0.00142213
0.00251403
0.00409243
0.00626034
0.0087552
0.0120202
-0.0014742
-0.0015053
-0.00150909
-0.00151819
-0.00152333
-0.00152548
-0.00152268
-0.00151192
-0.00148837
-0.00144464
-0.00136933
-0.00124489
-0.00104365
-0.000721729
-0.000215122
0.000564463
0.00180045
0.00381537
0.00624432
0.0108589
-0.00178979
-0.00182734
-0.00184161
-0.00186933
-0.00190131
-0.00194082
-0.00198865
-0.00204514
-0.00211008
-0.00218283
-0.00226193
-0.00234499
-0.00242833
-0.002508
-0.0026009
-0.00275992
-0.0028194
-0.00191464
-0.000236079
0.00523418
-0.00211787
-0.00215947
-0.00218075
-0.00222397
-0.00228181
-0.00235962
-0.00246027
-0.00258783
-0.00274795
-0.00294854
-0.00320192
-0.00352909
-0.00396783
-0.00459025
-0.00556302
-0.00714777
-0.00939552
-0.0100175
-0.00873491
-0.00312038
-0.00246308
-0.00251874
-0.00254674
-0.00261007
-0.0026885
-0.00279741
-0.0029421
-0.00313316
-0.00338374
-0.00371277
-0.00414942
-0.00474231
-0.00557767
-0.00680039
-0.00871696
-0.0116636
-0.0163054
-0.0183516
-0.0182065
-0.0119793
-0.00279723
-0.00284036
-0.00285788
-0.00290916
-0.00299902
-0.00313683
-0.00333002
-0.00358789
-0.00392559
-0.00436751
-0.00495425
-0.00575273
-0.0068995
-0.00856402
-0.0113176
-0.0150602
-0.0218579
-0.0247968
-0.0270713
-0.0191478
-0.00314747
-0.0032602
-0.00326859
-0.00337339
-0.00346052
-0.00360546
-0.00380043
-0.00407359
-0.00444497
-0.00494664
-0.00562391
-0.00654394
-0.00789208
-0.0097151
-0.0130506
-0.0167709
-0.0248469
-0.0274195
-0.0310866
-0.0213548
-0.00362555
-0.00354998
-0.00350042
-0.00344581
-0.00350888
-0.00365781
-0.00389784
-0.00423109
-0.00466883
-0.00523261
-0.00596753
-0.00691281
-0.00830204
-0.0099504
-0.0132815
-0.0165986
-0.0235693
-0.025459
-0.0296233
-0.0169035
-0.00347131
-0.0040194
-0.00398047
-0.00423174
-0.0042242
-0.00434078
-0.00447637
-0.00472389
-0.00507781
-0.00557232
-0.00624079
-0.00706323
-0.00835338
-0.00980083
-0.0125201
-0.0152814
-0.0200317
-0.0212253
-0.0226696
-0.00456506
-0.00563521
-0.00440626
-0.00416156
-0.00355246
-0.00351369
-0.00363317
-0.00390049
-0.00427793
-0.0047482
-0.00531243
-0.00600984
-0.00679026
-0.00786847
-0.00907515
-0.0107599
-0.0123042
-0.0142489
-0.0137372
-0.010606
0.0168217
-0.00208468
-0.00543349
-0.00484844
-0.00541054
-0.00499704
-0.00504104
-0.00497323
-0.00513201
-0.00536086
-0.00572479
-0.00628283
-0.00690588
-0.00786287
-0.00902976
-0.0109416
-0.0126896
-0.0156755
-0.0117962
-0.00219831
0.0470488
-0.0167027
-0.00389236
-0.00301315
-0.00279019
-0.00278189
-0.00294454
-0.00326538
-0.00369835
-0.00418904
-0.00470486
-0.00544367
-0.00616674
-0.00710571
-0.008139
-0.008988
-0.00832725
-0.00511526
0.0128134
0.0516566
0.140866
1.14746e-05
1.09287e-05
5.85589e-05
0.000137385
0.000253728
0.000409029
0.000606169
0.000848303
0.00113843
0.00147888
0.00187062
0.0023122
0.00279834
0.00331826
0.00385405
0.00437865
0.00485675
0.00523976
0.00550368
0.00556505
1.24821e-05
1.14803e-05
5.98913e-05
0.000137303
0.000251123
0.000402886
0.000595676
0.00083283
0.00111763
0.00145286
0.00184015
0.0022789
0.0027645
0.00328767
0.00383213
0.00437108
0.00486827
0.00527144
0.00555388
0.00562095
-4.22178e-05
-4.60032e-05
4.03572e-07
7.42686e-05
0.000183578
0.00032993
0.000516758
0.000747924
0.00102751
0.00135944
0.00174681
0.00219103
0.0026906
0.00323871
0.00382029
0.00440889
0.00496514
0.00542794
0.00575891
0.00584489
-0.00013501
-0.000141061
-9.78084e-05
-2.92968e-05
7.30406e-05
0.000210954
0.000388375
0.000609902
0.000880768
0.00120663
0.00159304
0.00204449
0.00256307
0.00314618
0.00378389
0.00445133
0.00510628
0.00567509
0.00609358
0.00622641
-0.000269426
-0.000278212
-0.000239484
-0.000178279
-8.55025e-05
4.07339e-05
0.000204918
0.000412511
0.000670114
0.000985478
0.00136729
0.00182454
0.0023649
0.00299247
0.00370477
0.00448248
0.00528226
0.00601905
0.00658563
0.00682244
-0.000442937
-0.000455051
-0.00042225
-0.000370559
-0.00029042
-0.000179893
-3.40295e-05
0.000153406
0.000390358
0.000686781
0.00105486
0.00150895
0.00206457
0.00273492
0.00353228
0.00444877
0.00544818
0.00644003
0.00725555
0.00771402
-0.000652617
-0.000668716
-0.000643295
-0.000603541
-0.000539543
-0.000449518
-0.000328359
-0.00016938
3.63503e-05
0.000300647
0.000638983
0.00107134
0.00162283
0.00232273
0.00319147
0.00425795
0.00550975
0.00687122
0.00808765
0.00905577
-0.000895024
-0.00091579
-0.000899165
-0.000873811
-0.000829659
-0.0007654
-0.000676252
-0.000555768
-0.000394882
-0.000180926
0.000103632
0.000482953
0.000990049
0.00166811
0.002566
0.00375526
0.00527295
0.0071097
0.00896993
0.0108751
-0.00116599
-0.00119205
-0.0011854
-0.00117667
-0.00115588
-0.00112262
-0.00107313
-0.00100209
-0.00090175
-0.000760721
-0.000562239
-0.000281626
0.000117379
0.000688849
0.00150853
0.0026457
0.00430412
0.00660654
0.00931233
0.0125621
-0.00146064
-0.00149241
-0.00149631
-0.00150571
-0.00151101
-0.00151323
-0.00151037
-0.00149938
-0.0014754
-0.00143102
-0.00135483
-0.0012293
-0.00102677
-0.000703438
-0.000196922
0.000577306
0.00180346
0.00386411
0.00661644
0.0110986
-0.00177402
-0.00181235
-0.0018269
-0.00185518
-0.00188765
-0.00192768
-0.00197611
-0.00203342
-0.00209962
-0.00217458
-0.00225781
-0.00234873
-0.00244689
-0.00255479
-0.00270516
-0.00298285
-0.00325618
-0.00244912
-0.000275494
0.00498577
-0.00209885
-0.00214133
-0.00216304
-0.00220704
-0.0022657
-0.00234451
-0.00244646
-0.00257585
-0.00273885
-0.00294437
-0.00320666
-0.00355051
-0.00402132
-0.00470546
-0.00580094
-0.0076367
-0.0104237
-0.0113364
-0.00972163
-0.00393425
-0.00243962
-0.00249635
-0.00252505
-0.00258964
-0.00266935
-0.00277978
-0.00292634
-0.00312
-0.00337468
-0.00371073
-0.00415994
-0.00477653
-0.00565803
-0.00696987
-0.00907437
-0.0123452
-0.0177618
-0.0200551
-0.0199612
-0.0131068
-0.00276704
-0.00281174
-0.00283021
-0.00288284
-0.002974
-0.00311341
-0.00330867
-0.0035694
-0.00391142
-0.00436038
-0.00495932
-0.00578058
-0.00697261
-0.00871697
-0.0116682
-0.015633
-0.0231666
-0.0258871
-0.0280274
-0.0198528
-0.0031074
-0.00322193
-0.00323156
-0.00333889
-0.00342812
-0.00357536
-0.00377253
-0.00404817
-0.00442264
-0.00492876
-0.00561359
-0.00654634
-0.00792255
-0.00977354
-0.0132494
-0.0169745
-0.0254489
-0.0273989
-0.0305261
-0.0214692
-0.0035738
-0.00350188
-0.00345415
-0.00340202
-0.00346602
-0.00361635
-0.00385784
-0.00419273
-0.00463204
-0.00519727
-0.00593311
-0.00687795
-0.00826956
-0.00990117
-0.0132286
-0.0165009
-0.0232197
-0.0246121
-0.0281904
-0.0165365
-0.00340161
-0.00395407
-0.00391365
-0.00417151
-0.00416679
-0.00428668
-0.00442397
-0.00467227
-0.00502608
-0.00551849
-0.00618269
-0.00699594
-0.00826863
-0.00968936
-0.0123275
-0.0149733
-0.0193979
-0.0200402
-0.0210519
-0.00374955
-0.00554285
-0.00433185
-0.00408599
-0.00348384
-0.00344214
-0.00356173
-0.00382883
-0.00420675
-0.00467635
-0.00523839
-0.00592931
-0.00669782
-0.00775126
-0.00892108
-0.0105174
-0.0119539
-0.0136266
-0.0127716
-0.00942328
0.017699
-0.00197799
-0.00535306
-0.00476038
-0.0053306
-0.00491353
-0.00495764
-0.00488925
-0.00504344
-0.00527282
-0.00562976
-0.00618664
-0.00679607
-0.0077345
-0.00888444
-0.0107433
-0.0124532
-0.0153056
-0.0111787
-0.00148896
0.0479562
-0.0166148
-0.00379684
-0.0028984
-0.00267461
-0.0026707
-0.00283629
-0.00315803
-0.00359278
-0.00408529
-0.00459729
-0.00533621
-0.0060493
-0.00696695
-0.00798208
-0.00876712
-0.00801805
-0.0046284
0.0135827
0.0525722
0.142302
1.66883e-05
1.61556e-05
6.4058e-05
0.00014331
0.000260351
0.00041668
0.000615287
0.000859464
0.00115239
0.00149659
0.00189324
0.00234114
0.00283517
0.00336459
0.00391132
0.00444771
0.00493751
0.00533046
0.00560147
0.00566449
1.79862e-05
1.69768e-05
6.5656e-05
0.000143484
0.000257991
0.000410769
0.000605013
0.000844203
0.0011318
0.00147081
0.00186311
0.00230832
0.00280206
0.00333532
0.00389152
0.00444336
0.00495356
0.00536801
0.00565861
0.00572781
-3.62899e-05
-4.01043e-05
6.55645e-06
8.08205e-05
0.00019081
0.000338177
0.000526479
0.000759733
0.00104223
0.00137815
0.00177091
0.0022223
0.00273118
0.00329078
0.00388623
0.00449059
0.00506331
0.00554094
0.0058829
0.00597206
-0.000128543
-0.000134642
-9.11493e-05
-2.2258e-05
8.07463e-05
0.000219675
0.000398593
0.000622279
0.000896208
0.00122636
0.00161869
0.0020782
0.0026075
0.00320449
0.0038595
0.00454743
0.00522477
0.00581473
0.0062493
0.00638736
-0.000262387
-0.000271241
-0.00023229
-0.000170729
-7.73054e-05
4.99353e-05
0.000215631
0.000425445
0.000686263
0.00100623
0.00139455
0.00186088
0.00241369
0.00305814
0.00379239
0.00459729
0.00542829
0.00619659
0.00678804
0.00703402
-0.000435281
-0.000447481
-0.000414482
-0.000362474
-0.00028173
-0.000170242
-2.29022e-05
0.000166747
0.000406969
0.000708177
0.0010832
0.00154729
0.00211721
0.00280779
0.00363215
0.00458417
0.00562705
0.00666613
0.00752201
0.00799603
-0.000644263
-0.000660472
-0.000634892
-0.000594884
-0.000530363
-0.000439481
-0.000316975
-0.000155934
5.29051e-05
0.000321851
0.000667102
0.00110972
0.0016763
0.00239803
0.00329881
0.00440975
0.00572025
0.00715212
0.00843594
0.00942692
-0.000885836
-0.000906741
-0.000890018
-0.000864508
-0.000819968
-0.00075504
-0.000664806
-0.000542626
-0.000379133
-0.000161196
0.000129429
0.000518018
0.0010393
0.00173905
0.00267002
0.0039084
0.00549805
0.00743566
0.00940587
0.0113263
-0.00115574
-0.00118198
-0.00117532
-0.00116657
-0.00114558
-0.00111195
-0.00106178
-0.000989676
-0.000887661
-0.000744073
-0.000541666
-0.000254969
0.000153599
0.000740339
0.00158408
0.00275992
0.00448643
0.00690619
0.00979193
0.0130023
-0.00144898
-0.00148097
-0.00148497
-0.00149452
-0.00149989
-0.0015021
-0.00149914
-0.00148794
-0.00146366
-0.00141889
-0.00134231
-0.00121648
-0.00101386
-0.000690905
-0.000186306
0.000582888
0.00180176
0.00391912
0.00697307
0.0113059
-0.00176045
-0.00179906
-0.00181385
-0.0018425
-0.00187534
-0.00191579
-0.00196477
-0.00202291
-0.00209051
-0.00216795
-0.00225573
-0.00235503
-0.00246856
-0.00260464
-0.00280855
-0.00318875
-0.00365908
-0.00292431
-0.000299541
0.00477243
-0.00208255
-0.00212537
-0.00214745
-0.00219201
-0.00225131
-0.00233098
-0.00243411
-0.0025653
-0.0027313
-0.00294204
-0.0032138
-0.0035752
-0.00407919
-0.00482592
-0.00604229
-0.0081077
-0.0113341
-0.0124511
-0.010509
-0.00469645
-0.00241974
-0.00247688
-0.00250612
-0.00257163
-0.0026523
-0.002764
-0.00291225
-0.00310846
-0.00336734
-0.00371081
-0.00417363
-0.00481503
-0.00574344
-0.00714138
-0.00942311
-0.012974
-0.019058
-0.0215162
-0.0213952
-0.0140878
-0.00274195
-0.00278722
-0.0028064
-0.00286006
-0.00295222
-0.00309297
-0.00329006
-0.00355354
-0.00390003
-0.00435669
-0.00496934
-0.00581507
-0.00705591
-0.00887951
-0.0120262
-0.0161935
-0.0244184
-0.027096
-0.0292049
-0.0207023
-0.00307598
-0.00319113
-0.00320133
-0.00331039
-0.00340088
-0.0035498
-0.0037487
-0.00402659
-0.00440437
-0.00491607
-0.00561059
-0.0065591
-0.00797322
-0.00985705
-0.0135078
-0.0172168
-0.0260984
-0.0280855
-0.0311106
-0.0217993
-0.00353262
-0.00346232
-0.00341581
-0.00336581
-0.00343056
-0.00358202
-0.00382464
-0.0041609
-0.004602
-0.00516983
-0.00590991
-0.00685839
-0.00827027
-0.00988905
-0.0132846
-0.0165309
-0.0232677
-0.0244677
-0.0279256
-0.0162717
-0.00335649
-0.00391028
-0.00386608
-0.00412776
-0.00412352
-0.00424525
-0.00438316
-0.00463151
-0.00498514
-0.00547608
-0.00613961
-0.00694653
-0.00822017
-0.00962268
-0.0122407
-0.0147974
-0.0191408
-0.0194525
-0.0203422
-0.00304375
-0.00547126
-0.0042701
-0.00402559
-0.00343114
-0.00338865
-0.00350853
-0.00377528
-0.00415226
-0.00462076
-0.00517942
-0.00586773
-0.00662486
-0.00767311
-0.00880727
-0.0103682
-0.0116953
-0.0132434
-0.0121408
-0.0086964
0.0185454
-0.00193293
-0.00531738
-0.00470896
-0.00528469
-0.00486329
-0.00490511
-0.00483531
-0.00498302
-0.00521266
-0.00555885
-0.00611641
-0.00671232
-0.00765259
-0.00877033
-0.0106308
-0.0122599
-0.0150677
-0.0106674
-0.000969184
0.0488023
-0.0165472
-0.00373185
-0.00282474
-0.00259715
-0.00259703
-0.0027619
-0.00308612
-0.00351721
-0.00401329
-0.0045166
-0.00525934
-0.00595753
-0.00687448
-0.0078603
-0.00862305
-0.00776949
-0.00429731
0.0142017
0.053293
0.143401
2.13337e-05
2.08787e-05
6.90457e-05
0.000148731
0.000266455
0.000423776
0.000623782
0.000869892
0.00116544
0.00151311
0.00191429
0.00236792
0.00286899
0.0034071
0.00396365
0.00451057
0.00501075
0.00541253
0.00568981
0.00575443
2.27641e-05
2.18138e-05
7.07541e-05
0.00014901
0.000264199
0.000417966
0.000613611
0.00085474
0.00114498
0.00148751
0.00188443
0.00233546
0.00283609
0.00337894
0.0039457
0.00450898
0.00503064
0.005455
0.00575272
0.00582387
-3.12372e-05
-3.50003e-05
1.19147e-05
8.65999e-05
0.000197267
0.000345629
0.000535354
0.000770599
0.00105584
0.00139548
0.00179321
0.00225118
0.00276898
0.00333831
0.00394596
0.00456411
0.00515108
0.00564145
0.00599274
0.00608455
-0.000123118
-0.000129174
-8.54361e-05
-1.6136e-05
8.75385e-05
0.000227464
0.000407829
0.000633569
0.000910374
0.0012445
0.00164227
0.00210913
0.00264811
0.00325725
0.00392729
0.00463282
0.00532914
0.0059368
0.00638458
0.00652658
-0.000256535
-0.000265353
-0.000226172
-0.000164223
-7.01483e-05
5.8077e-05
0.000225224
0.000437138
0.000700951
0.00102514
0.00141938
0.00189387
0.00245768
0.00311688
0.00386995
0.0046978
0.00555472
0.00634862
0.00695981
0.00721194
-0.000428943
-0.00044112
-0.000407914
-0.000355553
-0.000274199
-0.000161774
-1.30265e-05
0.000178695
0.000421931
0.000727487
0.00110873
0.00158168
0.00216408
0.00287203
0.00371925
0.00470081
0.00577914
0.00685573
0.00774249
0.0082257
-0.00063736
-0.000653562
-0.000627813
-0.000587511
-0.00052246
-0.000430745
-0.000306964
-0.000144014
6.76528e-05
0.000340763
0.000692124
0.00114368
0.00172326
0.00246357
0.00339111
0.00453855
0.00589628
0.00738329
0.00871756
0.00971846
-0.000878249
-0.000899168
-0.000882332
-0.000856617
-0.000811674
-0.000746093
-0.000654839
-0.000531108
-0.000365281
-0.000143843
0.000152046
0.000548574
0.00108188
0.00179985
0.00275822
0.00403695
0.00568457
0.0077021
0.00975327
0.0116722
-0.00114728
-0.00117356
-0.00116687
-0.00115804
-0.00113683
-0.0011028
-0.00105201
-0.000978935
-0.000875465
-0.000729692
-0.000523977
-0.000232195
0.00018435
0.000783875
0.00164815
0.00285684
0.004641
0.00716038
0.0101798
0.0133451
-0.00143938
-0.00147143
-0.00147549
-0.00148511
-0.00149048
-0.00149264
-0.00148957
-0.0014782
-0.0014537
-0.00140871
-0.00133193
-0.00120598
-0.00100327
-0.000680028
-0.000174599
0.000597284
0.00182489
0.00401673
0.00730937
0.0115196
-0.0017493
-0.00178802
-0.00180298
-0.00183188
-0.00186497
-0.00190576
-0.00195521
-0.00201412
-0.00208302
-0.00216275
-0.00225458
-0.00236096
-0.00248672
-0.00264385
-0.00288523
-0.00333328
-0.0039261
-0.00315475
-0.000190234
0.00476615
-0.00206927
-0.0021122
-0.00213455
-0.00217953
-0.00223933
-0.00231968
-0.00242384
-0.00255666
-0.00272537
-0.00294079
-0.00322073
-0.00359658
-0.00412644
-0.00491907
-0.00621945
-0.00843582
-0.0119641
-0.0131617
-0.0109127
-0.00495634
-0.00240375
-0.00246106
-0.00249067
-0.00255683
-0.00263821
-0.00275092
-0.00290061
-0.00309907
-0.00336172
-0.0037117
-0.00418599
-0.00484801
-0.00581446
-0.00727984
-0.00969968
-0.0134686
-0.0200297
-0.0225645
-0.0222754
-0.0145952
-0.0027221
-0.0027675
-0.00278719
-0.00284158
-0.00293452
-0.00307636
-0.003275
-0.00354091
-0.00389137
-0.00435481
-0.00497948
-0.00584631
-0.00712924
-0.00901985
-0.0123274
-0.0166888
-0.0254347
-0.028101
-0.0299271
-0.0212059
-0.00305232
-0.00316758
-0.00317795
-0.00328814
-0.00337936
-0.00352945
-0.00372966
-0.00400945
-0.00439019
-0.00490687
-0.00561077
-0.00657416
-0.00802509
-0.00994776
-0.0137398
-0.0175669
-0.0268475
-0.0286624
-0.0312633
-0.0220613
-0.00350156
-0.00343181
-0.00338607
-0.00333757
-0.00340297
-0.0035553
-0.00379882
-0.00413622
-0.00457893
-0.00514916
-0.0058945
-0.0068483
-0.00828803
-0.0099618
-0.0133024
-0.0166522
-0.0234505
-0.024527
-0.0275793
-0.0161372
-0.00332709
-0.00388047
-0.00383285
-0.0040967
-0.00409205
-0.00421469
-0.00435261
-0.0046007
-0.00495401
-0.00544362
-0.00610787
-0.00691094
-0.00819345
-0.00959408
-0.0121911
-0.0147161
-0.0190153
-0.0191152
-0.0196789
-0.00256534
-0.0054214
-0.00422472
-0.00398164
-0.00339273
-0.0033503
-0.00347048
-0.00373686
-0.00411277
-0.00458004
-0.00513526
-0.00582201
-0.00657
-0.00762069
-0.00872864
-0.0102646
-0.0115121
-0.0129711
-0.0116892
-0.00803546
0.0191581
-0.0019131
-0.00529663
-0.00467704
-0.00525528
-0.00483061
-0.00487065
-0.00479927
-0.00494236
-0.00517205
-0.0055068
-0.00606505
-0.00665164
-0.00759512
-0.00868796
-0.0105503
-0.0121146
-0.0148603
-0.0102778
-0.000393254
0.049444
-0.0165034
-0.00369344
-0.0027827
-0.00255193
-0.0025534
-0.00271698
-0.00304136
-0.00346885
-0.00396488
-0.00446181
-0.00520463
-0.00589427
-0.00681069
-0.00777663
-0.0085183
-0.00759634
-0.00402313
0.0146338
0.0539249
0.144158
2.50824e-05
2.47129e-05
7.3109e-05
0.000153176
0.00027149
0.000429662
0.000630861
0.000878606
0.00117635
0.00152693
0.00193186
0.00239023
0.00289715
0.00344227
0.0040068
0.00456221
0.00507072
0.00547958
0.00576188
0.00582781
2.65764e-05
2.56984e-05
7.48661e-05
0.000153503
0.000269281
0.000423902
0.000620744
0.000863518
0.00115598
0.00150146
0.00190222
0.00235809
0.00286485
0.00341502
0.00399028
0.00456274
0.00509354
0.00552578
0.00582914
0.00590185
-2.72459e-05
-3.09398e-05
1.61995e-05
9.12614e-05
0.000202519
0.000351741
0.000542682
0.000779613
0.00106715
0.0014099
0.00181171
0.00227491
0.0027986
0.00337717
0.00399477
0.0046239
0.00522211
0.00572242
0.00608092
0.00617471
-0.000118875
-0.000124865
-8.09095e-05
-1.12401e-05
9.30203e-05
0.000233807
0.000415406
0.000642884
0.000922098
0.00125953
0.00166179
0.0021347
0.00268218
0.00330037
0.00398226
0.00470158
0.00541259
0.00603378
0.00649148
0.00663623
-0.000251986
-0.000260744
-0.000221356
-0.000159053
-6.4409e-05
6.46648e-05
0.000233048
0.000446729
0.000713039
0.00104072
0.0014398
0.00192096
0.00249378
0.00316447
0.00393222
0.00477779
0.00565444
0.00646741
0.00709297
0.00734898
-0.000424034
-0.000436158
-0.000402766
-0.000350081
-0.000268194
-0.000154963
-5.02269e-06
0.000188432
0.000434162
0.000743278
0.00112957
0.00160962
0.00220193
0.00292347
0.0037884
0.00479247
0.00589731
0.00700122
0.00790966
0.00839807
-0.000632027
-0.000648186
-0.000622283
-0.000581706
-0.000516189
-0.000423759
-0.000298904
-0.000134369
7.96165e-05
0.000356104
0.000712368
0.00117102
0.00176082
0.0025156
0.00346359
0.00463852
0.00603109
0.00755753
0.00892622
0.00993065
-0.000872397
-0.000893286
-0.000876343
-0.000850427
-0.000805125
-0.000738982
-0.000646872
-0.000521864
-0.000354144
-0.0001299
0.000170164
0.000572926
0.00111558
0.00184757
0.00282672
0.00413572
0.00582583
0.0078999
0.0100056
0.0119178
-0.00114077
-0.00116704
-0.0011603
-0.00115136
-0.00112994
-0.00109558
-0.00104426
-0.000970398
-0.000865765
-0.000718271
-0.000509978
-0.000214256
0.000208443
0.000817797
0.00169788
0.00293142
0.00475894
0.0073518
0.0104591
0.0135911
-0.001432
-0.00146406
-0.00146814
-0.00147778
-0.00148312
-0.00148523
-0.00148205
-0.00147055
-0.00144591
-0.00140078
-0.00132392
-0.00119792
-0.000995106
-0.000671383
-0.000164428
0.000612206
0.00185449
0.0041123
0.00756606
0.011695
-0.00174077
-0.00177951
-0.00179459
-0.00182364
-0.00185692
-0.00189796
-0.00194778
-0.00200731
-0.00207729
-0.00215891
-0.002254
-0.00236593
-0.00250097
-0.00267354
-0.00294139
-0.0034345
-0.00409941
-0.0032867
-8.46364e-05
0.00480282
-0.00205919
-0.00210213
-0.00212468
-0.00216993
-0.00223009
-0.00231098
-0.00241596
-0.0025501
-0.00272105
-0.00294028
-0.00322679
-0.00361405
-0.00416389
-0.00499124
-0.00635523
-0.00868528
-0.0123932
-0.0136089
-0.0111505
-0.00512084
-0.00239177
-0.00244912
-0.00247898
-0.00254557
-0.00262746
-0.00274093
-0.00289176
-0.00309205
-0.00335778
-0.00371311
-0.00419674
-0.00487507
-0.00587101
-0.00738716
-0.00990842
-0.0138372
-0.0207179
-0.0232992
-0.022864
-0.0149491
-0.0027074
-0.00275277
-0.00277278
-0.00282768
-0.0029212
-0.00306387
-0.00326377
-0.00353165
-0.0038854
-0.00435451
-0.0049891
-0.00587301
-0.00718949
-0.00913275
-0.0125624
-0.017078
-0.0261926
-0.028898
-0.0305208
-0.0216152
-0.00303543
-0.00315064
-0.00316104
-0.00327195
-0.00336357
-0.00351447
-0.00371566
-0.00399698
-0.00438024
-0.0049013
-0.00561329
-0.00658928
-0.00807004
-0.0100257
-0.0139374
-0.0178585
-0.0274489
-0.0292488
-0.0315938
-0.0223147
-0.00347947
-0.00340985
-0.00336458
-0.00331702
-0.00338294
-0.00353595
-0.00378019
-0.00411856
-0.0045628
-0.00513544
-0.00588582
-0.0068448
-0.00830466
-0.0100001
-0.013379
-0.0168032
-0.0236888
-0.0247351
-0.0275548
-0.0161087
-0.00330795
-0.00386067
-0.00381056
-0.00407562
-0.00407039
-0.00419351
-0.00433129
-0.00457921
-0.00493243
-0.00542147
-0.00608707
-0.00688799
-0.00818112
-0.00958348
-0.0121848
-0.0147028
-0.0190035
-0.0190021
-0.019383
-0.00226781
-0.00538822
-0.00419338
-0.00395152
-0.0033659
-0.00332388
-0.00344441
-0.00371061
-0.00408575
-0.00455215
-0.00510479
-0.00579122
-0.00653179
-0.007591
-0.00868131
-0.0102067
-0.0114023
-0.0128152
-0.011426
-0.00762441
0.0195849
-0.00190378
-0.00528391
-0.0046569
-0.00523656
-0.00480969
-0.00484863
-0.00477618
-0.00491628
-0.00514674
-0.00547062
-0.00603127
-0.00661174
-0.00756065
-0.00863551
-0.010505
-0.0120199
-0.0147224
-0.0100183
2.55865e-05
0.0499114
-0.016475
-0.00366911
-0.00275684
-0.00252382
-0.0025265
-0.00268897
-0.00301352
-0.00343802
-0.00393374
-0.0044256
-0.00516884
-0.00585246
-0.0067709
-0.00772239
-0.00845283
-0.00748046
-0.00383386
0.0149298
0.0544107
0.144688
2.76929e-05
2.7392e-05
7.59581e-05
0.000156309
0.000275058
0.000433852
0.000635919
0.000884846
0.00118417
0.00153684
0.00194445
0.0024062
0.00291726
0.00346731
0.00403742
0.00459876
0.00511308
0.00552686
0.00581264
0.00587947
2.9218e-05
2.83997e-05
7.77362e-05
0.000156656
0.00027287
0.000428115
0.000625829
0.000869794
0.00116385
0.00151146
0.00191495
0.00237429
0.00288538
0.00344068
0.00402187
0.00460071
0.00513786
0.00557553
0.00588276
0.00595655
-2.44948e-05
-2.81306e-05
1.91758e-05
9.45196e-05
0.000206213
0.000356064
0.00054789
0.000786042
0.00107524
0.0014202
0.00182493
0.0022919
0.00282041
0.00340476
0.00402921
0.00466591
0.00527183
0.00577891
0.00614227
0.00623738
-0.000115966
-0.0001219
-7.77815e-05
-7.83517e-06
9.68578e-05
0.000238275
0.000420772
0.000649503
0.000930446
0.00127023
0.00167566
0.00215275
0.00270556
0.00333065
0.00402077
0.00474953
0.00547048
0.00610073
0.006565
0.00671149
-0.000248878
-0.000257584
-0.000218041
-0.000155472
-6.04076e-05
6.92867e-05
0.000238566
0.000453518
0.000721611
0.00105177
0.00145426
0.00194007
0.00251907
0.00319776
0.00397554
0.0048331
0.00572291
0.00654842
0.00718327
0.00744159
-0.000420689
-0.000432764
-0.000399232
-0.000346302
-0.000264022
-0.000150203
5.99196e-07
0.000195296
0.000442797
0.000754423
0.00114425
0.00162924
0.00222835
0.0029592
0.00383613
0.00485527
0.0059776
0.00709918
0.00802125
0.00851255
-0.000628398
-0.000644514
-0.000618495
-0.000577708
-0.000511847
-0.000418896
-0.000293268
-0.000127604
8.80193e-05
0.000366873
0.000726549
0.0011901
0.00178692
0.00255154
0.00351328
0.00470648
0.00612183
0.00767346
0.00906337
0.010069
-0.000868419
-0.000889275
-0.000872248
-0.000846174
-0.000800606
-0.000734053
-0.000641329
-0.000515416
-0.000346368
-0.00012017
0.000182778
0.000589819
0.00113885
0.00188032
0.00287344
0.00420258
0.00592051
0.00803046
0.0101696
0.0120767
-0.00113635
-0.00116259
-0.00115581
-0.00114679
-0.00112521
-0.00109059
-0.0010389
-0.000964483
-0.000859041
-0.00071036
-0.000500296
-0.000201874
0.00022504
0.000841132
0.00173208
0.00298262
0.00483949
0.00748036
0.0106411
0.0137546
-0.001427
-0.00145904
-0.00146314
-0.00147277
-0.00147809
-0.00148014
-0.00147689
-0.00146529
-0.00144056
-0.00139535
-0.00131842
-0.00119236
-0.000989349
-0.000664911
-0.0001559
0.000626434
0.00188396
0.00419133
0.00774133
0.0118285
-0.00173501
-0.00177375
-0.0017889
-0.00181804
-0.00185143
-0.00189263
-0.00194272
-0.00200269
-0.00207343
-0.00215636
-0.00225366
-0.00236927
-0.00251026
-0.00269228
-0.00297533
-0.00349228
-0.00419104
-0.00333205
9.00346e-06
0.00486764
-0.00205242
-0.00209534
-0.00211802
-0.00216345
-0.00222384
-0.0023051
-0.00241065
-0.00254572
-0.00271822
-0.00294009
-0.00323107
-0.0036259
-0.00418868
-0.0050377
-0.00643994
-0.00883358
-0.0126431
-0.0138492
-0.0112588
-0.00516877
-0.00238379
-0.00244117
-0.00247116
-0.00253803
-0.00262025
-0.00273424
-0.00288585
-0.00308742
-0.00335529
-0.0037143
-0.00420426
-0.00489348
-0.00590884
-0.00745772
-0.0100428
-0.0140722
-0.0211431
-0.0237515
-0.0231946
-0.0151335
-0.00269772
-0.00274302
-0.00276323
-0.00281844
-0.00291234
-0.00305559
-0.00325635
-0.00352563
-0.00388168
-0.00435471
-0.00499615
-0.00589164
-0.00723064
-0.00920918
-0.0127184
-0.0173377
-0.0266818
-0.0294367
-0.0308991
-0.0218683
-0.00302457
-0.00313971
-0.0031501
-0.00326142
-0.00335328
-0.00350469
-0.00370655
-0.00398894
-0.00437399
-0.00489814
-0.00561587
-0.00660065
-0.0081018
-0.0100809
-0.0140744
-0.0180578
-0.0278715
-0.0296824
-0.0318285
-0.0225018
-0.00346534
-0.0033957
-0.00335069
-0.00330368
-0.00336995
-0.00352343
-0.00376819
-0.00410728
-0.00455263
-0.00512702
-0.00588118
-0.00684414
-0.00831859
-0.0100279
-0.0134422
-0.0169217
-0.0238773
-0.0249304
-0.0275521
-0.0161203
-0.0032963
-0.00384845
-0.00379681
-0.00406248
-0.00405681
-0.00418018
-0.00431785
-0.00456566
-0.00491888
-0.0054075
-0.00607436
-0.00687397
-0.00817653
-0.00958129
-0.0121909
-0.0147128
-0.0190186
-0.0189764
-0.0191954
-0.00209679
-0.00536803
-0.00417388
-0.00393285
-0.00334901
-0.00330741
-0.00342819
-0.00369429
-0.00406894
-0.00453472
-0.00508572
-0.00577189
-0.00650596
-0.0075769
-0.00865538
-0.0101755
-0.0113423
-0.0127281
-0.0112757
-0.0073491
0.0198508
-0.00189879
-0.00527595
-0.00464469
-0.00522508
-0.00479693
-0.00483539
-0.00476221
-0.00490068
-0.00513182
-0.00544786
-0.00601068
-0.00658718
-0.00754096
-0.00860554
-0.0104795
-0.011965
-0.0146349
-0.0098638
0.000312495
0.0502141
-0.0164577
-0.00365466
-0.00274183
-0.00250763
-0.00251104
-0.00267306
-0.00299746
-0.00342026
-0.00391522
-0.00440429
-0.0051473
-0.00582798
-0.00674784
-0.00769141
-0.00841411
-0.00741237
-0.00371452
0.0151109
0.054737
0.145026
2.89988e-05
2.87365e-05
7.73948e-05
0.000157899
0.000276881
0.000436007
0.000638534
0.000888084
0.00118824
0.00154199
0.001951
0.0024145
0.00292771
0.00348031
0.00405328
0.00461767
0.00513496
0.00555126
0.00583881
0.00590611
3.05381e-05
2.97535e-05
7.91816e-05
0.000158255
0.000274703
0.00043028
0.000628456
0.000873048
0.00116795
0.00151665
0.00192157
0.00238271
0.00289605
0.003454
0.00403822
0.00462033
0.00516071
0.00560116
0.00591035
0.00598468
-2.31207e-05
-2.67235e-05
2.06736e-05
9.61701e-05
0.000208097
0.000358283
0.000550577
0.000789372
0.00107944
0.00142555
0.0018318
0.00230074
0.00283178
0.00341905
0.00404699
0.00468755
0.00529738
0.00580787
0.00617367
0.00626944
-0.000114513
-0.000120415
-7.62082e-05
-6.11196e-06
9.88126e-05
0.000240566
0.000423537
0.000652927
0.000934772
0.00127578
0.00168284
0.00216208
0.00271761
0.00334624
0.00404057
0.00477411
0.00550006
0.00613484
0.00660236
0.00674968
-0.000247325
-0.000256
-0.000216373
-0.000153661
-5.83713e-05
7.16526e-05
0.000241405
0.000457024
0.000726045
0.00105749
0.00146174
0.00194992
0.00253206
0.00321485
0.00399772
0.0048613
0.00575767
0.00658936
0.00722875
0.00748814
-0.000419015
-0.000431061
-0.000397453
-0.000344391
-0.000261901
-0.000147769
3.48619e-06
0.000198831
0.000447252
0.000760175
0.00115182
0.00163933
0.00224191
0.00297747
0.00386044
0.00488711
0.00601808
0.00714827
0.00807686
0.00856945
-0.000626578
-0.000642669
-0.000616586
-0.000575685
-0.000509641
-0.000416413
-0.00029038
-0.000124128
9.23423e-05
0.000372415
0.00073384
0.00119989
0.00180026
0.00256986
0.00353847
0.00474074
0.00616727
0.00773104
0.00913085
0.0101368
-0.00086642
-0.000887256
-0.000870183
-0.000844023
-0.000798311
-0.000731541
-0.000638496
-0.000512114
-0.000342381
-0.00011518
0.000189242
0.000598457
0.00115071
0.00189695
0.00289704
0.00423616
0.00596768
0.00809471
0.0102494
0.0121538
-0.00113413
-0.00116035
-0.00115355
-0.00114448
-0.00112281
-0.00108806
-0.00103617
-0.000961466
-0.000855607
-0.000706318
-0.000495352
-0.000195557
0.000233491
0.000852983
0.0017494
0.00300841
0.00487977
0.00754357
0.010729
0.0138345
-0.00142448
-0.00145652
-0.00146062
-0.00147024
-0.00147554
-0.00147756
-0.00147427
-0.00146263
-0.00143784
-0.0013926
-0.00131563
-0.00118952
-0.000986379
-0.0006615
-0.000151262
0.000634404
0.00190075
0.00423344
0.00782723
0.0118972
-0.00173211
-0.00177085
-0.00178603
-0.00181521
-0.00184866
-0.00188994
-0.00194016
-0.00200036
-0.00207149
-0.00215509
-0.00225351
-0.00237095
-0.00251485
-0.00270141
-0.00299159
-0.00351928
-0.00423229
-0.00334903
5.73178e-05
0.00490509
-0.00204903
-0.00209194
-0.00211467
-0.00216018
-0.0022207
-0.00230214
-0.00240798
-0.00254353
-0.00271683
-0.00294005
-0.00323329
-0.00363192
-0.00420108
-0.00506072
-0.00648143
-0.00890524
-0.01276
-0.0139574
-0.0113053
-0.00518705
-0.00237982
-0.00243719
-0.00246726
-0.00253426
-0.00261664
-0.00273089
-0.0028829
-0.00308512
-0.0033541
-0.00371499
-0.00420817
-0.00490287
-0.00592788
-0.00749284
-0.0101088
-0.014187
-0.0213469
-0.0239704
-0.0233505
-0.0152234
-0.00269292
-0.00273817
-0.00275848
-0.00281384
-0.00290793
-0.00305147
-0.00325268
-0.00352268
-0.00387992
-0.00435497
-0.00499991
-0.00590129
-0.00725161
-0.00924777
-0.0127959
-0.0174671
-0.0269217
-0.0297089
-0.0310922
-0.0219998
-0.00301926
-0.00313435
-0.00314473
-0.00325625
-0.00334822
-0.00349988
-0.00370207
-0.00398502
-0.004371
-0.00489677
-0.00561748
-0.00660685
-0.00811847
-0.0101098
-0.0141441
-0.0181588
-0.0280884
-0.0299118
-0.0319636
-0.0226057
-0.00345846
-0.00338879
-0.0033439
-0.00329712
-0.00336358
-0.0035173
-0.00376234
-0.0041018
-0.00454775
-0.0051231
-0.00587927
-0.00684444
-0.00832696
-0.0100434
-0.013477
-0.0169862
-0.0239817
-0.0250472
-0.0275778
-0.0161402
-0.00329077
-0.00384261
-0.00379025
-0.00405619
-0.00405028
-0.00417376
-0.00431136
-0.00455914
-0.00491239
-0.00540088
-0.00606836
-0.0068672
-0.00817602
-0.00958235
-0.0121974
-0.0147241
-0.0190351
-0.0189816
-0.019127
-0.00202362
-0.00535848
-0.00416454
-0.00392393
-0.00334087
-0.0032995
-0.00342041
-0.00368647
-0.00406084
-0.00452627
-0.00507689
-0.00576247
-0.00649102
-0.00757393
-0.00864484
-0.0101628
-0.0113171
-0.0126915
-0.0112122
-0.00723071
0.019976
-0.00189653
-0.00527205
-0.00463889
-0.00521959
-0.00479087
-0.00482916
-0.00475559
-0.00489315
-0.00512369
-0.00543814
-0.00600132
-0.00657548
-0.0075327
-0.00859244
-0.0104689
-0.0119407
-0.014594
-0.00979258
0.000454025
0.050363
-0.0164496
-0.0036479
-0.00273487
-0.00250015
-0.00250392
-0.00266577
-0.00299006
-0.00341201
-0.00390651
-0.00439451
-0.00513731
-0.00581666
-0.00673754
-0.0076776
-0.00839665
-0.00738126
-0.00365764
0.0151969
0.0548999
0.145192
2.89127e-05
2.86533e-05
7.7317e-05
0.000157829
0.000276819
0.000435954
0.00063849
0.000888048
0.00118821
0.00154197
0.00195098
0.00241449
0.0029277
0.0034803
0.00405328
0.00461767
0.00513496
0.00555126
0.0058388
0.00590611
3.04548e-05
2.96729e-05
7.91062e-05
0.000158187
0.000274643
0.000430229
0.000628413
0.000873013
0.00116792
0.00151663
0.00192155
0.0023827
0.00289604
0.00345399
0.00403821
0.00462033
0.00516071
0.00560116
0.00591035
0.00598468
-2.31989e-05
-2.67992e-05
2.06028e-05
9.61059e-05
0.00020804
0.000358234
0.000550536
0.000789338
0.00107941
0.00142553
0.00183178
0.00230072
0.00283177
0.00341904
0.00404698
0.00468754
0.00529738
0.00580787
0.00617367
0.00626944
-0.000114584
-0.000120484
-7.62728e-05
-6.17087e-06
9.87603e-05
0.00024052
0.000423499
0.000652896
0.000934747
0.00127576
0.00168282
0.00216206
0.00271759
0.00334623
0.00404057
0.00477411
0.00550006
0.00613484
0.00660236
0.00674969
-0.000247388
-0.000256061
-0.00021643
-0.000153714
-5.84185e-05
7.16119e-05
0.000241371
0.000456996
0.000726022
0.00105747
0.00146172
0.00194991
0.00253205
0.00321484
0.00399771
0.00486129
0.00575767
0.00658936
0.00722875
0.00748814
-0.000419069
-0.000431114
-0.000397503
-0.000344437
-0.000261942
-0.000147805
3.45605e-06
0.000198806
0.000447231
0.000760158
0.00115181
0.00163932
0.0022419
0.00297747
0.00386044
0.00488711
0.00601808
0.00714827
0.00807686
0.00856946
-0.000626624
-0.000642714
-0.000616629
-0.000575725
-0.000509676
-0.000416444
-0.000290407
-0.000124151
9.23239e-05
0.000372402
0.00073383
0.00119989
0.00180026
0.00256986
0.00353847
0.00474074
0.00616727
0.00773104
0.00913085
0.0101368
-0.000866459
-0.000887294
-0.000870219
-0.000844056
-0.00079834
-0.000731567
-0.00063852
-0.000512134
-0.000342397
-0.000115191
0.000189234
0.000598453
0.00115071
0.00189695
0.00289704
0.00423616
0.00596768
0.00809471
0.0102494
0.0121538
-0.00113416
-0.00116038
-0.00115358
-0.0011445
-0.00112284
-0.00108808
-0.00103619
-0.000961483
-0.00085562
-0.000706327
-0.000495358
-0.000195561
0.000233489
0.000852983
0.0017494
0.00300842
0.00487977
0.00754358
0.010729
0.0138345
-0.00142451
-0.00145654
-0.00146064
-0.00147026
-0.00147556
-0.00147758
-0.00147429
-0.00146264
-0.00143785
-0.0013926
-0.00131564
-0.00118953
-0.000986379
-0.000661499
-0.000151263
0.000634405
0.00190076
0.00423344
0.00782724
0.0118972
-0.00173214
-0.00177087
-0.00178605
-0.00181523
-0.00184867
-0.00188995
-0.00194017
-0.00200037
-0.0020715
-0.00215509
-0.00225351
-0.00237095
-0.00251485
-0.00270141
-0.00299159
-0.00351927
-0.00423228
-0.00334903
5.73227e-05
0.00490509
-0.00204904
-0.00209196
-0.00211469
-0.0021602
-0.00222071
-0.00230215
-0.00240799
-0.00254354
-0.00271683
-0.00294005
-0.00323329
-0.00363192
-0.00420109
-0.00506072
-0.00648143
-0.00890523
-0.01276
-0.0139574
-0.0113053
-0.00518704
-0.00237984
-0.00243721
-0.00246728
-0.00253427
-0.00261665
-0.00273089
-0.0028829
-0.00308513
-0.0033541
-0.00371499
-0.00420818
-0.00490287
-0.00592788
-0.00749284
-0.0101087
-0.014187
-0.0213469
-0.0239704
-0.0233505
-0.0152234
-0.00269293
-0.00273818
-0.00275849
-0.00281385
-0.00290793
-0.00305148
-0.00325269
-0.00352268
-0.00387992
-0.00435498
-0.00499992
-0.00590129
-0.0072516
-0.00924776
-0.0127959
-0.0174671
-0.0269217
-0.0297089
-0.0310922
-0.0219998
-0.00301927
-0.00313436
-0.00314474
-0.00325626
-0.00334823
-0.00349989
-0.00370208
-0.00398502
-0.004371
-0.00489677
-0.00561748
-0.00660684
-0.00811847
-0.0101098
-0.0141441
-0.0181588
-0.0280884
-0.0299118
-0.0319636
-0.0226057
-0.00345847
-0.00338879
-0.00334391
-0.00329713
-0.00336359
-0.00351731
-0.00376234
-0.0041018
-0.00454775
-0.0051231
-0.00587927
-0.00684444
-0.00832696
-0.0100434
-0.013477
-0.0169862
-0.0239817
-0.0250472
-0.0275778
-0.0161402
-0.00329077
-0.00384261
-0.00379025
-0.00405619
-0.00405028
-0.00417377
-0.00431136
-0.00455914
-0.00491239
-0.00540087
-0.00606836
-0.00686719
-0.00817601
-0.00958234
-0.0121974
-0.0147241
-0.0190351
-0.0189816
-0.019127
-0.00202361
-0.00535849
-0.00416454
-0.00392394
-0.00334087
-0.0032995
-0.00342042
-0.00368647
-0.00406084
-0.00452626
-0.00507688
-0.00576247
-0.00649102
-0.00757392
-0.00864483
-0.0101628
-0.0113171
-0.0126915
-0.0112122
-0.0072307
0.019976
-0.00189653
-0.00527206
-0.0046389
-0.0052196
-0.00479087
-0.00482916
-0.00475559
-0.00489315
-0.00512369
-0.00543814
-0.00600131
-0.00657547
-0.00753269
-0.00859243
-0.0104689
-0.0119407
-0.014594
-0.00979257
0.000454037
0.050363
-0.0164496
-0.0036479
-0.00273488
-0.00250016
-0.00250393
-0.00266577
-0.00299006
-0.00341201
-0.00390651
-0.0043945
-0.00513731
-0.00581665
-0.00673754
-0.0076776
-0.00839664
-0.00738125
-0.00365764
0.0151969
0.0548999
0.145192
2.74276e-05
2.71363e-05
7.57198e-05
0.000156094
0.00027487
0.000433692
0.000635785
0.000884735
0.00118408
0.00153676
0.00194439
0.00240615
0.00291722
0.00346729
0.0040374
0.00459875
0.00511307
0.00552685
0.00581263
0.00587947
2.89619e-05
2.81525e-05
7.75058e-05
0.000156448
0.000272688
0.00042796
0.000625699
0.000869686
0.00116376
0.00151138
0.00191489
0.00237424
0.00288534
0.00344066
0.00402185
0.0046007
0.00513785
0.00557553
0.00588276
0.00595655
-2.47343e-05
-2.83618e-05
1.89602e-05
9.43246e-05
0.000206041
0.000355916
0.000547766
0.00078594
0.00107516
0.00142013
0.00182487
0.00229185
0.00282038
0.00340474
0.00402919
0.0046659
0.00527183
0.00577891
0.00614227
0.00623738
-0.000116183
-0.000122109
-7.79774e-05
-8.01355e-06
9.66996e-05
0.000238139
0.000420658
0.00064941
0.000930369
0.00127017
0.0016756
0.00215271
0.00270553
0.00333062
0.00402076
0.00474952
0.00547048
0.00610073
0.00656501
0.00671149
-0.00024907
-0.000257768
-0.000218215
-0.000155632
-6.05502e-05
6.91636e-05
0.000238463
0.000453434
0.000721542
0.00105172
0.00145422
0.00194003
0.00251904
0.00319774
0.00397553
0.00483309
0.00572291
0.00654842
0.00718328
0.0074416
-0.000420854
-0.000432924
-0.000399383
-0.000346442
-0.000264147
-0.000150311
5.08522e-07
0.00019522
0.000442735
0.000754373
0.00114421
0.00162921
0.00222833
0.00295919
0.00383612
0.00485527
0.0059776
0.00709919
0.00802126
0.00851256
-0.000628538
-0.00064465
-0.000618624
-0.000577827
-0.000511954
-0.000418989
-0.000293348
-0.000127671
8.79649e-05
0.000366832
0.000726519
0.00119008
0.0017869
0.00255153
0.00351327
0.00470647
0.00612183
0.00767346
0.00906337
0.010069
-0.000868536
-0.000889389
-0.000872356
-0.000846274
-0.000800695
-0.000734132
-0.000641398
-0.000515475
-0.000346415
-0.000120204
0.000182754
0.000589803
0.00113884
0.00188032
0.00287344
0.00420259
0.00592051
0.00803047
0.0101696
0.0120767
-0.00113645
-0.00116269
-0.0011559
-0.00114687
-0.00112529
-0.00109066
-0.00103896
-0.000964533
-0.000859079
-0.000710387
-0.000500315
-0.000201884
0.000225035
0.000841132
0.00173208
0.00298262
0.0048395
0.00748037
0.0106411
0.0137546
-0.00142708
-0.00145912
-0.00146321
-0.00147284
-0.00147815
-0.00148019
-0.00147694
-0.00146533
-0.00144059
-0.00139537
-0.00131843
-0.00119237
-0.000989352
-0.000664909
-0.000155894
0.000626445
0.00188397
0.00419134
0.00774134
0.0118285
-0.00173507
-0.00177381
-0.00178895
-0.00181809
-0.00185148
-0.00189267
-0.00194275
-0.00200272
-0.00207346
-0.00215637
-0.00225367
-0.00236928
-0.00251027
-0.00269228
-0.00297532
-0.00349227
-0.00419102
-0.00333204
9.01663e-06
0.00486766
-0.00205247
-0.0020954
-0.00211806
-0.00216349
-0.00222388
-0.00230513
-0.00241067
-0.00254574
-0.00271823
-0.0029401
-0.00323108
-0.00362591
-0.00418868
-0.00503769
-0.00643993
-0.00883357
-0.0126431
-0.0138492
-0.0112588
-0.00516875
-0.00238384
-0.00244121
-0.0024712
-0.00253807
-0.00262028
-0.00273426
-0.00288587
-0.00308743
-0.0033553
-0.0037143
-0.00420426
-0.00489349
-0.00590884
-0.00745772
-0.0100428
-0.0140722
-0.0211431
-0.0237515
-0.0231946
-0.0151335
-0.00269775
-0.00274305
-0.00276326
-0.00281847
-0.00291236
-0.00305561
-0.00325637
-0.00352564
-0.00388169
-0.00435472
-0.00499615
-0.00589164
-0.00723064
-0.00920916
-0.0127183
-0.0173377
-0.0266818
-0.0294367
-0.0308991
-0.0218682
-0.0030246
-0.00313973
-0.00315013
-0.00326145
-0.0033533
-0.00350471
-0.00370656
-0.00398895
-0.00437399
-0.00489814
-0.00561587
-0.00660065
-0.00810179
-0.0100809
-0.0140744
-0.0180577
-0.0278714
-0.0296824
-0.0318285
-0.0225018
-0.00346536
-0.00339572
-0.00335072
-0.00330369
-0.00336997
-0.00352345
-0.0037682
-0.00410728
-0.00455263
-0.00512702
-0.00588118
-0.00684413
-0.00831857
-0.0100278
-0.0134422
-0.0169217
-0.0238773
-0.0249304
-0.0275521
-0.0161203
-0.00329632
-0.00384847
-0.00379683
-0.0040625
-0.00405682
-0.00418019
-0.00431785
-0.00456567
-0.00491888
-0.00540749
-0.00607434
-0.00687396
-0.00817651
-0.00958127
-0.0121909
-0.0147128
-0.0190186
-0.0189764
-0.0191954
-0.00209677
-0.00536804
-0.00417389
-0.00393286
-0.00334903
-0.00330742
-0.0034282
-0.0036943
-0.00406893
-0.00453471
-0.00508571
-0.00577188
-0.00650595
-0.00757688
-0.00865536
-0.0101755
-0.0113422
-0.0127281
-0.0112757
-0.00734907
0.0198508
-0.00189881
-0.00527597
-0.0046447
-0.0052251
-0.00479695
-0.0048354
-0.00476221
-0.00490067
-0.00513181
-0.00544784
-0.00601067
-0.00658717
-0.00754094
-0.00860552
-0.0104795
-0.011965
-0.0146349
-0.00986377
0.000312523
0.0502141
-0.0164578
-0.00365468
-0.00274184
-0.00250765
-0.00251105
-0.00267307
-0.00299745
-0.00342025
-0.00391521
-0.00440427
-0.00514729
-0.00582796
-0.00674783
-0.00769139
-0.00841409
-0.00741235
-0.0037145
0.0151109
0.054737
0.145026
2.46167e-05
2.42657e-05
7.26955e-05
0.000152806
0.000271169
0.000429389
0.000630634
0.000878418
0.0011762
0.0015268
0.00193176
0.00239016
0.0028971
0.00344224
0.00400677
0.00456219
0.00507071
0.00547957
0.00576187
0.0058278
2.61285e-05
2.52679e-05
7.44677e-05
0.000153146
0.000268971
0.000423638
0.000620523
0.000863335
0.00115583
0.00150134
0.00190212
0.00235802
0.00286479
0.00341498
0.00399025
0.00456272
0.00509353
0.00552577
0.00582913
0.00590185
-2.76615e-05
-3.13395e-05
1.58289e-05
9.09282e-05
0.000202227
0.000351491
0.000542472
0.000779441
0.00106701
0.00140978
0.00181162
0.00227484
0.00279854
0.00337713
0.00399475
0.00462389
0.00522211
0.00572242
0.00608092
0.00617471
-0.000119248
-0.000125224
-8.1244e-05
-1.15432e-05
9.27525e-05
0.000233577
0.000415213
0.000642726
0.00092197
0.00125942
0.0016617
0.00213463
0.00268212
0.00330034
0.00398223
0.00470157
0.00541258
0.00603378
0.00649149
0.00663623
-0.000252312
-0.000261058
-0.000221651
-0.000159323
-6.4649e-05
6.44578e-05
0.000232875
0.000446588
0.000712924
0.00104063
0.00143973
0.0019209
0.00249374
0.00316444
0.0039322
0.00477778
0.00565443
0.00646741
0.00709297
0.00734899
-0.000424313
-0.000436428
-0.000403021
-0.000350315
-0.000268404
-0.000155144
-5.17413e-06
0.000188307
0.00043406
0.000743196
0.00112951
0.00160958
0.00220189
0.00292345
0.00378839
0.00479247
0.00589731
0.00700122
0.00790967
0.00839807
-0.000632263
-0.000648414
-0.0006225
-0.000581906
-0.000516368
-0.000423914
-0.000299036
-0.000134478
7.95284e-05
0.000356035
0.000712316
0.00117098
0.0017608
0.00251558
0.00346358
0.00463852
0.00603109
0.00755753
0.00892623
0.00993066
-0.000872594
-0.000893478
-0.000876525
-0.000850594
-0.000805274
-0.000739113
-0.000646984
-0.000521957
-0.000354219
-0.000129956
0.000170122
0.000572896
0.00111556
0.00184756
0.00282672
0.00413572
0.00582583
0.00789991
0.0100057
0.0119178
-0.00114094
-0.0011672
-0.00116045
-0.0011515
-0.00113007
-0.00109569
-0.00104435
-0.000970476
-0.000865827
-0.000718318
-0.000510011
-0.000214277
0.00020843
0.000817791
0.00169788
0.00293143
0.00475895
0.00735181
0.0104592
0.0135911
-0.00143213
-0.00146419
-0.00146826
-0.00147789
-0.00148322
-0.00148532
-0.00148213
-0.00147061
-0.00144596
-0.00140082
-0.00132394
-0.00119793
-0.000995116
-0.000671386
-0.000164422
0.000612222
0.0018545
0.00411232
0.00756608
0.011695
-0.00174088
-0.00177962
-0.00179469
-0.00182373
-0.001857
-0.00189803
-0.00194784
-0.00200736
-0.00207733
-0.00215894
-0.00225401
-0.00236594
-0.00250097
-0.00267354
-0.00294137
-0.00343448
-0.00409939
-0.00328668
-8.4608e-05
0.00480284
-0.00205928
-0.00210221
-0.00212476
-0.00217001
-0.00223016
-0.00231104
-0.00241601
-0.00255014
-0.00272107
-0.00294029
-0.0032268
-0.00361406
-0.00416389
-0.00499123
-0.00635522
-0.00868526
-0.0123931
-0.0136089
-0.0111505
-0.00512081
-0.00239184
-0.00244919
-0.00247904
-0.00254563
-0.00262751
-0.00274098
-0.0028918
-0.00309208
-0.00335779
-0.00371312
-0.00419675
-0.00487508
-0.00587101
-0.00738715
-0.0099084
-0.0138371
-0.0207179
-0.0232992
-0.0228639
-0.014949
-0.00270745
-0.00275282
-0.00277284
-0.00282773
-0.00292124
-0.00306391
-0.0032638
-0.00353167
-0.00388541
-0.00435453
-0.00498911
-0.00587301
-0.00718948
-0.00913273
-0.0125624
-0.017078
-0.0261925
-0.0288979
-0.0305208
-0.0216151
-0.00303548
-0.00315068
-0.00316108
-0.00327198
-0.0033636
-0.0035145
-0.00371569
-0.003997
-0.00438025
-0.00490131
-0.00561329
-0.00658927
-0.00807003
-0.0100257
-0.0139373
-0.0178585
-0.0274489
-0.0292488
-0.0315937
-0.0223147
-0.00347951
-0.00340989
-0.00336461
-0.00331705
-0.00338296
-0.00353597
-0.00378021
-0.00411857
-0.0045628
-0.00513544
-0.00588581
-0.00684478
-0.00830464
-0.0100001
-0.0133789
-0.0168032
-0.0236887
-0.024735
-0.0275548
-0.0161087
-0.00330798
-0.0038607
-0.00381059
-0.00407564
-0.00407041
-0.00419352
-0.00433131
-0.00457921
-0.00493243
-0.00542146
-0.00608705
-0.00688797
-0.00818109
-0.00958345
-0.0121847
-0.0147027
-0.0190035
-0.0190021
-0.019383
-0.00226777
-0.00538825
-0.00419341
-0.00395154
-0.00336592
-0.00332391
-0.00344442
-0.00371061
-0.00408574
-0.00455214
-0.00510478
-0.0057912
-0.00653177
-0.00759097
-0.00868127
-0.0102067
-0.0114023
-0.0128151
-0.0114259
-0.00762436
0.019585
-0.0019038
-0.00528394
-0.00465693
-0.00523658
-0.00480972
-0.00484864
-0.00477618
-0.00491627
-0.00514672
-0.0054706
-0.00603125
-0.00661172
-0.00756062
-0.00863548
-0.010505
-0.0120198
-0.0147224
-0.0100182
2.56312e-05
0.0499114
-0.016475
-0.00366913
-0.00275687
-0.00252385
-0.00252652
-0.00268898
-0.00301351
-0.00343801
-0.00393373
-0.00442557
-0.00516882
-0.00585243
-0.00677088
-0.00772235
-0.0084528
-0.00748042
-0.00383382
0.0149299
0.0544107
0.144688
2.06287e-05
2.02061e-05
6.84311e-05
0.000148189
0.000265989
0.000423384
0.000623458
0.000869625
0.00116522
0.00151294
0.00191415
0.00236782
0.00286892
0.00340705
0.00396362
0.00451055
0.00501073
0.00541251
0.0056898
0.00575442
2.20905e-05
2.11705e-05
7.01651e-05
0.000148489
0.000263749
0.000417587
0.000613295
0.000854481
0.00114477
0.00148735
0.0018843
0.00233537
0.00283602
0.00337889
0.00394567
0.00450895
0.00503062
0.00545499
0.00575271
0.00582387
-3.18549e-05
-3.55913e-05
1.13713e-05
8.61159e-05
0.000196846
0.000345272
0.000535056
0.000770355
0.00105564
0.00139532
0.00179309
0.00225108
0.0027689
0.00333826
0.00394592
0.00456409
0.00515107
0.00564145
0.00599274
0.00608455
-0.000123666
-0.000129699
-8.59218e-05
-1.65724e-05
8.71559e-05
0.000227137
0.000407556
0.000633346
0.000910194
0.00124436
0.00164216
0.00210904
0.00264804
0.0032572
0.00392726
0.0046328
0.00532913
0.0059368
0.00638459
0.00652658
-0.000257007
-0.000265808
-0.000226596
-0.000164607
-7.04879e-05
5.77854e-05
0.000224981
0.000436939
0.00070079
0.00102501
0.00141927
0.00189379
0.00245763
0.00311683
0.00386992
0.00469778
0.00555472
0.00634862
0.00695981
0.00721194
-0.000429342
-0.000441506
-0.000408277
-0.000355885
-0.000274494
-0.000162027
-1.32382e-05
0.00017852
0.000421789
0.000727373
0.00110864
0.00158161
0.00216403
0.002872
0.00371924
0.0047008
0.00577913
0.00685573
0.0077425
0.00822571
-0.000637694
-0.000653885
-0.00062812
-0.000587792
-0.00052271
-0.00043096
-0.000307146
-0.000144165
6.75306e-05
0.000340666
0.00069205
0.00114362
0.00172322
0.00246355
0.00339109
0.00453854
0.00589628
0.0073833
0.00871757
0.00971847
-0.000878526
-0.000899437
-0.000882588
-0.000856851
-0.000811882
-0.000746274
-0.000654993
-0.000531235
-0.000365384
-0.000143924
0.000151985
0.000548531
0.00108185
0.00179983
0.00275821
0.00403695
0.00568458
0.00770212
0.00975329
0.0116722
-0.00114751
-0.00117378
-0.00116708
-0.00115823
-0.001137
-0.00110295
-0.00105214
-0.00097904
-0.000875549
-0.000729757
-0.000524024
-0.000232226
0.00018433
0.000783865
0.00164815
0.00285685
0.00464102
0.0071604
0.0101798
0.0133452
-0.00143957
-0.00147162
-0.00147566
-0.00148526
-0.00149062
-0.00149276
-0.00148967
-0.00147828
-0.00145377
-0.00140876
-0.00133197
-0.00120601
-0.00100329
-0.000680032
-0.000174588
0.000597306
0.00182491
0.00401676
0.0073094
0.0115197
-0.00174946
-0.00178817
-0.00180312
-0.001832
-0.00186508
-0.00190586
-0.00195529
-0.00201418
-0.00208307
-0.00216279
-0.0022546
-0.00236098
-0.00248672
-0.00264384
-0.00288521
-0.00333325
-0.00392606
-0.00315472
-0.000190198
0.00476619
-0.0020694
-0.00211232
-0.00213466
-0.00217963
-0.00223941
-0.00231976
-0.00242391
-0.00255671
-0.00272541
-0.00294082
-0.00322074
-0.00359659
-0.00412644
-0.00491906
-0.00621943
-0.00843579
-0.011964
-0.0131616
-0.0109127
-0.00495631
-0.00240385
-0.00246115
-0.00249076
-0.00255691
-0.00263828
-0.00275098
-0.00290066
-0.00309911
-0.00336175
-0.00371172
-0.004186
-0.00484801
-0.00581445
-0.00727982
-0.00969965
-0.0134685
-0.0200296
-0.0225644
-0.0222754
-0.0145951
-0.00272217
-0.00276758
-0.00278726
-0.00284164
-0.00293457
-0.00307641
-0.00327505
-0.00354095
-0.00389139
-0.00435482
-0.00497949
-0.0058463
-0.00712922
-0.00901982
-0.0123274
-0.0166888
-0.0254347
-0.0281009
-0.0299271
-0.0212058
-0.00305238
-0.00316763
-0.003178
-0.00328819
-0.0033794
-0.00352948
-0.0037297
-0.00400948
-0.00439021
-0.00490688
-0.00561076
-0.00657415
-0.00802506
-0.00994773
-0.0137398
-0.0175669
-0.0268474
-0.0286624
-0.0312633
-0.0220613
-0.00350161
-0.00343186
-0.00338612
-0.00333761
-0.003403
-0.00355533
-0.00379884
-0.00413624
-0.00457894
-0.00514916
-0.00589449
-0.00684828
-0.008288
-0.00996176
-0.0133024
-0.0166521
-0.0234505
-0.024527
-0.0275792
-0.0161371
-0.00332713
-0.00388052
-0.00383289
-0.00409673
-0.00409208
-0.00421471
-0.00435262
-0.00460071
-0.004954
-0.0054436
-0.00610784
-0.00691091
-0.00819342
-0.00959404
-0.012191
-0.014716
-0.0190153
-0.0191152
-0.0196788
-0.00256529
-0.00542144
-0.00422476
-0.00398167
-0.00339276
-0.00335032
-0.0034705
-0.00373687
-0.00411277
-0.00458002
-0.00513524
-0.00582199
-0.00656997
-0.00762065
-0.00872859
-0.0102645
-0.0115121
-0.012971
-0.0116891
-0.00803541
0.0191581
-0.00191314
-0.00529667
-0.00467708
-0.00525532
-0.00483063
-0.00487066
-0.00479926
-0.00494235
-0.00517203
-0.00550678
-0.00606502
-0.0066516
-0.00759508
-0.00868791
-0.0105503
-0.0121146
-0.0148603
-0.0102778
-0.000393196
0.0494441
-0.0165034
-0.00369348
-0.00278274
-0.00255196
-0.00255342
-0.00271698
-0.00304136
-0.00346884
-0.00396486
-0.00446178
-0.00520461
-0.00589424
-0.00681065
-0.00777658
-0.00851825
-0.00759628
-0.00402307
0.0146339
0.053925
0.144158
1.56784e-05
1.52027e-05
6.32022e-05
0.000142569
0.000259726
0.000416161
0.000614862
0.000859121
0.00115212
0.00149637
0.00189308
0.00234102
0.00283508
0.00336453
0.00391127
0.00444768
0.00493749
0.00533044
0.00560145
0.00566448
1.7032e-05
1.60742e-05
6.48418e-05
0.000142775
0.000257389
0.000410267
0.0006046
0.000843868
0.00113154
0.0014706
0.00186295
0.0023082
0.00280198
0.00333526
0.00389147
0.00444333
0.00495354
0.005368
0.0056586
0.0057278
-3.71495e-05
-4.09209e-05
5.81424e-06
8.01684e-05
0.000190251
0.000337707
0.000526091
0.000759419
0.00104198
0.00137796
0.00177076
0.00222218
0.00273109
0.00329071
0.00388618
0.00449057
0.0050633
0.00554093
0.0058829
0.00597206
-0.00012929
-0.000135356
-9.18036e-05
-2.28391e-05
8.02434e-05
0.000219249
0.000398241
0.000621993
0.000895978
0.00122617
0.00161854
0.00207809
0.00260741
0.00320443
0.00385946
0.00454741
0.00522476
0.00581473
0.0062493
0.00638736
-0.000263021
-0.000271849
-0.000232852
-0.000171234
-7.77464e-05
4.95599e-05
0.000215319
0.00042519
0.000686055
0.00100606
0.00139441
0.00186078
0.00241362
0.00305809
0.00379237
0.00459727
0.00542828
0.00619659
0.00678804
0.00703403
-0.000435809
-0.00044799
-0.000414957
-0.000362904
-0.000282108
-0.000170565
-2.31731e-05
0.000166523
0.000406786
0.00070803
0.00108308
0.00154721
0.00211715
0.00280776
0.00363213
0.00458416
0.00562704
0.00666613
0.00752202
0.00799604
-0.000644698
-0.000660893
-0.000635288
-0.000595245
-0.000530682
-0.000439755
-0.000317207
-0.000156126
5.27486e-05
0.000321726
0.000667006
0.00110965
0.00167626
0.002398
0.0032988
0.00440974
0.00572025
0.00715213
0.00843595
0.00942694
-0.000886192
-0.000907088
-0.000890344
-0.000864806
-0.000820232
-0.000755269
-0.000665
-0.000542786
-0.000379262
-0.0001613
0.000129351
0.000517961
0.00103926
0.00173903
0.00267001
0.0039084
0.00549806
0.00743568
0.0094059
0.0113263
-0.00115603
-0.00118226
-0.00117559
-0.00116681
-0.0011458
-0.00111214
-0.00106194
-0.000989807
-0.000887767
-0.000744156
-0.000541728
-0.000255015
0.000153568
0.000740323
0.00158408
0.00275993
0.00448645
0.00690622
0.00979196
0.0130023
-0.00144922
-0.00148121
-0.00148519
-0.00149472
-0.00150006
-0.00150225
-0.00149927
-0.00148804
-0.00146374
-0.00141895
-0.00134236
-0.00121651
-0.00101389
-0.000690912
-0.000186299
0.000582908
0.00180179
0.00391915
0.00697311
0.011306
-0.00176064
-0.00179925
-0.00181403
-0.00184266
-0.00187548
-0.00191592
-0.00196487
-0.00202299
-0.00209057
-0.002168
-0.00225576
-0.00235505
-0.00246857
-0.00260464
-0.00280853
-0.00318873
-0.00365905
-0.00292427
-0.0002995
0.00477247
-0.00208271
-0.00212552
-0.00214758
-0.00219214
-0.00225143
-0.00233107
-0.00243419
-0.00256537
-0.00273135
-0.00294207
-0.00321382
-0.00357521
-0.00407919
-0.0048259
-0.00604226
-0.00810767
-0.0113341
-0.0124511
-0.0105089
-0.0046964
-0.00241986
-0.002477
-0.00250623
-0.00257173
-0.00265239
-0.00276407
-0.00291231
-0.00310851
-0.00336738
-0.00371083
-0.00417364
-0.00481502
-0.00574343
-0.00714135
-0.00942307
-0.0129739
-0.0190579
-0.0215162
-0.0213951
-0.0140877
-0.00274204
-0.00278731
-0.00280649
-0.00286013
-0.00295229
-0.00309303
-0.00329011
-0.00355359
-0.00390006
-0.0043567
-0.00496934
-0.00581505
-0.00705589
-0.00887948
-0.0120262
-0.0161934
-0.0244183
-0.027096
-0.0292049
-0.0207022
-0.00307605
-0.0031912
-0.00320139
-0.00331045
-0.00340093
-0.00354984
-0.00374874
-0.00402663
-0.00440439
-0.00491608
-0.00561058
-0.00655908
-0.00797319
-0.00985701
-0.0135077
-0.0172167
-0.0260983
-0.0280854
-0.0311105
-0.0217992
-0.00353268
-0.00346238
-0.00341587
-0.00336585
-0.0034306
-0.00358205
-0.00382467
-0.00416093
-0.004602
-0.00516983
-0.0059099
-0.00685836
-0.00827024
-0.00988901
-0.0132846
-0.0165308
-0.0232677
-0.0244676
-0.0279255
-0.0162716
-0.00335654
-0.00391033
-0.00386613
-0.0041278
-0.00412355
-0.00424528
-0.00438318
-0.00463152
-0.00498513
-0.00547607
-0.00613958
-0.0069465
-0.00822013
-0.00962263
-0.0122406
-0.0147973
-0.0191407
-0.0194524
-0.0203421
-0.00304368
-0.00547132
-0.00427015
-0.00402563
-0.00343118
-0.00338868
-0.00350854
-0.00377529
-0.00415225
-0.00462074
-0.0051794
-0.0058677
-0.00662482
-0.00767306
-0.00880722
-0.0103681
-0.0116952
-0.0132433
-0.0121407
-0.00869633
0.0185455
-0.00193298
-0.00531743
-0.004709
-0.00528472
-0.00486331
-0.00490512
-0.00483531
-0.00498301
-0.00521264
-0.00555882
-0.00611637
-0.00671227
-0.00765254
-0.00877028
-0.0106308
-0.0122599
-0.0150676
-0.0106674
-0.000969115
0.0488023
-0.0165472
-0.0037319
-0.00282478
-0.00259718
-0.00259706
-0.00276191
-0.00308612
-0.0035172
-0.00401327
-0.00451657
-0.0052593
-0.00595748
-0.00687443
-0.00786024
-0.00862298
-0.00776942
-0.00429724
0.0142018
0.0532931
0.143401
1.00465e-05
9.60634e-06
5.74031e-05
0.000136411
0.000252924
0.000408375
0.000605643
0.000847884
0.0011381
0.00147863
0.00187042
0.00231206
0.00279824
0.00331819
0.003854
0.00437861
0.00485672
0.00523974
0.00550366
0.00556504
1.11582e-05
1.02469e-05
5.88036e-05
0.000136378
0.000250354
0.000402256
0.000595167
0.000832425
0.00111731
0.00145261
0.00183996
0.00227876
0.00276439
0.00328759
0.00383207
0.00437104
0.00486824
0.00527142
0.00555387
0.00562094
-4.33779e-05
-4.70936e-05
-5.71016e-07
7.34283e-05
0.000182872
0.000329346
0.000516284
0.000747543
0.00102721
0.00135921
0.00174663
0.00219089
0.0026905
0.00323863
0.00382024
0.00440886
0.00496513
0.00542793
0.00575891
0.00584489
-0.000135991
-0.000141992
-9.8651e-05
-3.00338e-05
7.24128e-05
0.00021043
0.000387945
0.000609554
0.00088049
0.00120641
0.00159286
0.00204436
0.00256298
0.00314611
0.00378385
0.00445131
0.00510627
0.00567509
0.00609358
0.00622641
-0.000270238
-0.000278988
-0.000240195
-0.000178908
-8.60449e-05
4.02765e-05
0.000204539
0.000412201
0.000669863
0.000985277
0.00136714
0.00182442
0.00236482
0.00299241
0.00370474
0.00448246
0.00528226
0.00601906
0.00658564
0.00682245
-0.0004436
-0.000455688
-0.000422839
-0.000371087
-0.00029088
-0.000180284
-3.43571e-05
0.000153135
0.000390136
0.000686604
0.00105472
0.00150885
0.0020645
0.00273487
0.00353226
0.00444875
0.00544818
0.00644004
0.00725556
0.00771404
-0.000653154
-0.000669233
-0.000643778
-0.000603977
-0.000539927
-0.000449848
-0.000328638
-0.000169612
3.61609e-05
0.000300496
0.000638866
0.00107126
0.00162277
0.00232269
0.00319145
0.00425794
0.00550976
0.00687123
0.00808767
0.00905579
-0.000895457
-0.000916209
-0.000899558
-0.00087417
-0.000829978
-0.000765676
-0.000676485
-0.000555961
-0.000395039
-0.000181051
0.000103535
0.000482881
0.000989998
0.00166807
0.00256599
0.00375526
0.00527296
0.00710971
0.00896995
0.0108752
-0.00116634
-0.00119239
-0.00118572
-0.00117696
-0.00115614
-0.00112285
-0.00107332
-0.00100225
-0.000901876
-0.000760821
-0.000562318
-0.000281684
0.000117339
0.00068883
0.00150853
0.00264571
0.00430414
0.00660656
0.00931237
0.0125622
-0.00146092
-0.00149268
-0.00149657
-0.00150594
-0.00151122
-0.00151341
-0.00151052
-0.0014995
-0.0014755
-0.0014311
-0.00135489
-0.00122934
-0.00102679
-0.000703444
-0.000196916
0.000577323
0.00180348
0.00386414
0.00661648
0.0110987
-0.00177425
-0.00181258
-0.00182711
-0.00185537
-0.00188782
-0.00192783
-0.00197623
-0.00203352
-0.0020997
-0.00217464
-0.00225785
-0.00234875
-0.0024469
-0.00255479
-0.00270514
-0.00298282
-0.00325614
-0.00244908
-0.00027545
0.00498581
-0.00209903
-0.00214151
-0.0021632
-0.00220719
-0.00226583
-0.00234463
-0.00244656
-0.00257592
-0.00273891
-0.00294441
-0.00320668
-0.00355052
-0.00402131
-0.00470544
-0.00580091
-0.00763667
-0.0104236
-0.0113364
-0.00972158
-0.00393419
-0.00243976
-0.00249648
-0.00252518
-0.00258976
-0.00266945
-0.00277987
-0.00292642
-0.00312007
-0.00337473
-0.00371075
-0.00415995
-0.00477653
-0.00565801
-0.00696984
-0.00907433
-0.0123452
-0.0177618
-0.0200551
-0.0199612
-0.0131067
-0.00276715
-0.00281185
-0.00283031
-0.00288293
-0.00297408
-0.00311349
-0.00330873
-0.00356945
-0.00391146
-0.0043604
-0.00495932
-0.00578056
-0.00697258
-0.00871693
-0.0116681
-0.015633
-0.0231665
-0.0258871
-0.0280273
-0.0198527
-0.00310748
-0.00322202
-0.00323164
-0.00333896
-0.00342818
-0.00357542
-0.00377258
-0.00404821
-0.00442266
-0.00492876
-0.00561359
-0.00654632
-0.00792251
-0.0097735
-0.0132493
-0.0169745
-0.0254488
-0.0273988
-0.030526
-0.0214692
-0.00357387
-0.00350195
-0.00345422
-0.00340207
-0.00346606
-0.0036164
-0.00385788
-0.00419275
-0.00463205
-0.00519727
-0.0059331
-0.00687792
-0.00826952
-0.00990112
-0.0132285
-0.0165008
-0.0232196
-0.024612
-0.0281903
-0.0165364
-0.00340167
-0.00395413
-0.00391371
-0.00417156
-0.00416683
-0.00428671
-0.00442399
-0.00467228
-0.00502608
-0.00551848
-0.00618267
-0.0069959
-0.00826858
-0.0096893
-0.0123274
-0.0149732
-0.0193979
-0.0200401
-0.0210518
-0.00374947
-0.00554291
-0.00433191
-0.00408604
-0.00348388
-0.00344217
-0.00356175
-0.00382884
-0.00420675
-0.00467634
-0.00523837
-0.00592928
-0.00669777
-0.00775121
-0.00892102
-0.0105173
-0.0119538
-0.0136265
-0.0127715
-0.0094232
0.0176991
-0.00197805
-0.00535311
-0.00476043
-0.00533064
-0.00491356
-0.00495766
-0.00488925
-0.00504343
-0.00527281
-0.00562973
-0.0061866
-0.00679602
-0.00773444
-0.00888437
-0.0107432
-0.0124531
-0.0153056
-0.0111786
-0.00148888
0.0479563
-0.0166148
-0.00379689
-0.00289845
-0.00267465
-0.00267073
-0.00283631
-0.00315803
-0.00359277
-0.00408527
-0.00459725
-0.00533616
-0.00604925
-0.00696689
-0.00798201
-0.00876704
-0.00801797
-0.00462832
0.0135827
0.0525723
0.142302
4.05567e-06
3.85467e-06
5.14998e-05
0.000130241
0.000246189
0.000400741
0.000596671
0.000836996
0.00112454
0.00146143
0.00184838
0.00228372
0.00276196
0.00327228
0.00379694
0.00430943
0.00477548
0.00514831
0.00540499
0.00546507
4.6124e-06
3.98742e-06
5.23753e-05
0.000129696
0.000243127
0.000394161
0.000585772
0.000821154
0.00110341
0.00143507
0.00181754
0.00224993
0.00272738
0.0032404
0.0037729
0.00429857
0.00478225
0.00517375
0.00544772
0.0055129
-5.04569e-05
-5.38459e-05
-7.49315e-06
6.62645e-05
0.000175171
0.000320779
0.000506401
0.000735737
0.00101266
0.00134082
0.00172298
0.00216014
0.00265045
0.00318677
0.00375402
0.00432614
0.00486503
0.00531208
0.0056313
0.00571396
-0.000143733
-0.000149379
-0.000106209
-3.78192e-05
6.40989e-05
0.000201249
0.000377423
0.000597037
0.000865074
0.00118685
0.00156748
0.00201094
0.0025187
0.00308747
0.00370706
0.00435271
0.00498353
0.00552926
0.00592996
0.00605646
-0.000278634
-0.000287
-0.000248372
-0.000187298
-9.49544e-05
3.04988e-05
0.000193393
0.00039898
0.000653564
0.000964487
0.00133988
0.00178797
0.00231556
0.00292558
0.00361448
0.00436274
0.00512815
0.00582955
0.00636765
0.00659175
-0.000452691
-0.000464356
-0.000431661
-0.000380092
-0.000300377
-0.000190623
-4.6052e-05
0.000139341
0.000373164
0.000664886
0.00102599
0.00146987
0.00201066
0.00265971
0.00342772
0.00430494
0.00525552
0.006193
0.00696073
0.00739489
-0.000663027
-0.000678638
-0.000653307
-0.000613635
-0.00055001
-0.000460686
-0.000340729
-0.000183689
1.90081e-05
0.000278645
0.000609889
0.00103152
0.0015669
0.00224314
0.00307688
0.0040934
0.00527798
0.00655706
0.0076921
0.00861556
-0.000906268
-0.000926493
-0.000909917
-0.000884563
-0.00084067
-0.000776951
-0.000688777
-0.000569914
-0.000411629
-0.000201766
7.64028e-05
0.000445774
0.0009374
0.00159157
0.00245262
0.0035856
0.00501955
0.00673921
0.00846238
0.0103196
-0.00117834
-0.00120379
-0.00119712
-0.00118826
-0.00116753
-0.00113455
-0.00108564
-0.00101565
-0.000917025
-0.000778751
-0.000584627
-0.000310917
7.70217e-05
0.000630526
0.00142213
0.00251404
0.00409245
0.00626037
0.00875523
0.0120202
-0.00147452
-0.00150561
-0.00150938
-0.00151846
-0.00152357
-0.00152569
-0.00152286
-0.00151206
-0.00148849
-0.00144474
-0.0013694
-0.00124493
-0.00104367
-0.000721736
-0.000215116
0.000564479
0.00180048
0.00381541
0.00624437
0.010859
-0.00179005
-0.00182759
-0.00184184
-0.00186955
-0.0019015
-0.00194099
-0.00198879
-0.00204526
-0.00211017
-0.00218289
-0.00226197
-0.00234501
-0.00242833
-0.002508
-0.00260089
-0.00275989
-0.00281937
-0.0019146
-0.000236031
0.00523423
-0.00211808
-0.00215967
-0.00218093
-0.00222414
-0.00228197
-0.00235976
-0.00246038
-0.00258791
-0.00274802
-0.00294859
-0.00320194
-0.00352909
-0.00396782
-0.00459023
-0.00556299
-0.00714773
-0.00939547
-0.0100175
-0.00873486
-0.00312033
-0.00246324
-0.00251889
-0.00254688
-0.0026102
-0.00268862
-0.00279752
-0.00294219
-0.00313323
-0.00338379
-0.0037128
-0.00414943
-0.0047423
-0.00557765
-0.00680036
-0.00871692
-0.0116636
-0.0163053
-0.0183515
-0.0182065
-0.0119793
-0.00279735
-0.00284047
-0.00285799
-0.00290926
-0.00299911
-0.00313692
-0.00333009
-0.00358794
-0.00392563
-0.00436752
-0.00495425
-0.00575271
-0.00689946
-0.00856397
-0.0113175
-0.0150601
-0.0218578
-0.0247968
-0.0270712
-0.0191477
-0.00314756
-0.00326029
-0.00326867
-0.00337347
-0.00346059
-0.00360552
-0.00380048
-0.00407363
-0.004445
-0.00494664
-0.0056239
-0.00654391
-0.00789204
-0.00971505
-0.0130505
-0.0167708
-0.0248468
-0.0274194
-0.0310866
-0.0213547
-0.00362563
-0.00355006
-0.00350048
-0.00344587
-0.00350893
-0.00365786
-0.00389788
-0.00423111
-0.00466884
-0.00523261
-0.00596751
-0.00691277
-0.00830199
-0.00995034
-0.0132814
-0.0165985
-0.0235692
-0.0254589
-0.0296232
-0.0169034
-0.00347138
-0.00401946
-0.00398053
-0.00423179
-0.00422424
-0.00434081
-0.00447639
-0.0047239
-0.00507781
-0.0055723
-0.00624077
-0.00706319
-0.00835333
-0.00980077
-0.01252
-0.0152813
-0.0200316
-0.0212252
-0.0226695
-0.00456497
-0.00563527
-0.00440631
-0.00416161
-0.0035525
-0.00351373
-0.00363319
-0.00390051
-0.00427793
-0.00474819
-0.00531241
-0.00600981
-0.0067902
-0.00786841
-0.00907507
-0.0107598
-0.0123041
-0.0142488
-0.0137371
-0.0106059
0.0168218
-0.00208473
-0.00543354
-0.00484849
-0.00541058
-0.00499707
-0.00504106
-0.00497323
-0.005132
-0.00536084
-0.00572476
-0.00628279
-0.00690582
-0.00786281
-0.00902968
-0.0109416
-0.0126895
-0.0156754
-0.0117961
-0.00219822
0.0470489
-0.0167027
-0.00389241
-0.0030132
-0.00279023
-0.00278192
-0.00294456
-0.00326538
-0.00369833
-0.00418901
-0.00470483
-0.00544362
-0.00616669
-0.00710564
-0.00813892
-0.00898792
-0.00832717
-0.00511517
0.0128135
0.0516567
0.140866
-1.82357e-06
-1.15098e-06
4.64928e-05
0.000125167
0.000240704
0.00039452
0.000589313
0.000827978
0.00111318
0.00144682
0.0018294
0.00225901
0.00272994
0.0032313
0.00374546
0.00424646
0.00470111
0.00506456
0.00531477
0.00537498
-2.59373e-06
-2.35509e-06
4.59544e-05
0.00012322
0.000236299
0.000386703
0.000577313
0.000811195
0.00109127
0.00141986
0.00179809
0.00222481
0.00269489
0.00319857
0.00371989
0.00423302
0.0047039
0.00508453
0.00535072
0.00541537
-5.85037e-05
-6.09383e-05
-1.46712e-05
5.90539e-05
0.000167631
0.000312631
0.000497262
0.000725083
0.000999765
0.00132469
0.00170229
0.00213318
0.00261506
0.00314042
0.00369412
0.00425045
0.00477254
0.00520443
0.00551231
0.0055927
-0.000152717
-0.000157355
-0.000114282
-4.59078e-05
5.56952e-05
0.000192247
0.000367423
0.000585474
0.000851147
0.00116943
0.001545
0.00198128
0.00247909
0.00303438
0.00363652
0.00426085
0.0048676
0.00539014
0.00577279
0.00589276
-0.000288432
-0.000295728
-0.000257205
-0.000196135
-0.000104107
2.07362e-05
0.000182593
0.000386524
0.000638554
0.000945619
0.00131528
0.00175501
0.00227068
0.00286403
0.0035298
0.00424837
0.00497839
0.00564239
0.00614968
0.00635702
-0.000463293
-0.000473815
-0.000441224
-0.000389641
-0.000310233
-0.000201087
-5.7575e-05
0.000126095
0.000357207
0.000644746
0.000999494
0.00143386
0.00196079
0.00259156
0.00332743
0.00416339
0.00506167
0.00593874
0.00665102
0.0070469
-0.000674509
-0.000688882
-0.000663644
-0.000623916
-0.000560554
-0.000471788
-0.000352839
-0.000197483
2.5023e-06
0.000257858
0.000582418
0.000993648
0.00151279
0.00216276
0.00296298
0.00392541
0.00503509
0.00621882
0.00725467
0.00808932
-0.000918792
-0.000937653
-0.000921135
-0.000895647
-0.000851915
-0.000788622
-0.000701285
-0.000583884
-0.000428022
-0.000222083
4.98036e-05
0.000409155
0.000884874
0.00151452
0.00234335
0.00340636
0.00474178
0.00632157
0.00787007
0.00958213
-0.00119216
-0.0012161
-0.00120942
-0.00120029
-0.00117955
-0.00114676
-0.00109836
-0.00102936
-0.000932464
-0.000797046
-0.00060757
-0.00034142
3.40398e-05
0.000566173
0.00131851
0.00236454
0.00384481
0.00584929
0.00808295
0.0111883
-0.00149007
-0.00151947
-0.00152314
-0.00153176
-0.0015366
-0.00153855
-0.00153574
-0.00152521
-0.00150224
-0.00145949
-0.00138569
-0.00126342
-0.00106523
-0.000747541
-0.00024533
0.000536823
0.0017725
0.00373279
0.0058383
0.0103679
-0.00180797
-0.00184356
-0.00185752
-0.00188447
-0.00191582
-0.00195472
-0.00200194
-0.00205773
-0.00212171
-0.0021928
-0.00226869
-0.00234512
-0.0024145
-0.00246464
-0.00249231
-0.00251245
-0.00233594
-0.00119074
6.43369e-05
0.00577987
-0.00213964
-0.00217909
-0.00219991
-0.00224215
-0.00229895
-0.00237558
-0.00247487
-0.00260074
-0.00275839
-0.00295477
-0.0032002
-0.00351098
-0.00391502
-0.0044631
-0.00527312
-0.00651475
-0.00819748
-0.00827345
-0.00699957
-0.0011579
-0.00248976
-0.00254268
-0.00256978
-0.00263142
-0.00270822
-0.00281538
-0.00295815
-0.00314675
-0.00339368
-0.00371633
-0.00414059
-0.00470821
-0.00549279
-0.00661081
-0.00831458
-0.0108622
-0.0146221
-0.0160109
-0.0153021
-0.0093501
-0.00283239
-0.00287199
-0.0028883
-0.00293795
-0.003026
-0.00316179
-0.00335255
-0.00360739
-0.00394088
-0.00437599
-0.00495056
-0.00572499
-0.00682499
-0.00839681
-0.0109373
-0.0143901
-0.0203223
-0.0230814
-0.0244671
-0.0168113
-0.00319657
-0.00330417
-0.00330988
-0.00341096
-0.00349457
-0.00363638
-0.00382852
-0.00409887
-0.00446716
-0.00496422
-0.00563517
-0.00654101
-0.0078657
-0.00965003
-0.0128649
-0.0165021
-0.0241749
-0.0270606
-0.0298315
-0.0202042
-0.00369025
-0.00360623
-0.0035535
-0.00349687
-0.00355814
-0.00370479
-0.00394219
-0.00427269
-0.00470821
-0.00526941
-0.0060051
-0.00694931
-0.00834583
-0.0100091
-0.0134127
-0.0166597
-0.0238985
-0.0261254
-0.0294345
-0.0171377
-0.00358664
-0.00411799
-0.00406744
-0.00430679
-0.00429134
-0.00440212
-0.00453395
-0.00477884
-0.00513215
-0.00562728
-0.00630209
-0.00713469
-0.00845363
-0.00992805
-0.0127454
-0.0156077
-0.0206833
-0.0223655
-0.0232748
-0.00558793
-0.00576048
-0.00449338
-0.00425492
-0.00364687
-0.00361139
-0.00372874
-0.00399319
-0.00436577
-0.00483464
-0.00539732
-0.00610473
-0.00689688
-0.00801067
-0.0092394
-0.011041
-0.0126451
-0.0148655
-0.0146763
-0.0112146
0.0155121
-0.00237544
-0.00559821
-0.00500487
-0.00553906
-0.00512655
-0.00515967
-0.00508861
-0.00524339
-0.00546785
-0.00583596
-0.00639368
-0.00703603
-0.00802227
-0.00919206
-0.0111784
-0.0129075
-0.0159345
-0.0122476
-0.00204871
0.0454441
-0.0168993
-0.00410356
-0.00325458
-0.00301182
-0.0029824
-0.00312579
-0.00343789
-0.00385477
-0.00433925
-0.00485327
-0.00558699
-0.00632236
-0.00729339
-0.00834336
-0.00925862
-0.00870027
-0.00547503
0.0117324
0.0508289
0.137521
-7.11334e-06
-4.85955e-06
4.28326e-05
0.000121546
0.000236803
0.000390093
0.000584055
0.000821488
0.00110492
0.00143607
0.00181526
0.00224032
0.00270532
0.00319927
0.0037047
0.00419613
0.00464131
0.00499735
0.00524277
0.00530547
-1.03577e-05
-8.34341e-06
3.98819e-05
0.00011725
0.000230177
0.000380243
0.000570256
0.000803186
0.00108182
0.00140828
0.00178344
0.00220591
0.00267032
0.00316656
0.00367879
0.00418161
0.00464195
0.00501398
0.00527426
0.00534096
-6.74311e-05
-6.78523e-05
-2.1685e-05
5.21842e-05
0.000160653
0.000305365
0.000489445
0.000716338
0.000989557
0.00131226
0.00168658
0.00211276
0.00258809
0.00310463
0.00364725
0.00419052
0.00469866
0.00511833
0.00541739
0.00549853
-0.000162816
-0.000165294
-0.000122339
-5.37921e-05
4.77277e-05
0.000184015
0.000358647
0.000575746
0.000839868
0.00115573
0.00152762
0.00195846
0.00244845
0.00299275
0.00358064
0.00418727
0.00477394
0.00527741
0.00564585
0.00576241
-0.000299446
-0.000304455
-0.000266071
-0.000204821
-0.000112883
1.16771e-05
0.000172945
0.000375828
0.000626121
0.00093042
0.0012958
0.00172901
0.00223487
0.00281301
0.00346123
0.00415531
0.00485566
0.00548853
0.00597115
0.00616487
-0.000475172
-0.000483285
-0.000450856
-0.000399086
-0.00031977
-0.000210924
-6.80474e-05
0.000114478
0.000343665
0.000628098
0.000977954
0.00140477
0.00192044
0.00253554
0.00324517
0.00404613
0.00490003
0.005726
0.00639297
0.00675267
-0.000687312
-0.000699149
-0.000674092
-0.000634152
-0.000570856
-0.000482365
-0.000364042
-0.000209856
-1.18776e-05
0.000240171
0.000559401
0.00096214
0.00146787
0.00209697
0.00286434
0.00378184
0.00482706
0.00592786
0.00688351
0.00762352
-0.000932655
-0.000948844
-0.00093251
-0.000906748
-0.000863003
-0.000799887
-0.000713067
-0.000596711
-0.000442724
-0.000239964
2.66775e-05
0.000377496
0.00083942
0.00144723
0.0022419
0.00324778
0.00449352
0.00594811
0.00735337
0.00890457
-0.00120736
-0.00122844
-0.00122191
-0.00121239
-0.00119149
-0.00115868
-0.00111054
-0.00104226
-0.000946774
-0.000813876
-0.000628695
-0.000369713
-6.28235e-06
0.000505531
0.00122558
0.00222787
0.00359854
0.00542639
0.00744953
0.0104411
-0.00150706
-0.00153337
-0.00153713
-0.00154519
-0.0015496
-0.00155121
-0.00154825
-0.00153786
-0.00151548
-0.00147403
-0.0014025
-0.00128389
-0.00109164
-0.000784006
-0.000298103
0.00045615
0.00165428
0.00347167
0.00540927
0.00971733
-0.00182741
-0.00185946
-0.00187332
-0.0018994
-0.00192998
-0.00196815
-0.00201471
-0.00206987
-0.00213328
-0.00220375
-0.00227857
-0.00235255
-0.0024167
-0.00245546
-0.00245366
-0.00239975
-0.00213554
-0.0011543
-0.000457031
0.00536644
-0.00216304
-0.00219868
-0.00221927
-0.00226045
-0.00231594
-0.00239116
-0.00248895
-0.00261328
-0.00276914
-0.00296305
-0.00320425
-0.00350664
-0.00389382
-0.0044051
-0.00513293
-0.00620371
-0.00756885
-0.00761463
-0.00664648
-9.19238e-05
-0.00251824
-0.00256622
-0.00259267
-0.00265254
-0.00272734
-0.00283248
-0.00297315
-0.00315947
-0.00340365
-0.00372221
-0.00413985
-0.00469402
-0.00545244
-0.00651153
-0.00808274
-0.0103286
-0.0135024
-0.0144853
-0.0132177
-0.0070485
-0.00287061
-0.00290414
-0.00291934
-0.00296735
-0.00305284
-0.00318612
-0.003374
-0.00362581
-0.00395593
-0.00438652
-0.00495541
-0.00571653
-0.0067949
-0.00830238
-0.0107184
-0.0139124
-0.0193572
-0.021867
-0.0227383
-0.0152968
-0.00325196
-0.00335099
-0.00335387
-0.00345164
-0.00353036
-0.00366824
-0.00385668
-0.00412359
-0.00448891
-0.00498245
-0.0056528
-0.00654976
-0.00787731
-0.00961809
-0.0128295
-0.0163752
-0.0242974
-0.0273468
-0.0310428
-0.0198945
-0.00375768
-0.00366071
-0.00360624
-0.00355032
-0.00360854
-0.00375218
-0.00398574
-0.00431229
-0.0047453
-0.00530342
-0.00604534
-0.00698509
-0.00842919
-0.010069
-0.0135459
-0.0169791
-0.0250542
-0.0275213
-0.0321287
-0.0177023
-0.00375566
-0.00425456
-0.00417313
-0.00440201
-0.0043731
-0.00447682
-0.00460265
-0.00484167
-0.00519227
-0.00568437
-0.00636914
-0.00719414
-0.00858287
-0.0100633
-0.0130573
-0.015973
-0.0220231
-0.0242265
-0.0262414
-0.00649489
-0.00583131
-0.00454421
-0.00432788
-0.00376511
-0.00373177
-0.00384375
-0.00410196
-0.00446175
-0.00492595
-0.00547775
-0.00620402
-0.00699459
-0.00817074
-0.00938593
-0.0114206
-0.0129598
-0.0158757
-0.0158809
-0.013545
0.0147516
-0.0028472
-0.00599833
-0.00528854
-0.00579209
-0.00536429
-0.00536568
-0.00528827
-0.00541861
-0.00563608
-0.00600251
-0.00654654
-0.00719481
-0.00824122
-0.00933393
-0.0115343
-0.0130509
-0.016346
-0.012651
-0.00306012
0.0445263
-0.0170099
-0.00433085
-0.00353402
-0.00324414
-0.00320881
-0.00332961
-0.00364993
-0.00402653
-0.00452952
-0.00501613
-0.00577756
-0.00649144
-0.0075637
-0.00855558
-0.00965931
-0.00905828
-0.0060837
0.0107995
0.0486336
0.134251
-1.037e-05
-3.67113e-06
4.43386e-05
0.000123402
0.000238536
0.0003915
0.000584935
0.000821578
0.00110386
0.00143337
0.00181027
0.00223222
0.00269323
0.00318209
0.00368121
0.00416552
0.00460365
0.00495503
0.00519821
0.0052702
-1.92737e-05
-1.27517e-05
3.53155e-05
0.000113009
0.000226002
0.000376098
0.000566087
0.000798876
0.00107715
0.00140293
0.00177693
0.00219746
0.00265906
0.00315141
0.00365803
0.00415436
0.00460787
0.00497509
0.00523253
0.00530836
-7.79528e-05
-7.33141e-05
-2.73384e-05
4.69053e-05
0.000155482
0.000300281
0.000484405
0.000711237
0.00098418
0.00130621
0.00167929
0.00210342
0.0025755
0.00308721
0.00362308
0.00415792
0.00465677
0.00506921
0.00536352
0.00545386
-0.000174723
-0.000171875
-0.000129164
-6.02328e-05
4.14054e-05
0.000177799
0.000352497
0.000569555
0.00083341
0.00114858
0.00151907
0.00194746
0.00243356
0.00297218
0.00355058
0.0041454
0.00471811
0.00520892
0.00556914
0.00569234
-0.000312112
-0.000311564
-0.000273469
-0.000211859
-0.000119855
4.74301e-06
0.000165984
0.000368693
0.000618527
0.00092186
0.00128542
0.00171544
0.00221619
0.00278753
0.00342137
0.00409794
0.0047762
0.00538565
0.00585
0.0060378
-0.000488407
-0.000490711
-0.000458617
-0.000406523
-0.000327208
-0.000218426
-7.57265e-05
0.000106416
0.000334856
0.000617905
0.000965299
0.00138782
0.00189608
0.00249787
0.00319351
0.003966
0.00478302
0.00556399
0.00618798
0.00650042
-0.000701096
-0.000706832
-0.00068215
-0.000641913
-0.000578672
-0.000490337
-0.00037234
-0.000218762
-2.18526e-05
0.00022834
0.000544369
0.000941623
0.001438
0.00205173
0.00279529
0.00366825
0.00465328
0.00566789
0.00652948
0.00707777
-0.000947019
-0.00095675
-0.000940813
-0.000914757
-0.000871087
-0.00080818
-0.00072179
-0.000606218
-0.000453595
-0.000253154
9.56834e-06
0.000353694
0.000803996
0.00139133
0.00214977
0.00310579
0.00424655
0.00554537
0.00672999
0.00770458
-0.00122235
-0.00123655
-0.00123041
-0.00122056
-0.00119969
-0.00116707
-0.0011194
-0.00105198
-0.000958011
-0.0008277
-0.00064691
-0.000395372
-4.47294e-05
0.000444331
0.0011246
0.00205799
0.00330035
0.00484468
0.00643289
0.00809739
-0.00152279
-0.00154176
-0.00154588
-0.00155353
-0.00155785
-0.00155953
-0.00155693
-0.00154735
-0.00152649
-0.00148765
-0.00142048
-0.00130903
-0.00112863
-0.000840592
-0.000386667
0.000317717
0.00140415
0.00300072
0.00472293
0.00704716
-0.001844
-0.00186791
-0.0018819
-0.00190731
-0.00193763
-0.00197578
-0.00202259
-0.00207835
-0.00214298
-0.00221556
-0.00229369
-0.00237221
-0.0024416
-0.00248218
-0.00246102
-0.00231763
-0.00191437
-0.000839751
0.000868835
0.00501946
-0.00218166
-0.00220913
-0.00222992
-0.00227058
-0.00232515
-0.00239963
-0.00249695
-0.00262138
-0.00277802
-0.00297356
-0.00321719
-0.00352066
-0.00390253
-0.00437993
-0.00497949
-0.00565122
-0.00630062
-0.00536132
-0.00204278
0.00345531
-0.00253797
-0.00257466
-0.00260054
-0.00265872
-0.00273212
-0.0028367
-0.00297719
-0.0031638
-0.00340856
-0.00372797
-0.0041462
-0.00469366
-0.00543051
-0.00640754
-0.00774084
-0.00928307
-0.0111437
-0.0102886
-0.00622716
-0.000922448
-0.00289956
-0.00292223
-0.00293671
-0.00298464
-0.00306727
-0.00319877
-0.00338463
-0.00363511
-0.00396485
-0.00439476
-0.00496607
-0.00571621
-0.00677566
-0.00817103
-0.0102944
-0.0126455
-0.0165535
-0.0173801
-0.0149529
-0.00862205
-0.00329089
-0.00336604
-0.00336647
-0.00345965
-0.00353409
-0.00367087
-0.00385846
-0.00412565
-0.00449316
-0.00498635
-0.00566843
-0.00654843
-0.00786971
-0.00954863
-0.0125096
-0.015276
-0.0219893
-0.0244724
-0.0245935
-0.0143259
-0.0038214
-0.00369582
-0.00363944
-0.00359106
-0.0036422
-0.00378136
-0.00401021
-0.00433287
-0.00476741
-0.00531969
-0.00607259
-0.00702945
-0.00845358
-0.0101794
-0.0133495
-0.0164845
-0.0241927
-0.0264873
-0.0278828
-0.0144511
-0.00398604
-0.00438847
-0.00422997
-0.00443279
-0.00438758
-0.00449067
-0.00461592
-0.00485354
-0.00521303
-0.00570205
-0.00640515
-0.00729515
-0.00866618
-0.0102157
-0.0131576
-0.0158207
-0.0220119
-0.0236776
-0.0232929
-0.00549516
-0.00596553
-0.00454884
-0.00437445
-0.00392241
-0.00387005
-0.00395823
-0.0041966
-0.00452907
-0.00499525
-0.00553556
-0.00627774
-0.00710924
-0.00834849
-0.00956788
-0.0117305
-0.0129867
-0.0161712
-0.0153135
-0.012377
0.0143019
-0.00437197
-0.0067216
-0.00569838
-0.00603085
-0.00554286
-0.00546283
-0.00536686
-0.00543744
-0.00567381
-0.00602428
-0.00661118
-0.00730115
-0.00845593
-0.00954324
-0.0118647
-0.0129076
-0.016074
-0.0109674
-0.00208904
0.042308
-0.0176386
-0.00504073
-0.0043277
-0.0037862
-0.00358676
-0.00363235
-0.00392502
-0.00422987
-0.00474562
-0.00518539
-0.00600054
-0.00668322
-0.00792051
-0.00874755
-0.0101386
-0.00916341
-0.00628424
0.0105321
0.0423857
0.118223
)
;

boundaryField
{
    movingWall
    {
        type            zeroGradient;
    }
    fixedWalls
    {
        type            zeroGradient;
    }
}


// ************************************************************************* //
