/*--------------------------------*- C++ -*----------------------------------*\
  =========                 |
  \\      /  F ield         | OpenFOAM: The Open Source CFD Toolbox
   \\    /   O peration     | Website:  https://openfoam.org
    \\  /    A nd           | Version:  9
     \\/     M anipulation  |
\*---------------------------------------------------------------------------*/
FoamFile
{
    format      ascii;
    class       volScalarField;
    location    "1";
    object      p;
}
// * * * * * * * * * * * * * * * * * * * * * * * * * * * * * * * * * * * * * //

dimensions      [0 2 -2 0 0 0 0];

internalField   nonuniform List<scalar> 
8000
(
5.94532e-07
3.66071e-05
0.000119527
0.000245377
0.000411261
0.000613151
0.00084612
0.00110449
0.00138197
0.00167177
0.00196674
0.00225952
0.00254267
0.00280888
0.00305107
0.00326266
0.00343773
0.00357129
0.00365956
0.00369778
-3.37953e-05
2.41144e-06
8.6767e-05
0.000214897
0.000383816
0.000589403
0.000826643
0.00108976
0.00137237
0.00166757
0.00196811
0.00226652
0.00255523
0.00282678
0.00307396
0.00329001
0.00346886
0.00360537
0.00369565
0.00373471
-0.000118174
-8.05309e-05
7.51746e-06
0.00014131
0.000317684
0.000532309
0.000779939
0.00105457
0.00134956
0.00165777
0.00197171
0.00228361
0.00258563
0.00286999
0.00312911
0.00335588
0.00354381
0.0036874
0.00378244
0.00382356
-0.000251748
-0.000211614
-0.000117628
2.51723e-05
0.00021336
0.00044227
0.000706297
0.000999057
0.00131354
0.00164222
0.00197722
0.00231036
0.00263337
0.00293794
0.00321596
0.00345971
0.00366209
0.00381697
0.00391963
0.00396411
-0.000438036
-0.000394349
-0.000291993
-0.000136556
6.81503e-05
0.000316976
0.000603799
0.000921717
0.0012632
0.00162023
0.0019844
0.00234701
0.00269917
0.00303194
0.00333644
0.00360409
0.0038269
0.00399783
0.00411135
0.00416067
-0.000681835
-0.00063342
-0.000519986
-0.000347885
-0.000121484
0.000153398
0.000469943
0.000820562
0.00119708
0.00159084
0.00199285
0.00239375
0.00278395
0.00315365
0.00349304
0.00379239
0.00404249
0.00423499
0.00436323
0.00441913
-0.000989506
-0.000935003
-0.000807374
-0.000614021
-0.000360093
-5.23238e-05
0.00030155
0.000693076
0.00111329
0.00155282
0.00200198
0.00245073
0.00288865
0.003305
0.00368878
0.00402885
0.00431432
0.00453507
0.00468272
0.00474741
-0.00136924
-0.00130701
-0.00116148
-0.000941495
-0.000653314
-0.000304915
9.47664e-05
0.000536207
0.00100952
0.00150456
0.00201092
0.00251788
0.00301419
0.00348808
0.00392718
0.00431859
0.00464924
0.00490652
0.0050796
0.00515597
-0.00183146
-0.00175941
-0.00159141
-0.0013383
-0.00100792
-0.000609958
-0.000154903
0.000346408
0.000883049
0.00144407
0.00201843
0.00259482
0.00316125
0.00370493
0.004212
0.00466747
0.00505547
0.00535994
0.00556642
0.00565846
-0.00238933
-0.0023047
-0.00210841
-0.00181408
-0.00143187
-0.000973833
-0.00045249
0.000119738
0.000730791
0.00136898
0.00202278
0.00268057
0.0033299
0.00395712
0.00454691
0.00508188
0.00554264
0.00590841
0.00615926
0.00627281
-0.00305973
-0.00295855
-0.00272626
-0.00238027
-0.00193426
-0.00140357
-0.000803352
-0.000147935
0.000549454
0.00127655
0.00202168
0.00277335
0.00351919
0.00424521
0.00493485
0.0055682
0.00612161
0.00656791
0.00687877
0.00702293
-0.00386453
-0.00374083
-0.00346195
-0.00305032
-0.00252521
-0.0019065
-0.00121275
-0.000460504
0.000335843
0.00116382
0.00201218
0.00287027
0.00372662
0.00456783
0.00537694
0.00613179
0.00680378
0.0073576
0.00775168
0.00794132
-0.00483261
-0.00467724
-0.00433656
-0.00383974
-0.00321551
-0.0024896
-0.00168502
-0.000820929
8.73985e-05
0.00102789
0.00199067
0.0029669
0.00394736
0.00492064
0.00587087
0.00677508
0.00759968
0.00829989
0.00881222
0.00907412
-0.00600599
-0.00580209
-0.00537656
-0.00476601
-0.00401569
-0.00315827
-0.00222268
-0.00123047
-0.000197206
0.000866379
0.00195296
0.00305704
0.00417336
0.00529467
0.00640873
0.00749436
0.00851548
0.00941924
0.0101012
0.0104931
-0.0074326
-0.00715477
-0.00661405
-0.00584746
-0.00493423
-0.00391483
-0.00282468
-0.00168714
-0.000516864
0.000678169
0.00189472
0.00313245
0.00439237
0.00567433
0.00697356
0.00827545
0.00954629
0.0107403
0.0116688
0.0123055
-0.00931394
-0.00881619
-0.00809706
-0.00710159
-0.00597552
-0.00475542
-0.00348373
-0.00218353
-0.000866339
0.000464636
0.00181223
0.00318307
0.00458732
0.00603547
0.00753527
0.00908601
0.0106646
0.0122735
0.0135638
0.0147339
-0.011242
-0.0107101
-0.00981568
-0.00852929
-0.00713025
-0.00566445
-0.00418267
-0.00270423
-0.0012347
0.000230571
0.00170275
0.0031977
0.00473582
0.00634128
0.00803916
0.00984882
0.0117623
0.0139214
0.0155637
0.017766
-0.0156264
-0.0133585
-0.0120819
-0.0101879
-0.00838363
-0.00660652
-0.00488419
-0.00321836
-0.00159933
-1.01159e-05
0.00157133
0.0031711
0.00482063
0.00656789
0.00847526
0.0106331
0.0130594
0.0162747
0.0188553
0.0233213
-0.0179655
-0.0163319
-0.0144058
-0.0120112
-0.00972899
-0.00757197
-0.00557692
-0.00371534
-0.00195394
-0.000258211
0.00140622
0.00307546
0.00478525
0.0065802
0.00850651
0.0106789
0.012824
0.0168475
0.0184323
0.026737
-0.0325971
-0.0184526
-0.016631
-0.0131604
-0.0103929
-0.0080458
-0.0059185
-0.00396155
-0.0021323
-0.000386862
0.00131555
0.00301581
0.0047632
0.00663103
0.00871463
0.0113592
0.0144514
0.020684
0.026361
0.0476252
1.2843e-06
3.64097e-05
0.000119152
0.000244954
0.000410854
0.000612791
0.000845827
0.00110428
0.00138185
0.00167175
0.00196682
0.0022597
0.00254297
0.00280928
0.00305157
0.00326324
0.00343836
0.00357193
0.00366015
0.0036979
-3.30309e-05
2.59778e-06
8.68193e-05
0.000214879
0.000383772
0.000589354
0.000826599
0.00108973
0.00137236
0.00166759
0.00196817
0.00226661
0.00255536
0.00282695
0.00307416
0.00329024
0.00346911
0.00360559
0.00369579
0.00373435
-0.000117376
-8.02749e-05
7.6607e-06
0.000141385
0.000317727
0.000532334
0.000779958
0.00105459
0.00134958
0.00165781
0.00197176
0.00228368
0.00258574
0.00287012
0.00312927
0.00335605
0.00354399
0.00368755
0.00378251
0.00382309
-0.00025086
-0.000211293
-0.000117418
2.53117e-05
0.000213462
0.00044235
0.000706362
0.000999115
0.00131359
0.00164228
0.00197729
0.00231045
0.00263347
0.00293806
0.00321611
0.00345987
0.00366225
0.00381709
0.00391966
0.00396356
-0.000437032
-0.00039396
-0.000291722
-0.00013636
6.83035e-05
0.000317102
0.000603907
0.000921812
0.00126329
0.00162031
0.00198449
0.00234711
0.00269929
0.00303208
0.0033366
0.00360427
0.00382708
0.00399796
0.00411139
0.00416006
-0.000680677
-0.000632946
-0.000519642
-0.000347625
-0.000121272
0.000153578
0.0004701
0.000820702
0.00119721
0.00159097
0.00199298
0.00239388
0.0027841
0.00315383
0.00349323
0.00379261
0.0040427
0.00423516
0.00436328
0.00441847
-0.000988144
-0.000934414
-0.000806931
-0.000613676
-0.000359805
-5.20746e-05
0.00030177
0.000693273
0.00111347
0.00155299
0.00200215
0.0024509
0.00288884
0.00330522
0.00368902
0.00402912
0.0043146
0.0045353
0.00468283
0.00474671
-0.00136761
-0.00130626
-0.0011609
-0.000941033
-0.000652922
-0.000304574
9.50675e-05
0.000536476
0.00100976
0.00150479
0.00201114
0.00251811
0.00301443
0.00348835
0.00392749
0.00431893
0.00464961
0.00490685
0.0050798
0.00515524
-0.00182944
-0.00175843
-0.00159064
-0.00133768
-0.00100739
-0.000609494
-0.000154496
0.000346768
0.000883371
0.00144437
0.00201871
0.0025951
0.00316155
0.00370527
0.00421239
0.00466792
0.00505596
0.00536041
0.00556676
0.00565772
-0.0023868
-0.00230338
-0.00210735
-0.00181322
-0.00143114
-0.000973207
-0.000451949
0.000120208
0.000731205
0.00136935
0.00202313
0.00268092
0.00333027
0.00395754
0.0045474
0.00508247
0.00554332
0.00590911
0.00615982
0.00627213
-0.00305643
-0.00295671
-0.00272478
-0.00237908
-0.00193327
-0.00140273
-0.000802648
-0.000147338
0.000549966
0.001277
0.0020221
0.00277376
0.00351962
0.0042457
0.00493545
0.00556895
0.00612252
0.00656892
0.0068797
0.00702245
-0.00386007
-0.00373817
-0.00345984
-0.00304864
-0.00252387
-0.00190541
-0.00121186
-0.000459782
0.000336442
0.00116434
0.00201264
0.00287071
0.00372709
0.00456837
0.00537764
0.00613273
0.00680501
0.00735911
0.00775318
0.00794141
-0.00482623
-0.00467318
-0.00433349
-0.00383739
-0.00321372
-0.00248823
-0.00168397
-0.00082012
8.80346e-05
0.00102841
0.00199111
0.00296731
0.00394781
0.00492116
0.00587161
0.00677619
0.00760128
0.00830217
0.0088147
0.00907545
-0.00599634
-0.00579581
-0.00537213
-0.00476279
-0.00401344
-0.0031567
-0.00222157
-0.0012297
-0.00019666
0.00086677
0.00195325
0.00305727
0.00417361
0.00529502
0.00640935
0.00749545
0.00851737
0.00942265
0.0101051
0.0104971
-0.00741455
-0.00714432
-0.00660772
-0.00584326
-0.00493173
-0.00391335
-0.00282383
-0.0016867
-0.000516679
0.000678179
0.0018946
0.00313224
0.0043921
0.00567409
0.00697353
0.00827599
0.00954797
0.0107454
0.0116748
0.0123158
-0.00929178
-0.00880185
-0.00809005
-0.00709724
-0.00597376
-0.00475493
-0.00348394
-0.00218407
-0.000867034
0.000463839
0.0018113
0.00318201
0.00458604
0.00603394
0.00753358
0.00908455
0.0106641
0.0122803
0.0135716
0.0147587
-0.0111686
-0.0106803
-0.00980513
-0.0085265
-0.00713188
-0.00566726
-0.00418567
-0.00270703
-0.00123725
0.000228158
0.00170023
0.00319487
0.00473236
0.00633666
0.00803271
0.00983996
0.0117491
0.0139196
0.0155534
0.0178153
-0.0155507
-0.0133214
-0.0120877
-0.0101963
-0.00839611
-0.00661796
-0.00489373
-0.00322605
-0.00160569
-1.57263e-05
0.00156604
0.00316518
0.00481328
0.0065583
0.00846256
0.0106186
0.0130364
0.0162811
0.0188542
0.0234142
-0.0177657
-0.0163688
-0.0144666
-0.0120835
-0.00978713
-0.00761332
-0.00560628
-0.00373664
-0.0019703
-0.000271993
0.00139305
0.00306107
0.0047666
0.00655293
0.00846163
0.0106113
0.0126759
0.0167346
0.0181384
0.0267782
-0.0322921
-0.0182946
-0.0166533
-0.0132177
-0.0104449
-0.00809013
-0.00595243
-0.0039869
-0.00215226
-0.000404095
0.00129867
0.00299666
0.00473803
0.00659605
0.00865758
0.0112914
0.0143178
0.020641
0.0264601
0.0481861
1.64748e-06
3.65934e-05
0.000119241
0.00024499
0.000410863
0.000612789
0.000845825
0.00110429
0.00138187
0.00167178
0.00196688
0.00225979
0.00254308
0.00280941
0.00305172
0.0032634
0.00343853
0.00357209
0.00366029
0.00369797
-3.27015e-05
2.80487e-06
8.69555e-05
0.00021497
0.000383833
0.000589397
0.000826634
0.00108977
0.0013724
0.00166763
0.00196822
0.00226667
0.00255544
0.00282705
0.00307427
0.00329036
0.00346922
0.00360569
0.00369587
0.00373436
-0.000117055
-8.00509e-05
7.82716e-06
0.000141506
0.000317816
0.000532404
0.000780015
0.00105464
0.00134963
0.00165786
0.00197182
0.00228375
0.00258581
0.00287021
0.00312937
0.00335615
0.00354409
0.00368762
0.00378255
0.00382307
-0.000250505
-0.000211032
-0.00011721
2.54728e-05
0.000213589
0.000442452
0.000706447
0.000999188
0.00131366
0.00164234
0.00197735
0.00231051
0.00263354
0.00293814
0.0032162
0.00345996
0.00366233
0.00381715
0.00391969
0.00396351
-0.000436615
-0.000393644
-0.000291462
-0.000136151
6.84728e-05
0.000317241
0.000604023
0.00092191
0.00126337
0.00162039
0.00198457
0.00234719
0.00269938
0.00303217
0.0033367
0.00360436
0.00382717
0.00399803
0.00411142
0.00416001
-0.000680172
-0.000632555
-0.000519313
-0.000347356
-0.000121051
0.000153761
0.000470251
0.000820829
0.00119731
0.00159106
0.00199307
0.00239397
0.00278419
0.00315392
0.00349333
0.00379271
0.0040428
0.00423524
0.00436333
0.00441842
-0.000987517
-0.00093392
-0.000806512
-0.000613329
-0.000359518
-5.18388e-05
0.000301963
0.000693432
0.0011136
0.0015531
0.00200225
0.002451
0.00288894
0.00330532
0.00368914
0.00402925
0.00431473
0.00453541
0.00468291
0.00474668
-0.00136681
-0.00130562
-0.00116035
-0.000940583
-0.000652552
-0.000304273
9.53098e-05
0.00053667
0.00100992
0.00150491
0.00201126
0.00251821
0.00301454
0.00348847
0.00392762
0.00431909
0.00464977
0.004907
0.00507992
0.00515524
-0.00182842
-0.0017576
-0.00158992
-0.00133709
-0.00100691
-0.000609115
-0.000154199
0.000346998
0.000883548
0.0014445
0.00201882
0.00259521
0.00316166
0.00370539
0.00421254
0.0046681
0.00505617
0.00536063
0.00556696
0.00565779
-0.00238544
-0.00230226
-0.0021064
-0.00181245
-0.00143053
-0.000972737
-0.000451594
0.000120468
0.000731392
0.00136949
0.00202323
0.002681
0.00333035
0.00395764
0.00454755
0.00508268
0.00554359
0.00590942
0.00616014
0.00627232
-0.00305459
-0.00295519
-0.00272351
-0.00237807
-0.00193249
-0.00140216
-0.000802244
-0.000147066
0.000550136
0.0012771
0.00202214
0.00277378
0.00351965
0.00424576
0.00493557
0.00556917
0.00612286
0.00656936
0.0068802
0.00702286
-0.00385752
-0.00373606
-0.00345813
-0.00304733
-0.00252291
-0.00190475
-0.00121144
-0.000459539
0.000336549
0.00116434
0.00201259
0.00287062
0.003727
0.00456832
0.00537768
0.00613291
0.0068054
0.00735972
0.00775393
0.00794214
-0.00482262
-0.0046702
-0.00433117
-0.0038357
-0.00321258
-0.00248752
-0.00168359
-0.000819983
8.80008e-05
0.00102825
0.00199088
0.00296704
0.00394751
0.00492091
0.00587146
0.00677622
0.00760165
0.00830298
0.00881585
0.00907675
-0.0059911
-0.00579158
-0.00536902
-0.00476068
-0.00401217
-0.00315605
-0.00222137
-0.0012298
-0.000196952
0.000866346
0.00195273
0.00305668
0.00417298
0.0052944
0.00640882
0.00749517
0.00851758
0.00942366
0.0101068
0.0104995
-0.00740637
-0.00713824
-0.00660362
-0.00584078
-0.00493053
-0.00391301
-0.00282405
-0.00168723
-0.000517415
0.000677308
0.00189362
0.00313114
0.00439089
0.00567281
0.00697228
0.008275
0.00954761
0.0107465
0.011677
0.01232
-0.00928066
-0.00879364
-0.00808508
-0.00709469
-0.00597305
-0.00475535
-0.00348496
-0.00218539
-0.000868518
0.000462239
0.00180958
0.00318007
0.00458385
0.00603147
0.00753094
0.00908205
0.0106624
0.0122813
0.0135743
0.0147664
-0.0111481
-0.0106679
-0.00979872
-0.00852437
-0.00713241
-0.0056692
-0.0041882
-0.00270974
-0.00123998
0.00022541
0.00169737
0.00319164
0.0047286
0.00633219
0.00802744
0.00983413
0.0117429
0.0139176
0.015552
0.0178267
-0.0155237
-0.0133052
-0.0120817
-0.0101959
-0.00839925
-0.00662252
-0.00489861
-0.00323077
-0.00161016
-2.01043e-05
0.00156148
0.00316024
0.00480752
0.00655144
0.00845461
0.0106105
0.0130282
0.0162812
0.0188586
0.023437
-0.0177239
-0.0163556
-0.0144652
-0.0120907
-0.00979693
-0.00762313
-0.00561519
-0.00374447
-0.00197729
-0.000278574
0.00138633
0.00305356
0.00475746
0.00654111
0.0084457
0.0105915
0.0126447
0.0167158
0.018104
0.0267943
-0.0322301
-0.0182619
-0.0166474
-0.0132229
-0.0104545
-0.00810082
-0.00596246
-0.00399581
-0.00216026
-0.000411686
0.00129083
0.00298776
0.00472708
0.00658218
0.00863945
0.0112714
0.0142936
0.0206374
0.0264795
0.0482704
1.89796e-06
3.67374e-05
0.000119314
0.000245016
0.000410865
0.000612782
0.000845819
0.00110429
0.00138189
0.00167182
0.00196694
0.00225987
0.00254319
0.00280955
0.00305188
0.00326357
0.00343871
0.00357225
0.00366042
0.00369804
-3.24106e-05
3.0056e-06
8.70946e-05
0.000215061
0.000383894
0.000589441
0.000826671
0.0010898
0.00137244
0.00166768
0.00196828
0.00226675
0.00255553
0.00282716
0.00307439
0.00329049
0.00346935
0.0036058
0.00369594
0.00373436
-0.000116733
-7.98135e-05
8.00888e-06
0.000141643
0.000317921
0.000532487
0.000780084
0.0010547
0.00134969
0.00165792
0.00197188
0.00228382
0.0025859
0.0028703
0.00312947
0.00335626
0.00354419
0.0036877
0.0037826
0.00382304
-0.000250135
-0.000210748
-0.000116982
2.56548e-05
0.000213735
0.00044257
0.000706545
0.000999272
0.00131373
0.00164241
0.00197742
0.00231059
0.00263363
0.00293823
0.00321629
0.00346006
0.00366242
0.00381722
0.00391972
0.00396346
-0.000436177
-0.000393299
-0.000291177
-0.000135918
6.86646e-05
0.000317399
0.000604154
0.00092202
0.00126347
0.00162048
0.00198465
0.00234727
0.00269946
0.00303226
0.00333679
0.00360446
0.00382726
0.0039981
0.00411145
0.00415995
-0.000679641
-0.000632127
-0.000518954
-0.000347058
-0.000120804
0.000153964
0.000470418
0.000820967
0.00119743
0.00159116
0.00199316
0.00239406
0.00278428
0.00315402
0.00349344
0.00379282
0.00404291
0.00423532
0.00436337
0.00441836
-0.00098686
-0.000933381
-0.000806055
-0.000612948
-0.000359203
-5.15806e-05
0.000302173
0.000693602
0.00111374
0.00155322
0.00200236
0.0024511
0.00288904
0.00330543
0.00368926
0.00402938
0.00431486
0.00453552
0.00468297
0.00474663
-0.00136598
-0.00130493
-0.00115977
-0.000940092
-0.00065215
-0.000303948
9.55692e-05
0.000536875
0.00101008
0.00150505
0.00201137
0.00251832
0.00301465
0.00348859
0.00392776
0.00431924
0.00464993
0.00490715
0.00508003
0.00515523
-0.00182735
-0.0017567
-0.00158916
-0.00133646
-0.0010064
-0.000608709
-0.000153884
0.000347237
0.000883728
0.00144464
0.00201893
0.0025953
0.00316176
0.0037055
0.00421268
0.00466828
0.00505638
0.00536084
0.00556714
0.00565784
-0.00238403
-0.00230107
-0.00210539
-0.00181163
-0.00142988
-0.000972237
-0.000451223
0.000120735
0.000731577
0.00136961
0.00202331
0.00268107
0.00333043
0.00395774
0.00454769
0.00508288
0.00554385
0.00590972
0.00616043
0.00627249
-0.0030527
-0.00295358
-0.00272217
-0.002377
-0.00193168
-0.00140156
-0.000801824
-0.000146791
0.000550302
0.00127719
0.00202218
0.00277379
0.00351965
0.0042458
0.00493568
0.00556938
0.00612318
0.00656978
0.00688066
0.00702323
-0.00385493
-0.00373385
-0.00345633
-0.00304594
-0.0025219
-0.00190405
-0.001211
-0.000459294
0.000336648
0.00116433
0.0020125
0.00287049
0.00372686
0.00456822
0.00537768
0.00613307
0.00680576
0.00736029
0.00775465
0.00794286
-0.00481898
-0.00466712
-0.00432876
-0.00383393
-0.00321137
-0.00248678
-0.0016832
-0.000819848
8.79426e-05
0.00102805
0.00199057
0.00296666
0.00394712
0.00492055
0.00587122
0.00677622
0.007602
0.00830374
0.00881693
0.00907805
-0.00598585
-0.00578725
-0.00536582
-0.00475849
-0.00401083
-0.00315537
-0.00222116
-0.00122991
-0.00019731
0.000865811
0.00195206
0.00305591
0.00417215
0.00529357
0.00640811
0.00749476
0.00851769
0.00942458
0.0101083
0.0105018
-0.00739836
-0.00713212
-0.00659946
-0.00583822
-0.00492926
-0.00391263
-0.00282426
-0.00168784
-0.000518284
0.000676245
0.00189239
0.00312975
0.00438937
0.0056712
0.00697071
0.00827373
0.00954706
0.0107474
0.0116791
0.0123242
-0.00926979
-0.00878538
-0.00808008
-0.00709208
-0.00597231
-0.00475574
-0.00348603
-0.00218684
-0.000870204
0.000460376
0.00180753
0.00317778
0.00458127
0.0060286
0.00752788
0.00907911
0.0106603
0.0122818
0.0135766
0.0147739
-0.0111276
-0.0106552
-0.00979257
-0.00852235
-0.00713316
-0.00567119
-0.00419078
-0.00271254
-0.00124288
0.000222402
0.00169414
0.00318807
0.00472449
0.00632739
0.00802187
0.00982797
0.0117365
0.0139151
0.0155498
0.0178376
-0.0154999
-0.0132904
-0.0120775
-0.0101965
-0.00840288
-0.00662728
-0.00490355
-0.00323554
-0.00161472
-2.4605e-05
0.00155681
0.00315509
0.00480151
0.00654433
0.00844638
0.010602
0.0130196
0.0162812
0.0188622
0.0234613
-0.0176839
-0.0163401
-0.0144635
-0.0120976
-0.00980665
-0.00763285
-0.00562396
-0.00375217
-0.00198419
-0.000285094
0.00137966
0.00304607
0.00474836
0.00652934
0.00842981
0.0105712
0.0126134
0.0166965
0.0180705
0.0268136
-0.0321717
-0.0182253
-0.0166388
-0.0132279
-0.0104645
-0.00811187
-0.00597273
-0.00400483
-0.0021683
-0.000419243
0.0012831
0.0029791
0.00471657
0.00656895
0.00862233
0.0112523
0.0142697
0.0206333
0.0264913
0.0483497
2.10201e-06
3.69052e-05
0.000119447
0.000245118
0.000410944
0.000612844
0.000845872
0.00110434
0.00138194
0.00167187
0.001967
0.00225994
0.00254327
0.00280964
0.00305198
0.00326368
0.00343881
0.00357235
0.00366051
0.0036981
-3.21866e-05
3.19399e-06
8.72481e-05
0.000215183
0.000383991
0.000589519
0.000826736
0.00108986
0.00137249
0.00166774
0.00196834
0.00226682
0.00255561
0.00282724
0.00307448
0.00329058
0.00346944
0.00360588
0.00369601
0.00373441
-0.000116482
-7.95971e-05
8.19086e-06
0.000141792
0.000318043
0.000532586
0.000780167
0.00105477
0.00134976
0.00165798
0.00197195
0.00228389
0.00258597
0.00287038
0.00312955
0.00335634
0.00354427
0.00368777
0.00378265
0.00382307
-0.000249842
-0.00021049
-0.00011676
2.58406e-05
0.000213889
0.000442698
0.000706652
0.000999362
0.00131381
0.00164249
0.00197749
0.00231066
0.0026337
0.00293831
0.00321637
0.00346014
0.0036625
0.00381729
0.00391977
0.00396349
-0.000435824
-0.000392985
-0.000290903
-0.000135685
6.88595e-05
0.000317561
0.000604287
0.000922131
0.00126356
0.00162056
0.00198472
0.00234734
0.00269953
0.00303234
0.00333687
0.00360454
0.00382733
0.00399816
0.0041115
0.00415997
-0.000679205
-0.000631736
-0.000518611
-0.000346765
-0.000120558
0.000154167
0.000470584
0.000821101
0.00119754
0.00159126
0.00199324
0.00239414
0.00278435
0.0031541
0.00349352
0.00379291
0.00404299
0.0042354
0.00436343
0.00441839
-0.00098631
-0.000932886
-0.00080562
-0.000612577
-0.000358894
-5.13285e-05
0.000302375
0.000693761
0.00111386
0.00155332
0.00200244
0.00245117
0.00288911
0.00330551
0.00368934
0.00402947
0.00431495
0.00453561
0.00468305
0.00474669
-0.00136528
-0.0013043
-0.00115921
-0.00093962
-0.000651761
-0.000303637
9.58113e-05
0.000537059
0.00101022
0.00150515
0.00201144
0.00251838
0.00301471
0.00348866
0.00392784
0.00431934
0.00465004
0.00490727
0.00508015
0.00515532
-0.00182643
-0.00175587
-0.00158844
-0.00133585
-0.00100591
-0.00060833
-0.0001536
0.000347441
0.000883867
0.00144473
0.00201899
0.00259534
0.00316179
0.00370555
0.00421275
0.00466838
0.00505651
0.005361
0.0055673
0.00565798
-0.00238283
-0.00229998
-0.00210446
-0.00181086
-0.00142927
-0.000971782
-0.000450901
0.000120946
0.0007317
0.00136967
0.00202332
0.00268105
0.0033304
0.00395774
0.00454773
0.00508297
0.005544
0.00590992
0.00616067
0.00627272
-0.0030511
-0.00295214
-0.00272094
-0.00237601
-0.00193093
-0.00140103
-0.000801478
-0.000146596
0.000550376
0.00127717
0.0020221
0.00277368
0.00351954
0.00424571
0.00493564
0.00556942
0.00612333
0.00657005
0.00688101
0.00702359
-0.00385277
-0.00373191
-0.00345472
-0.0030447
-0.002521
-0.00190346
-0.00121066
-0.000459163
0.00033662
0.00116419
0.00201228
0.00287023
0.00372659
0.00456798
0.00537751
0.00613302
0.00680589
0.00736063
0.00775515
0.00794344
-0.00481602
-0.00466451
-0.00432666
-0.00383238
-0.00321033
-0.00248617
-0.00168294
-0.000819854
8.77402e-05
0.00102771
0.00199012
0.00296615
0.00394658
0.00492004
0.0058708
0.00677598
0.00760202
0.00830412
0.00881763
0.00907897
-0.00598176
-0.00578373
-0.00536311
-0.0047566
-0.00400969
-0.00315483
-0.00222108
-0.00123017
-0.000197801
0.000865146
0.00195127
0.00305502
0.00417119
0.00529262
0.00640726
0.00749415
0.00851748
0.00942496
0.0101093
0.0105032
-0.00739261
-0.00712738
-0.00659603
-0.00583604
-0.00492814
-0.00391232
-0.00282454
-0.00168851
-0.000519224
0.000675103
0.00189108
0.0031283
0.0043878
0.00566957
0.00696914
0.00827243
0.00954632
0.0107477
0.0116802
0.0123265
-0.00926216
-0.0087792
-0.00807592
-0.00708973
-0.00597143
-0.00475592
-0.0034869
-0.00218815
-0.000871798
0.000458568
0.00180552
0.00317556
0.00457883
0.00602598
0.00752521
0.00907666
0.0106585
0.0122817
0.0135779
0.0147775
-0.0111162
-0.0106468
-0.00978747
-0.00851998
-0.00713278
-0.00567219
-0.00419258
-0.00271477
-0.00124536
0.000219723
0.00169124
0.00318486
0.0047209
0.00632339
0.00801755
0.00982365
0.0117327
0.0139136
0.0155497
0.0178424
-0.0154857
-0.0132801
-0.0120722
-0.0101945
-0.00840347
-0.00662947
-0.00490658
-0.00323892
-0.00161827
-2.83069e-05
0.00155284
0.00315076
0.00479662
0.00653881
0.00844044
0.0105963
0.0130148
0.0162806
0.0188647
0.023471
-0.0176649
-0.0163279
-0.0144576
-0.0120964
-0.00980872
-0.00763665
-0.00562847
-0.00375688
-0.00198892
-0.000289901
0.00137458
0.0030404
0.00474176
0.00652148
0.00842046
0.0105609
0.012601
0.01669
0.0180635
0.0268219
-0.0321464
-0.0182078
-0.0166309
-0.0132262
-0.0104667
-0.00811619
-0.00597787
-0.00401016
-0.00217361
-0.000424619
0.00127742
0.00297275
0.0047092
0.00656031
0.0086124
0.0112422
0.01426
0.0206314
0.0264949
0.0483721
2.27201e-06
3.70547e-05
0.000119572
0.000245221
0.000411027
0.000612913
0.00084593
0.00110439
0.00138199
0.00167193
0.00196706
0.00226001
0.00254334
0.00280972
0.00305206
0.00326376
0.00343889
0.00357242
0.00366057
0.00369815
-3.20009e-05
3.36033e-06
8.73907e-05
0.000215302
0.000384089
0.000589601
0.000826806
0.00108992
0.00137255
0.00166779
0.0019684
0.00226688
0.00255567
0.00282731
0.00307456
0.00329065
0.00346951
0.00360594
0.00369606
0.00373445
-0.000116271
-7.94057e-05
8.35834e-06
0.000141934
0.000318162
0.000532686
0.000780251
0.00105484
0.00134982
0.00165804
0.00197201
0.00228395
0.00258603
0.00287045
0.00312962
0.00335641
0.00354433
0.00368783
0.0037827
0.0038231
-0.000249593
-0.000210262
-0.000116558
2.60147e-05
0.000214036
0.000442822
0.000706755
0.00099945
0.00131389
0.00164255
0.00197755
0.00231072
0.00263376
0.00293837
0.00321643
0.0034602
0.00366256
0.00381734
0.00391981
0.00396352
-0.000435522
-0.000392707
-0.000290654
-0.000135469
6.90424e-05
0.000317713
0.000604413
0.000922235
0.00126365
0.00162063
0.00198479
0.0023474
0.00269959
0.0030324
0.00333693
0.00360461
0.00382739
0.00399822
0.00411154
0.00416
-0.000678831
-0.00063139
-0.000518301
-0.000346495
-0.000120331
0.000154355
0.000470736
0.000821224
0.00119764
0.00159134
0.00199331
0.0023942
0.00278441
0.00315416
0.00349358
0.00379297
0.00404306
0.00423546
0.00436348
0.00441843
-0.00098584
-0.000932448
-0.000805228
-0.000612238
-0.000358611
-5.1098e-05
0.000302557
0.000693903
0.00111397
0.0015534
0.00200251
0.00245123
0.00288916
0.00330556
0.00368941
0.00402954
0.00431503
0.00453568
0.00468312
0.00474674
-0.00136468
-0.00130374
-0.00115871
-0.000939193
-0.000651409
-0.000303357
9.60267e-05
0.000537218
0.00101033
0.00150523
0.0020115
0.00251842
0.00301475
0.0034887
0.00392789
0.00431941
0.00465013
0.00490736
0.00508024
0.0051554
-0.00182565
-0.00175515
-0.0015878
-0.00133531
-0.00100548
-0.000607993
-0.000153352
0.000347612
0.000883976
0.00144479
0.00201902
0.00259535
0.0031618
0.00370557
0.00421279
0.00466844
0.00505661
0.00536112
0.00556743
0.00565811
-0.00238181
-0.00229904
-0.00210363
-0.00181017
-0.00142874
-0.000971384
-0.000450626
0.000121117
0.000731788
0.00136969
0.0020233
0.00268101
0.00333035
0.0039577
0.00454772
0.00508301
0.0055441
0.00591007
0.00616085
0.00627291
-0.00304976
-0.0029509
-0.00271988
-0.00237516
-0.00193028
-0.00140057
-0.00080119
-0.000146448
0.000550414
0.00127712
0.00202199
0.00277354
0.00351939
0.00424558
0.00493556
0.00556942
0.00612341
0.00657022
0.00688125
0.00702387
-0.00385098
-0.00373029
-0.00345335
-0.00304363
-0.00252023
-0.00190296
-0.00121039
-0.000459076
0.000336563
0.00116403
0.00201204
0.00286993
0.00372628
0.00456769
0.00537729
0.00613292
0.00680592
0.00736082
0.00775549
0.00794386
-0.00481364
-0.00466237
-0.00432491
-0.00383107
-0.00320944
-0.00248565
-0.00168273
-0.000819888
8.75207e-05
0.00102735
0.00198966
0.00296563
0.00394603
0.00491951
0.00587036
0.00677569
0.00760196
0.00830432
0.00881808
0.00907959
-0.00597856
-0.0057809
-0.00536088
-0.00475503
-0.00400872
-0.00315437
-0.00222102
-0.00123041
-0.000198275
0.000864501
0.00195049
0.00305415
0.00417028
0.00529171
0.00640644
0.00749353
0.00851719
0.00942513
0.0101098
0.0105042
-0.00738827
-0.00712369
-0.00659326
-0.00583421
-0.00492716
-0.00391202
-0.00282474
-0.00168909
-0.00052007
0.000674056
0.00188987
0.00312697
0.00438637
0.00566811
0.00696775
0.00827128
0.00954563
0.0107477
0.0116809
0.0123279
-0.00925652
-0.00877447
-0.00807257
-0.00708772
-0.00597058
-0.00475595
-0.00348754
-0.00218921
-0.000873153
0.000456989
0.00180375
0.00317361
0.00457672
0.00602376
0.007523
0.00907468
0.0106571
0.0122815
0.0135786
0.0147797
-0.0111081
-0.0106405
-0.00978342
-0.0085179
-0.00713226
-0.00567275
-0.00419384
-0.00271648
-0.00124736
0.000217488
0.00168876
0.00318216
0.00471794
0.00632018
0.00801422
0.00982045
0.01173
0.0139125
0.0155496
0.0178453
-0.0154762
-0.0132727
-0.0120678
-0.0101926
-0.00840355
-0.00663079
-0.00490862
-0.00324138
-0.001621
-3.12482e-05
0.00154966
0.00314727
0.00479274
0.00653457
0.00843601
0.0105921
0.0130114
0.0162799
0.018866
0.0234768
-0.0176522
-0.0163188
-0.0144527
-0.012095
-0.00980963
-0.00763891
-0.00563142
-0.00376016
-0.00199238
-0.000293546
0.00137067
0.00303604
0.00473681
0.00651579
0.00841397
0.0105539
0.0125932
0.0166858
0.0180595
0.026827
-0.0321303
-0.0181956
-0.0166247
-0.0132243
-0.0104678
-0.0081188
-0.00598125
-0.00401386
-0.00217747
-0.000428649
0.0012731
0.00296797
0.00470378
0.00655417
0.00860561
0.0112355
0.0142537
0.0206299
0.0264964
0.0483847
2.41336e-06
3.71856e-05
0.000119689
0.000245321
0.000411112
0.000612985
0.000845993
0.00110445
0.00138204
0.00167197
0.0019671
0.00226006
0.00254339
0.00280977
0.00305212
0.00326382
0.00343895
0.00357248
0.00366062
0.0036982
-3.18485e-05
3.50219e-06
8.75174e-05
0.000215412
0.000384183
0.00058968
0.000826874
0.00108998
0.0013726
0.00166784
0.00196845
0.00226693
0.00255573
0.00282736
0.00307461
0.00329071
0.00346956
0.00360599
0.00369611
0.00373449
-0.000116098
-7.92439e-05
8.50398e-06
0.000142062
0.000318271
0.000532778
0.00078033
0.00105491
0.00134988
0.0016581
0.00197206
0.002284
0.00258608
0.0028705
0.00312967
0.00335646
0.00354438
0.00368788
0.00378274
0.00382314
-0.000249389
-0.000210071
-0.000116384
2.61673e-05
0.000214167
0.000442932
0.000706848
0.000999527
0.00131395
0.00164261
0.00197761
0.00231077
0.00263381
0.00293842
0.00321649
0.00346025
0.00366261
0.00381739
0.00391985
0.00396355
-0.000435275
-0.000392473
-0.000290442
-0.000135283
6.92022e-05
0.000317847
0.000604524
0.000922325
0.00126372
0.0016207
0.00198484
0.00234745
0.00269964
0.00303245
0.00333698
0.00360466
0.00382744
0.00399826
0.00411158
0.00416004
-0.000678524
-0.000631099
-0.000518037
-0.000346264
-0.000120134
0.000154518
0.000470868
0.000821329
0.00119772
0.0015914
0.00199336
0.00239424
0.00278446
0.0031542
0.00349363
0.00379302
0.00404311
0.00423551
0.00436353
0.00441847
-0.000985453
-0.000932083
-0.000804896
-0.00061195
-0.000358368
-5.09009e-05
0.000302713
0.000694022
0.00111406
0.00155347
0.00200256
0.00245127
0.0028892
0.0033056
0.00368945
0.00402958
0.00431508
0.00453574
0.00468318
0.00474679
-0.00136418
-0.00130327
-0.00115829
-0.000938832
-0.00065111
-0.00030312
9.62072e-05
0.000537349
0.00101042
0.00150528
0.00201154
0.00251844
0.00301476
0.00348872
0.00392792
0.00431945
0.00465018
0.00490743
0.00508031
0.00515547
-0.00182502
-0.00175455
-0.00158726
-0.00133486
-0.00100511
-0.000607711
-0.000153148
0.000347749
0.000884058
0.00144483
0.00201903
0.00259534
0.00316178
0.00370556
0.00421279
0.00466847
0.00505666
0.0053612
0.00556753
0.00565821
-0.00238099
-0.00229827
-0.00210295
-0.00180961
-0.00142829
-0.000971055
-0.000450403
0.00012125
0.000731846
0.00136969
0.00202327
0.00268095
0.00333029
0.00395764
0.00454769
0.00508301
0.00554414
0.00591016
0.00616098
0.00627305
-0.00304868
-0.00294991
-0.00271902
-0.00237445
-0.00192974
-0.0014002
-0.000800961
-0.00014634
0.000550423
0.00127706
0.00202188
0.00277339
0.00351923
0.00424544
0.00493545
0.00556937
0.00612344
0.00657032
0.00688142
0.00702407
-0.00384958
-0.00372899
-0.00345225
-0.00304276
-0.0025196
-0.00190255
-0.00121018
-0.000459024
0.000336488
0.00116385
0.0020118
0.00286965
0.00372598
0.00456742
0.00537706
0.00613277
0.0068059
0.00736092
0.00775569
0.00794414
-0.0048118
-0.00466069
-0.00432352
-0.00383001
-0.00320872
-0.00248524
-0.00168257
-0.000819938
8.73095e-05
0.00102701
0.00198924
0.00296515
0.00394552
0.00491903
0.00586994
0.00677539
0.00760183
0.0083044
0.00881834
0.00907997
-0.00597615
-0.00577875
-0.00535914
-0.00475377
-0.00400793
-0.00315399
-0.00222097
-0.00123063
-0.000198688
0.000863937
0.00194982
0.0030534
0.00416948
0.00529093
0.00640573
0.00749298
0.00851688
0.00942513
0.0101101
0.0105047
-0.00738513
-0.00712093
-0.00659112
-0.00583276
-0.00492634
-0.00391174
-0.00282489
-0.00168954
-0.000520765
0.00067318
0.00188886
0.00312584
0.00438518
0.00566691
0.00696663
0.00827034
0.00954503
0.0107476
0.0116812
0.0123287
-0.00925254
-0.00877103
-0.00807
-0.00708609
-0.0059698
-0.00475585
-0.00348796
-0.00219001
-0.000874217
0.000455718
0.00180231
0.00317202
0.00457502
0.00602201
0.00752129
0.00907319
0.0106561
0.0122811
0.0135789
0.0147808
-0.0111029
-0.0106362
-0.00978036
-0.00851613
-0.0071316
-0.00567293
-0.00419463
-0.00271769
-0.00124887
0.000215753
0.00168682
0.00318004
0.00471565
0.00631777
0.00801179
0.00981822
0.0117283
0.0139117
0.0155496
0.0178466
-0.0154699
-0.0132675
-0.0120644
-0.0101908
-0.00840308
-0.00663133
-0.00490985
-0.00324306
-0.00162297
-3.34585e-05
0.00154723
0.00314461
0.00478984
0.00653148
0.00843289
0.0105893
0.0130093
0.0162793
0.0188665
0.0234793
-0.0176445
-0.0163127
-0.0144488
-0.0120931
-0.00980936
-0.00763981
-0.00563307
-0.00376227
-0.00199479
-0.000296189
0.00136778
0.00303285
0.00473327
0.00651188
0.00840977
0.0105497
0.0125892
0.0166837
0.0180582
0.0268292
-0.0321211
-0.0181882
-0.0166201
-0.0132222
-0.0104675
-0.00811986
-0.00598312
-0.0040162
-0.00218011
-0.000431528
0.00126996
0.0029645
0.00469994
0.00654999
0.00860121
0.0112313
0.0142502
0.0206287
0.0264968
0.0483891
2.52436e-06
3.72904e-05
0.000119784
0.000245404
0.000411184
0.000613047
0.000846047
0.00110449
0.00138208
0.00167201
0.00196714
0.00226009
0.00254343
0.00280981
0.00305216
0.00326386
0.00343899
0.00357252
0.00366066
0.00369823
-3.17296e-05
3.61478e-06
8.76199e-05
0.000215502
0.000384261
0.000589748
0.000826932
0.00109003
0.00137265
0.00166788
0.00196849
0.00226697
0.00255577
0.0028274
0.00307465
0.00329075
0.0034696
0.00360603
0.00369614
0.00373453
-0.000115964
-7.91163e-05
8.62066e-06
0.000142165
0.00031836
0.000532855
0.000780395
0.00105497
0.00134993
0.00165814
0.0019721
0.00228404
0.00258612
0.00287054
0.00312971
0.0033565
0.00354442
0.00368791
0.00378278
0.00382317
-0.000249231
-0.00020992
-0.000116246
2.62899e-05
0.000214273
0.000443022
0.000706924
0.000999591
0.00131401
0.00164266
0.00197765
0.00231081
0.00263385
0.00293846
0.00321652
0.00346029
0.00366265
0.00381742
0.00391988
0.00396358
-0.000435083
-0.00039229
-0.000290274
-0.000135134
6.93302e-05
0.000317955
0.000604613
0.000922398
0.00126378
0.00162074
0.00198488
0.00234749
0.00269968
0.00303248
0.00333702
0.00360469
0.00382748
0.0039983
0.00411162
0.00416007
-0.000678287
-0.000630873
-0.00051783
-0.000346082
-0.000119979
0.000154647
0.000470973
0.000821411
0.00119778
0.00159145
0.0019934
0.00239428
0.00278449
0.00315423
0.00349366
0.00379306
0.00404314
0.00423555
0.00436356
0.00441851
-0.000985155
-0.000931799
-0.000804638
-0.000611724
-0.000358178
-5.07456e-05
0.000302835
0.000694114
0.00111413
0.00155352
0.00200259
0.00245129
0.00288922
0.00330562
0.00368947
0.00402962
0.00431512
0.00453578
0.00468322
0.00474684
-0.00136381
-0.00130291
-0.00115797
-0.00093855
-0.000650877
-0.000302934
9.63474e-05
0.00053745
0.00101049
0.00150532
0.00201156
0.00251846
0.00301477
0.00348873
0.00392794
0.00431947
0.00465022
0.00490748
0.00508036
0.00515552
-0.00182453
-0.00175409
-0.00158685
-0.00133451
-0.00100483
-0.000607493
-0.000152991
0.000347853
0.000884117
0.00144486
0.00201903
0.00259533
0.00316176
0.00370554
0.00421279
0.00466848
0.00505669
0.00536125
0.00556759
0.00565828
-0.00238037
-0.00229769
-0.00210243
-0.00180917
-0.00142795
-0.000970803
-0.000450234
0.000121347
0.000731884
0.00136969
0.00202322
0.00268089
0.00333022
0.00395758
0.00454764
0.005083
0.00554416
0.00591021
0.00616105
0.00627314
-0.00304788
-0.00294916
-0.00271836
-0.00237392
-0.00192934
-0.00139991
-0.000800789
-0.000146264
0.000550421
0.001277
0.00202177
0.00277326
0.00351909
0.00424531
0.00493535
0.00556931
0.00612343
0.00657037
0.00688151
0.00702419
-0.00384854
-0.00372803
-0.00345143
-0.0030421
-0.00251912
-0.00190224
-0.00121002
-0.000458992
0.000336419
0.00116371
0.00201159
0.00286941
0.00372573
0.00456718
0.00537687
0.00613264
0.00680584
0.00736096
0.00775581
0.0079443
-0.00481046
-0.00465947
-0.00432249
-0.00382922
-0.00320818
-0.00248492
-0.00168245
-0.000819982
8.71374e-05
0.00102674
0.0019889
0.00296476
0.00394512
0.00491864
0.00586959
0.00677513
0.0076017
0.0083044
0.00881847
0.0090802
-0.00597444
-0.0057772
-0.00535788
-0.00475283
-0.00400733
-0.00315369
-0.00222093
-0.00123079
-0.000199008
0.000863495
0.00194928
0.00305281
0.00416886
0.00529032
0.00640518
0.00749254
0.00851662
0.00942508
0.0101103
0.010505
-0.00738295
-0.00711899
-0.00658958
-0.00583167
-0.00492571
-0.0039115
-0.00282496
-0.00168987
-0.000521285
0.000672515
0.00188808
0.00312499
0.00438428
0.005666
0.00696578
0.00826964
0.00954456
0.0107474
0.0116813
0.0123291
-0.00924982
-0.00876864
-0.00806816
-0.00708487
-0.00596917
-0.00475571
-0.00348821
-0.00219056
-0.000874988
0.000454779
0.00180124
0.00317084
0.00457377
0.00602073
0.00752007
0.00907213
0.0106553
0.0122808
0.0135791
0.0147813
-0.0110994
-0.0106332
-0.00977819
-0.00851479
-0.00713101
-0.00567295
-0.00419511
-0.00271851
-0.00124993
0.000214505
0.00168543
0.00317851
0.004714
0.00631606
0.00801012
0.00981672
0.0117271
0.0139111
0.0155496
0.0178473
-0.0154659
-0.013264
-0.012062
-0.0101894
-0.00840258
-0.00663154
-0.00491058
-0.00324415
-0.00162433
-3.50198e-05
0.00154547
0.00314271
0.0047878
0.00652935
0.00843078
0.0105874
0.0130078
0.0162787
0.0188667
0.0234805
-0.0176397
-0.0163086
-0.014446
-0.0120916
-0.00980895
-0.00764021
-0.00563404
-0.00376362
-0.00199641
-0.000298015
0.00136576
0.00303062
0.00473084
0.00650928
0.00840707
0.0105471
0.0125868
0.0166824
0.0180576
0.0268302
-0.0321154
-0.0181835
-0.016617
-0.0132206
-0.0104671
-0.00812034
-0.0059842
-0.00401768
-0.00218186
-0.000433499
0.00126778
0.00296211
0.00469734
0.00654721
0.00859838
0.0112287
0.014248
0.0206278
0.0264967
0.048391
2.60297e-06
3.73654e-05
0.000119853
0.000245466
0.000411238
0.000613094
0.000846087
0.00110453
0.00138211
0.00167204
0.00196717
0.00226012
0.00254346
0.00280984
0.00305219
0.00326389
0.00343902
0.00357254
0.00366068
0.00369826
-3.1646e-05
3.69469e-06
8.76935e-05
0.000215568
0.000384319
0.000589798
0.000826975
0.00109007
0.00137268
0.00166791
0.00196851
0.00226699
0.00255579
0.00282743
0.00307468
0.00329078
0.00346963
0.00360605
0.00369617
0.00373455
-0.00011587
-7.90264e-05
8.70354e-06
0.000142239
0.000318425
0.000532911
0.000780443
0.00105501
0.00134996
0.00165817
0.00197213
0.00228407
0.00258615
0.00287056
0.00312974
0.00335653
0.00354445
0.00368794
0.0037828
0.00382319
-0.000249121
-0.000209815
-0.000116149
2.63768e-05
0.000214349
0.000443087
0.000706978
0.000999636
0.00131405
0.00164269
0.00197768
0.00231084
0.00263387
0.00293849
0.00321655
0.00346031
0.00366267
0.00381744
0.00391991
0.0039636
-0.000434951
-0.000392163
-0.000290157
-0.00013503
6.94205e-05
0.000318031
0.000604676
0.000922449
0.00126382
0.00162078
0.00198491
0.00234751
0.0026997
0.00303251
0.00333704
0.00360472
0.00382751
0.00399832
0.00411164
0.00416009
-0.000678124
-0.000630717
-0.000517687
-0.000345954
-0.00011987
0.000154738
0.000471046
0.000821469
0.00119783
0.00159149
0.00199343
0.0023943
0.00278451
0.00315425
0.00349368
0.00379308
0.00404317
0.00423557
0.00436359
0.00441853
-0.000984951
-0.000931605
-0.00080446
-0.000611567
-0.000358045
-5.06379e-05
0.000302919
0.000694178
0.00111417
0.00155355
0.00200261
0.00245131
0.00288923
0.00330564
0.00368949
0.00402964
0.00431514
0.00453581
0.00468325
0.00474687
-0.00136355
-0.00130267
-0.00115774
-0.000938357
-0.000650717
-0.000302807
9.64434e-05
0.000537518
0.00101053
0.00150535
0.00201157
0.00251846
0.00301477
0.00348873
0.00392794
0.00431949
0.00465024
0.0049075
0.0050804
0.00515556
-0.00182421
-0.00175378
-0.00158658
-0.00133427
-0.00100463
-0.000607344
-0.000152884
0.000347922
0.000884155
0.00144487
0.00201902
0.00259531
0.00316174
0.00370552
0.00421278
0.00466849
0.00505671
0.00536127
0.00556763
0.00565832
-0.00237995
-0.00229729
-0.00210208
-0.00180888
-0.00142772
-0.000970633
-0.00045012
0.000121411
0.000731907
0.00136968
0.00202319
0.00268084
0.00333017
0.00395753
0.00454761
0.00508298
0.00554417
0.00591024
0.0061611
0.00627319
-0.00304735
-0.00294866
-0.00271792
-0.00237355
-0.00192906
-0.00139972
-0.000800675
-0.000146216
0.000550416
0.00127695
0.00202169
0.00277316
0.00351899
0.00424521
0.00493527
0.00556926
0.00612342
0.00657039
0.00688156
0.00702425
-0.00384786
-0.0037274
-0.00345088
-0.00304167
-0.0025188
-0.00190204
-0.00120991
-0.000458973
0.000336368
0.0011636
0.00201145
0.00286925
0.00372556
0.00456701
0.00537672
0.00613254
0.00680579
0.00736096
0.00775586
0.00794437
-0.0048096
-0.00465867
-0.00432181
-0.0038287
-0.00320781
-0.00248471
-0.00168237
-0.000820013
8.70176e-05
0.00102656
0.00198866
0.00296449
0.00394484
0.00491836
0.00586935
0.00677495
0.00760159
0.00830438
0.00881852
0.00908028
-0.00597335
-0.0057762
-0.00535705
-0.00475222
-0.00400693
-0.00315348
-0.0022209
-0.00123089
-0.000199224
0.000863194
0.00194892
0.0030524
0.00416844
0.0052899
0.0064048
0.00749224
0.00851643
0.00942502
0.0101103
0.0105051
-0.00738157
-0.00711776
-0.00658858
-0.00583096
-0.00492528
-0.00391133
-0.002825
-0.00169008
-0.000521628
0.000672071
0.00188756
0.00312441
0.00438367
0.0056654
0.00696522
0.00826918
0.00954424
0.0107473
0.0116814
0.0123292
-0.00924813
-0.00876713
-0.00806698
-0.00708406
-0.00596873
-0.00475559
-0.00348835
-0.0021909
-0.000875484
0.000454164
0.00180054
0.00317007
0.00457295
0.0060199
0.00751929
0.00907146
0.0106548
0.0122806
0.0135791
0.0147815
-0.0110973
-0.0106314
-0.0097768
-0.0085139
-0.00713057
-0.0056729
-0.00419537
-0.002719
-0.00125059
0.000213701
0.00168452
0.00317751
0.00471294
0.00631498
0.00800907
0.00981579
0.0117264
0.0139108
0.0155495
0.0178476
-0.0154635
-0.0132619
-0.0120604
-0.0101884
-0.00840216
-0.00663157
-0.00491097
-0.0032448
-0.00162517
-3.60081e-05
0.00154436
0.00314149
0.0047865
0.00652801
0.00842948
0.0105862
0.013007
0.0162783
0.0188667
0.0234809
-0.0176368
-0.0163062
-0.0144442
-0.0120905
-0.00980854
-0.00764032
-0.00563454
-0.0037644
-0.00199739
-0.000299155
0.00136448
0.00302922
0.00472932
0.00650769
0.00840546
0.0105456
0.0125856
0.0166817
0.0180572
0.0268306
-0.0321123
-0.0181808
-0.016615
-0.0132194
-0.0104667
-0.00812048
-0.00598476
-0.00401853
-0.00218293
-0.000434721
0.00126642
0.00296062
0.00469573
0.00654552
0.0085967
0.0112272
0.0142468
0.0206272
0.0264966
0.0483916
2.64739e-06
3.74079e-05
0.000119892
0.000245501
0.000411269
0.000613121
0.00084611
0.00110455
0.00138213
0.00167206
0.00196718
0.00226014
0.00254347
0.00280985
0.0030522
0.0032639
0.00343903
0.00357256
0.00366069
0.00369827
-3.15992e-05
3.73949e-06
8.7735e-05
0.000215605
0.000384351
0.000589826
0.000826999
0.00109009
0.0013727
0.00166793
0.00196853
0.00226701
0.00255581
0.00282744
0.00307469
0.00329079
0.00346964
0.00360607
0.00369618
0.00373456
-0.000115818
-7.89769e-05
8.74945e-06
0.000142281
0.000318461
0.000532942
0.000780469
0.00105503
0.00134998
0.00165819
0.00197214
0.00228408
0.00258616
0.00287058
0.00312975
0.00335654
0.00354446
0.00368795
0.00378281
0.00382321
-0.000249062
-0.000209758
-0.000116096
2.64244e-05
0.000214391
0.000443123
0.000707008
0.000999661
0.00131407
0.00164271
0.00197769
0.00231085
0.00263388
0.0029385
0.00321656
0.00346033
0.00366268
0.00381746
0.00391992
0.00396362
-0.00043488
-0.000392096
-0.000290095
-0.000134973
6.94693e-05
0.000318072
0.00060471
0.000922476
0.00126384
0.0016208
0.00198493
0.00234753
0.00269971
0.00303252
0.00333706
0.00360473
0.00382752
0.00399833
0.00411165
0.0041601
-0.000678039
-0.000630636
-0.000517611
-0.000345887
-0.000119812
0.000154786
0.000471085
0.000821499
0.00119785
0.0015915
0.00199344
0.00239431
0.00278452
0.00315426
0.00349369
0.00379309
0.00404318
0.00423558
0.0043636
0.00441855
-0.000984846
-0.000931504
-0.000804368
-0.000611486
-0.000357976
-5.05813e-05
0.000302964
0.000694211
0.0011142
0.00155357
0.00200262
0.00245132
0.00288924
0.00330564
0.0036895
0.00402964
0.00431515
0.00453582
0.00468326
0.00474688
-0.00136342
-0.00130254
-0.00115763
-0.000938258
-0.000650634
-0.000302741
9.64931e-05
0.000537553
0.00101056
0.00150536
0.00201158
0.00251846
0.00301477
0.00348873
0.00392795
0.00431949
0.00465025
0.00490752
0.00508041
0.00515558
-0.00182404
-0.00175363
-0.00158643
-0.00133415
-0.00100453
-0.000607268
-0.00015283
0.000347957
0.000884174
0.00144488
0.00201902
0.0025953
0.00316173
0.00370551
0.00421277
0.00466849
0.00505671
0.00536129
0.00556765
0.00565834
-0.00237974
-0.0022971
-0.00210191
-0.00180873
-0.0014276
-0.000970546
-0.000450062
0.000121443
0.000731918
0.00136967
0.00202317
0.00268081
0.00333014
0.00395751
0.00454759
0.00508297
0.00554417
0.00591025
0.00616112
0.00627322
-0.00304708
-0.00294841
-0.0027177
-0.00237337
-0.00192892
-0.00139963
-0.000800617
-0.000146191
0.000550413
0.00127692
0.00202165
0.00277311
0.00351893
0.00424516
0.00493523
0.00556923
0.00612341
0.0065704
0.00688158
0.00702429
-0.00384752
-0.00372708
-0.00345061
-0.00304145
-0.00251864
-0.00190193
-0.00120986
-0.000458964
0.000336341
0.00116355
0.00201138
0.00286916
0.00372547
0.00456692
0.00537665
0.00613248
0.00680577
0.00736096
0.00775588
0.00794441
-0.00480917
-0.00465827
-0.00432148
-0.00382844
-0.00320763
-0.0024846
-0.00168233
-0.000820028
8.69571e-05
0.00102646
0.00198854
0.00296435
0.00394469
0.00491822
0.00586923
0.00677485
0.00760153
0.00830437
0.00881855
0.00908033
-0.00597281
-0.00577571
-0.00535664
-0.00475191
-0.00400672
-0.00315338
-0.00222088
-0.00123095
-0.000199332
0.000863044
0.00194874
0.0030522
0.00416823
0.00528969
0.00640461
0.00749209
0.00851633
0.00942498
0.0101103
0.0105052
-0.00738091
-0.00711716
-0.00658809
-0.00583061
-0.00492506
-0.00391123
-0.00282502
-0.00169018
-0.000521796
0.000671851
0.0018873
0.00312413
0.00438337
0.0056651
0.00696495
0.00826895
0.00954408
0.0107472
0.0116814
0.0123293
-0.00924733
-0.00876641
-0.0080664
-0.00708366
-0.0059685
-0.00475552
-0.00348841
-0.00219106
-0.000875726
0.000453862
0.00180019
0.00316968
0.00457254
0.0060195
0.00751891
0.00907113
0.0106546
0.0122805
0.0135791
0.0147816
-0.0110963
-0.0106305
-0.00977613
-0.00851345
-0.00713034
-0.00567287
-0.00419548
-0.00271923
-0.00125092
0.00021331
0.00168408
0.00317702
0.00471243
0.00631445
0.00800857
0.00981535
0.011726
0.0139106
0.0155495
0.0178476
-0.0154623
-0.0132609
-0.0120597
-0.0101879
-0.00840194
-0.00663157
-0.00491114
-0.0032451
-0.00162557
-3.64855e-05
0.00154382
0.00314091
0.00478588
0.00652737
0.00842887
0.0105857
0.0130065
0.0162781
0.0188667
0.0234811
-0.0176355
-0.0163051
-0.0144433
-0.01209
-0.00980832
-0.00764034
-0.00563476
-0.00376476
-0.00199786
-0.000299702
0.00136387
0.00302854
0.0047286
0.00650693
0.00840471
0.0105449
0.012585
0.0166814
0.0180571
0.0268307
-0.0321108
-0.0181795
-0.0166141
-0.0132189
-0.0104665
-0.00812052
-0.005985
-0.00401893
-0.00218342
-0.000435305
0.00126577
0.0029599
0.00469496
0.00654473
0.00859591
0.0112264
0.0142462
0.0206269
0.0264964
0.0483919
2.65702e-06
3.74171e-05
0.0001199
0.000245508
0.000411275
0.000613126
0.000846114
0.00110455
0.00138213
0.00167206
0.00196719
0.00226014
0.00254348
0.00280986
0.0030522
0.0032639
0.00343903
0.00357256
0.0036607
0.00369827
-3.15899e-05
3.74836e-06
8.7743e-05
0.000215612
0.000384357
0.000589831
0.000827003
0.00109009
0.0013727
0.00166793
0.00196853
0.00226701
0.00255581
0.00282744
0.00307469
0.00329079
0.00346964
0.00360607
0.00369618
0.00373456
-0.000115809
-7.89685e-05
8.75713e-06
0.000142287
0.000318467
0.000532947
0.000780473
0.00105503
0.00134998
0.00165819
0.00197214
0.00228408
0.00258616
0.00287058
0.00312975
0.00335654
0.00354446
0.00368795
0.00378281
0.00382321
-0.000249054
-0.00020975
-0.000116089
2.64309e-05
0.000214396
0.000443127
0.000707012
0.000999664
0.00131407
0.00164271
0.00197769
0.00231085
0.00263389
0.0029385
0.00321656
0.00346033
0.00366269
0.00381746
0.00391992
0.00396362
-0.000434873
-0.000392089
-0.000290088
-0.000134967
6.94747e-05
0.000318077
0.000604713
0.000922479
0.00126385
0.0016208
0.00198493
0.00234753
0.00269972
0.00303252
0.00333706
0.00360473
0.00382752
0.00399834
0.00411165
0.00416011
-0.000678033
-0.00063063
-0.000517605
-0.000345882
-0.000119807
0.00015479
0.000471088
0.000821502
0.00119785
0.0015915
0.00199344
0.00239431
0.00278452
0.00315426
0.00349369
0.00379309
0.00404318
0.00423558
0.0043636
0.00441855
-0.000984841
-0.000931499
-0.000804363
-0.000611481
-0.000357972
-5.05777e-05
0.000302967
0.000694213
0.0011142
0.00155357
0.00200262
0.00245132
0.00288924
0.00330564
0.0036895
0.00402964
0.00431515
0.00453582
0.00468326
0.00474688
-0.00136341
-0.00130254
-0.00115763
-0.000938254
-0.00065063
-0.000302738
9.64956e-05
0.000537555
0.00101056
0.00150537
0.00201158
0.00251846
0.00301477
0.00348873
0.00392795
0.00431949
0.00465025
0.00490752
0.00508041
0.00515558
-0.00182404
-0.00175362
-0.00158643
-0.00133415
-0.00100453
-0.000607266
-0.000152828
0.000347959
0.000884176
0.00144488
0.00201902
0.00259531
0.00316173
0.00370551
0.00421277
0.00466849
0.00505672
0.00536129
0.00556765
0.00565834
-0.00237974
-0.00229709
-0.0021019
-0.00180873
-0.0014276
-0.000970544
-0.000450061
0.000121445
0.000731919
0.00136967
0.00202317
0.00268081
0.00333014
0.00395751
0.00454759
0.00508297
0.00554417
0.00591025
0.00616112
0.00627322
-0.00304708
-0.0029484
-0.0027177
-0.00237337
-0.00192892
-0.00139963
-0.000800615
-0.00014619
0.000550414
0.00127693
0.00202165
0.00277311
0.00351893
0.00424516
0.00493523
0.00556923
0.00612341
0.0065704
0.00688158
0.00702429
-0.00384752
-0.00372708
-0.00345061
-0.00304144
-0.00251864
-0.00190193
-0.00120986
-0.000458962
0.000336343
0.00116355
0.00201138
0.00286916
0.00372547
0.00456692
0.00537665
0.00613248
0.00680577
0.00736096
0.00775588
0.00794441
-0.00480917
-0.00465827
-0.00432148
-0.00382844
-0.00320763
-0.0024846
-0.00168233
-0.000820027
8.69584e-05
0.00102646
0.00198854
0.00296435
0.00394469
0.00491822
0.00586923
0.00677486
0.00760153
0.00830437
0.00881855
0.00908033
-0.00597281
-0.00577571
-0.00535664
-0.00475191
-0.00400672
-0.00315338
-0.00222088
-0.00123094
-0.000199331
0.000863045
0.00194874
0.0030522
0.00416823
0.00528969
0.00640461
0.00749209
0.00851633
0.00942498
0.0101103
0.0105052
-0.00738091
-0.00711715
-0.00658809
-0.00583061
-0.00492506
-0.00391123
-0.00282502
-0.00169018
-0.000521795
0.000671853
0.00188731
0.00312413
0.00438337
0.0056651
0.00696495
0.00826895
0.00954408
0.0107472
0.0116814
0.0123293
-0.00924733
-0.00876641
-0.0080664
-0.00708366
-0.0059685
-0.00475552
-0.00348841
-0.00219106
-0.000875724
0.000453864
0.00180019
0.00316969
0.00457254
0.0060195
0.00751891
0.00907113
0.0106546
0.0122805
0.0135791
0.0147816
-0.0110963
-0.0106305
-0.00977613
-0.00851345
-0.00713034
-0.00567286
-0.00419548
-0.00271923
-0.00125092
0.000213311
0.00168408
0.00317702
0.00471243
0.00631446
0.00800857
0.00981535
0.011726
0.0139106
0.0155495
0.0178476
-0.0154623
-0.0132609
-0.0120597
-0.0101879
-0.00840194
-0.00663157
-0.00491114
-0.0032451
-0.00162556
-3.64842e-05
0.00154382
0.00314091
0.00478588
0.00652738
0.00842887
0.0105857
0.0130065
0.0162781
0.0188667
0.0234811
-0.0176355
-0.0163051
-0.0144433
-0.01209
-0.00980832
-0.00764034
-0.00563475
-0.00376476
-0.00199786
-0.000299701
0.00136387
0.00302854
0.0047286
0.00650693
0.00840471
0.0105449
0.012585
0.0166814
0.0180571
0.0268307
-0.0321108
-0.0181795
-0.0166141
-0.0132189
-0.0104665
-0.00812052
-0.005985
-0.00401892
-0.00218342
-0.000435304
0.00126577
0.0029599
0.00469496
0.00654473
0.00859592
0.0112264
0.0142462
0.0206269
0.0264964
0.0483919
2.63274e-06
3.73938e-05
0.000119878
0.000245488
0.000411257
0.000613109
0.000846099
0.00110454
0.00138212
0.00167205
0.00196717
0.00226013
0.00254346
0.00280984
0.00305219
0.00326389
0.00343902
0.00357254
0.00366068
0.00369826
-3.16172e-05
3.72209e-06
8.77184e-05
0.00021559
0.000384337
0.000589813
0.000826987
0.00109008
0.00137269
0.00166792
0.00196852
0.002267
0.0025558
0.00282743
0.00307468
0.00329078
0.00346963
0.00360606
0.00369617
0.00373455
-0.000115843
-7.90008e-05
8.7271e-06
0.00014226
0.000318443
0.000532926
0.000780455
0.00105502
0.00134997
0.00165818
0.00197213
0.00228407
0.00258615
0.00287057
0.00312974
0.00335653
0.00354445
0.00368794
0.0037828
0.0038232
-0.000249097
-0.000209791
-0.000116127
2.63966e-05
0.000214366
0.000443101
0.000706989
0.000999645
0.00131405
0.00164269
0.00197768
0.00231084
0.00263387
0.00293849
0.00321655
0.00346032
0.00366267
0.00381745
0.00391991
0.00396361
-0.000434929
-0.000392143
-0.000290138
-0.000135012
6.94366e-05
0.000318045
0.000604687
0.000922457
0.00126383
0.00162078
0.00198492
0.00234752
0.0026997
0.00303251
0.00333705
0.00360472
0.00382751
0.00399832
0.00411164
0.00416009
-0.000678106
-0.0006307
-0.000517669
-0.000345939
-0.000119855
0.00015475
0.000471056
0.000821476
0.00119783
0.00159149
0.00199343
0.0023943
0.00278451
0.00315426
0.00349369
0.00379308
0.00404317
0.00423557
0.00436359
0.00441854
-0.000984936
-0.00093159
-0.000804446
-0.000611554
-0.000358033
-5.06272e-05
0.000302928
0.000694185
0.00111418
0.00155355
0.00200262
0.00245131
0.00288923
0.00330564
0.00368949
0.00402964
0.00431514
0.00453581
0.00468325
0.00474687
-0.00136354
-0.00130266
-0.00115773
-0.000938346
-0.000650706
-0.000302798
9.64508e-05
0.000537524
0.00101054
0.00150535
0.00201157
0.00251846
0.00301477
0.00348873
0.00392794
0.00431949
0.00465024
0.00490751
0.0050804
0.00515556
-0.0018242
-0.00175377
-0.00158657
-0.00133426
-0.00100462
-0.000607337
-0.000152878
0.000347927
0.00088416
0.00144487
0.00201903
0.00259532
0.00316175
0.00370553
0.00421278
0.00466849
0.00505671
0.00536128
0.00556763
0.00565833
-0.00237994
-0.00229729
-0.00210208
-0.00180887
-0.00142771
-0.000970627
-0.000450114
0.000121416
0.000731911
0.00136968
0.00202319
0.00268084
0.00333017
0.00395754
0.00454761
0.00508298
0.00554417
0.00591024
0.0061611
0.0062732
-0.00304734
-0.00294865
-0.00271792
-0.00237355
-0.00192906
-0.00139972
-0.00080067
-0.000146211
0.00055042
0.00127695
0.0020217
0.00277316
0.00351899
0.00424521
0.00493527
0.00556926
0.00612342
0.00657039
0.00688156
0.00702425
-0.00384785
-0.0037274
-0.00345088
-0.00304166
-0.00251879
-0.00190203
-0.00120991
-0.000458969
0.000336372
0.00116361
0.00201145
0.00286925
0.00372556
0.00456701
0.00537672
0.00613254
0.0068058
0.00736097
0.00775586
0.00794438
-0.00480959
-0.00465867
-0.00432181
-0.00382869
-0.00320781
-0.00248471
-0.00168237
-0.000820009
8.70218e-05
0.00102656
0.00198867
0.00296449
0.00394484
0.00491836
0.00586936
0.00677495
0.00760159
0.00830439
0.00881853
0.00908028
-0.00597334
-0.00577619
-0.00535705
-0.00475221
-0.00400692
-0.00315348
-0.00222089
-0.00123089
-0.00019922
0.000863199
0.00194893
0.00305241
0.00416844
0.00528991
0.0064048
0.00749224
0.00851643
0.00942502
0.0101103
0.0105051
-0.00738157
-0.00711776
-0.00658858
-0.00583096
-0.00492528
-0.00391132
-0.002825
-0.00169008
-0.000521624
0.000672075
0.00188757
0.00312442
0.00438368
0.0056654
0.00696523
0.00826918
0.00954424
0.0107473
0.0116814
0.0123292
-0.00924813
-0.00876713
-0.00806698
-0.00708406
-0.00596873
-0.00475559
-0.00348835
-0.00219089
-0.00087548
0.000454168
0.00180054
0.00317007
0.00457295
0.00601991
0.00751929
0.00907146
0.0106548
0.0122806
0.0135791
0.0147815
-0.0110973
-0.0106314
-0.0097768
-0.0085139
-0.00713057
-0.0056729
-0.00419537
-0.002719
-0.00125059
0.000213705
0.00168453
0.00317751
0.00471295
0.00631498
0.00800908
0.0098158
0.0117264
0.0139108
0.0155495
0.0178476
-0.0154635
-0.0132619
-0.0120605
-0.0101884
-0.00840216
-0.00663157
-0.00491096
-0.0032448
-0.00162516
-3.60044e-05
0.00154436
0.0031415
0.00478651
0.00652802
0.00842949
0.0105863
0.013007
0.0162783
0.0188667
0.0234809
-0.0176368
-0.0163062
-0.0144442
-0.0120905
-0.00980854
-0.00764032
-0.00563454
-0.0037644
-0.00199739
-0.000299152
0.00136449
0.00302922
0.00472933
0.00650769
0.00840547
0.0105456
0.0125856
0.0166817
0.0180572
0.0268306
-0.0321123
-0.0181808
-0.016615
-0.0132194
-0.0104667
-0.00812048
-0.00598475
-0.00401853
-0.00218292
-0.000434717
0.00126643
0.00296062
0.00469573
0.00654553
0.00859671
0.0112272
0.0142468
0.0206272
0.0264966
0.0483916
2.57694e-06
3.73404e-05
0.000119829
0.000245443
0.000411217
0.000613073
0.000846068
0.00110451
0.00138209
0.00167202
0.00196715
0.0022601
0.00254344
0.00280982
0.00305216
0.00326386
0.00343899
0.00357252
0.00366066
0.00369824
-3.16789e-05
3.663e-06
8.76635e-05
0.00021554
0.000384293
0.000589774
0.000826953
0.00109005
0.00137266
0.00166789
0.00196849
0.00226697
0.00255577
0.00282741
0.00307466
0.00329075
0.00346961
0.00360603
0.00369615
0.00373453
-0.000115917
-7.90715e-05
8.66149e-06
0.000142201
0.000318391
0.00053288
0.000780415
0.00105498
0.00134994
0.00165815
0.0019721
0.00228405
0.00258613
0.00287054
0.00312972
0.00335651
0.00354443
0.00368792
0.00378278
0.00382318
-0.000249189
-0.00020988
-0.000116209
2.63232e-05
0.000214302
0.000443046
0.000706942
0.000999605
0.00131402
0.00164267
0.00197766
0.00231081
0.00263385
0.00293846
0.00321653
0.00346029
0.00366265
0.00381743
0.00391989
0.00396359
-0.000435046
-0.000392255
-0.000290241
-0.000135104
6.93565e-05
0.000317977
0.00060463
0.000922411
0.00126379
0.00162075
0.00198489
0.00234749
0.00269968
0.00303249
0.00333702
0.0036047
0.00382748
0.0039983
0.00411162
0.00416007
-0.000678256
-0.000630843
-0.000517801
-0.000346055
-0.000119955
0.000154667
0.000470989
0.000821423
0.00119779
0.00159146
0.00199341
0.00239428
0.00278449
0.00315424
0.00349367
0.00379306
0.00404315
0.00423555
0.00436357
0.00441851
-0.000985128
-0.000931773
-0.000804614
-0.000611701
-0.000358158
-5.07283e-05
0.000302849
0.000694125
0.00111414
0.00155352
0.00200259
0.0024513
0.00288922
0.00330563
0.00368948
0.00402962
0.00431512
0.00453578
0.00468322
0.00474684
-0.00136378
-0.00130289
-0.00115795
-0.000938531
-0.00065086
-0.000302919
9.63598e-05
0.00053746
0.0010105
0.00150533
0.00201156
0.00251846
0.00301477
0.00348873
0.00392794
0.00431948
0.00465022
0.00490748
0.00508036
0.00515553
-0.00182452
-0.00175408
-0.00158684
-0.00133449
-0.00100481
-0.00060748
-0.00015298
0.000347862
0.000884124
0.00144486
0.00201903
0.00259533
0.00316177
0.00370554
0.00421279
0.00466849
0.00505669
0.00536125
0.00556759
0.00565828
-0.00238035
-0.00229767
-0.00210242
-0.00180916
-0.00142794
-0.000970793
-0.000450224
0.000121355
0.000731891
0.00136969
0.00202323
0.00268089
0.00333022
0.00395758
0.00454765
0.005083
0.00554416
0.00591021
0.00616105
0.00627314
-0.00304787
-0.00294915
-0.00271835
-0.00237391
-0.00192933
-0.00139991
-0.000800781
-0.000146257
0.000550428
0.001277
0.00202178
0.00277326
0.00351909
0.00424531
0.00493535
0.00556931
0.00612343
0.00657037
0.00688151
0.0070242
-0.00384853
-0.00372803
-0.00345142
-0.0030421
-0.00251911
-0.00190223
-0.00121001
-0.000458985
0.000336426
0.00116371
0.0020116
0.00286942
0.00372574
0.00456718
0.00537687
0.00613264
0.00680585
0.00736096
0.00775581
0.0079443
-0.00481046
-0.00465946
-0.00432248
-0.00382922
-0.00320817
-0.00248492
-0.00168245
-0.000819975
8.71442e-05
0.00102675
0.00198891
0.00296476
0.00394512
0.00491864
0.0058696
0.00677514
0.0076017
0.00830441
0.00881847
0.0090802
-0.00597444
-0.00577719
-0.00535787
-0.00475283
-0.00400733
-0.00315368
-0.00222092
-0.00123078
-0.000199002
0.000863501
0.00194929
0.00305281
0.00416887
0.00529032
0.00640518
0.00749254
0.00851662
0.00942509
0.0101103
0.010505
-0.00738295
-0.00711899
-0.00658958
-0.00583167
-0.00492571
-0.0039115
-0.00282496
-0.00168987
-0.000521279
0.000672521
0.00188809
0.00312499
0.00438428
0.00566601
0.00696579
0.00826965
0.00954456
0.0107474
0.0116814
0.0123291
-0.00924982
-0.00876864
-0.00806816
-0.00708487
-0.00596917
-0.00475571
-0.00348821
-0.00219055
-0.000874982
0.000454785
0.00180125
0.00317085
0.00457377
0.00602074
0.00752008
0.00907214
0.0106553
0.0122809
0.0135791
0.0147813
-0.0110994
-0.0106332
-0.00977819
-0.00851479
-0.00713101
-0.00567295
-0.0041951
-0.0027185
-0.00124992
0.000214511
0.00168544
0.00317851
0.00471401
0.00631607
0.00801013
0.00981672
0.0117271
0.0139111
0.0155496
0.0178473
-0.0154659
-0.013264
-0.012062
-0.0101894
-0.00840258
-0.00663154
-0.00491057
-0.00324415
-0.00162432
-3.50133e-05
0.00154548
0.00314271
0.0047878
0.00652935
0.00843079
0.0105874
0.0130078
0.0162787
0.0188667
0.0234805
-0.0176397
-0.0163086
-0.014446
-0.0120916
-0.00980895
-0.00764021
-0.00563403
-0.00376361
-0.0019964
-0.000298009
0.00136577
0.00303063
0.00473084
0.00650928
0.00840708
0.0105471
0.0125869
0.0166824
0.0180576
0.0268302
-0.0321155
-0.0181835
-0.016617
-0.0132206
-0.0104671
-0.00812034
-0.00598419
-0.00401768
-0.00218186
-0.000433492
0.00126779
0.00296212
0.00469734
0.00654722
0.00859839
0.0112287
0.0142481
0.0206278
0.0264967
0.048391
2.49341e-06
3.72614e-05
0.000119756
0.000245378
0.000411159
0.000613023
0.000846024
0.00110447
0.00138206
0.00167199
0.00196711
0.00226006
0.0025434
0.00280978
0.00305212
0.00326382
0.00343895
0.00357248
0.00366063
0.00369821
-3.17718e-05
3.57472e-06
8.75823e-05
0.000215467
0.000384229
0.000589718
0.000826904
0.00109001
0.00137262
0.00166786
0.00196846
0.00226694
0.00255573
0.00282737
0.00307462
0.00329071
0.00346957
0.003606
0.00369611
0.0037345
-0.000116028
-7.91773e-05
8.56407e-06
0.000142114
0.000318314
0.000532814
0.000780358
0.00105493
0.0013499
0.00165811
0.00197207
0.00228401
0.00258609
0.0028705
0.00312968
0.00335647
0.00354439
0.00368788
0.00378275
0.00382315
-0.000249327
-0.000210011
-0.00011633
2.6215e-05
0.000214208
0.000442965
0.000706874
0.000999548
0.00131397
0.00164262
0.00197762
0.00231078
0.00263382
0.00293843
0.00321649
0.00346026
0.00366261
0.00381739
0.00391986
0.00396356
-0.000435221
-0.000392422
-0.000290395
-0.00013524
6.92386e-05
0.000317877
0.000604548
0.000922344
0.00126374
0.00162071
0.00198485
0.00234746
0.00269965
0.00303245
0.00333699
0.00360466
0.00382745
0.00399827
0.00411159
0.00416004
-0.000678479
-0.000631056
-0.000517996
-0.000346227
-0.000120103
0.000154545
0.00047089
0.000821346
0.00119773
0.00159141
0.00199337
0.00239425
0.00278446
0.00315421
0.00349363
0.00379303
0.00404311
0.00423551
0.00436353
0.00441848
-0.000985415
-0.000932046
-0.000804862
-0.000611919
-0.000358341
-5.0877e-05
0.000302733
0.000694037
0.00111407
0.00155348
0.00200256
0.00245127
0.0028892
0.00330561
0.00368945
0.00402959
0.00431508
0.00453574
0.00468318
0.0047468
-0.00136415
-0.00130324
-0.00115826
-0.000938805
-0.000651086
-0.000303099
9.62248e-05
0.000537363
0.00101043
0.00150529
0.00201154
0.00251845
0.00301477
0.00348872
0.00392792
0.00431945
0.00465019
0.00490743
0.00508031
0.00515547
-0.00182499
-0.00175453
-0.00158724
-0.00133484
-0.00100509
-0.000607693
-0.000153133
0.000347762
0.000884069
0.00144484
0.00201903
0.00259535
0.00316179
0.00370556
0.0042128
0.00466848
0.00505666
0.0053612
0.00556753
0.00565821
-0.00238097
-0.00229825
-0.00210293
-0.00180959
-0.00142828
-0.000971041
-0.00045039
0.000121261
0.000731856
0.0013697
0.00202327
0.00268095
0.00333029
0.00395765
0.00454769
0.00508301
0.00554414
0.00591016
0.00616098
0.00627305
-0.00304867
-0.00294989
-0.002719
-0.00237444
-0.00192973
-0.00140019
-0.00080095
-0.00014633
0.000550433
0.00127707
0.00202188
0.0027734
0.00351923
0.00424544
0.00493545
0.00556937
0.00612344
0.00657032
0.00688142
0.00702407
-0.00384956
-0.00372898
-0.00345224
-0.00304275
-0.00251959
-0.00190254
-0.00121017
-0.000459014
0.000336497
0.00116386
0.0020118
0.00286966
0.00372599
0.00456742
0.00537707
0.00613278
0.0068059
0.00736092
0.0077557
0.00794414
-0.00481179
-0.00466068
-0.00432351
-0.00383
-0.00320871
-0.00248523
-0.00168256
-0.00081993
8.73183e-05
0.00102702
0.00198925
0.00296515
0.00394553
0.00491903
0.00586994
0.00677539
0.00760183
0.0083044
0.00881834
0.00907998
-0.00597615
-0.00577874
-0.00535914
-0.00475376
-0.00400792
-0.00315398
-0.00222097
-0.00123062
-0.00019868
0.000863944
0.00194982
0.00305341
0.00416949
0.00529094
0.00640574
0.00749298
0.00851689
0.00942514
0.0101101
0.0105047
-0.00738513
-0.00712093
-0.00659112
-0.00583275
-0.00492634
-0.00391174
-0.00282488
-0.00168954
-0.000520757
0.000673189
0.00188887
0.00312585
0.00438519
0.00566691
0.00696663
0.00827035
0.00954503
0.0107476
0.0116812
0.0123287
-0.00925254
-0.00877103
-0.00807
-0.00708609
-0.0059698
-0.00475585
-0.00348795
-0.00219
-0.000874209
0.000455727
0.00180232
0.00317203
0.00457503
0.00602202
0.0075213
0.0090732
0.0106561
0.0122812
0.0135789
0.0147808
-0.0111029
-0.0106362
-0.00978036
-0.00851614
-0.00713159
-0.00567293
-0.00419462
-0.00271768
-0.00124886
0.000215762
0.00168683
0.00318005
0.00471566
0.00631778
0.0080118
0.00981823
0.0117283
0.0139117
0.0155496
0.0178467
-0.0154699
-0.0132675
-0.0120645
-0.0101908
-0.00840308
-0.00663133
-0.00490985
-0.00324305
-0.00162296
-3.34498e-05
0.00154724
0.00314461
0.00478985
0.00653149
0.0084329
0.0105893
0.0130093
0.0162793
0.0188666
0.0234793
-0.0176445
-0.0163127
-0.0144488
-0.0120931
-0.00980936
-0.00763981
-0.00563307
-0.00376227
-0.00199479
-0.00029618
0.00136779
0.00303286
0.00473328
0.00651189
0.00840978
0.0105497
0.0125892
0.0166837
0.0180583
0.0268292
-0.0321211
-0.0181882
-0.0166201
-0.0132222
-0.0104675
-0.00811986
-0.00598311
-0.0040162
-0.0021801
-0.00043152
0.00126997
0.00296451
0.00469995
0.00655
0.00860122
0.0112313
0.0142502
0.0206287
0.0264968
0.0483891
2.38707e-06
3.71624e-05
0.000119667
0.0002453
0.000411092
0.000612965
0.000845972
0.00110442
0.00138201
0.00167194
0.00196707
0.00226002
0.00254335
0.00280972
0.00305207
0.00326377
0.0034389
0.00357243
0.00366058
0.00369816
-3.18921e-05
3.46224e-06
8.74806e-05
0.000215378
0.000384151
0.000589651
0.000826846
0.00108995
0.00137257
0.00166781
0.00196841
0.00226689
0.00255568
0.00282732
0.00307456
0.00329066
0.00346951
0.00360595
0.00369607
0.00373446
-0.000116173
-7.93137e-05
8.44043e-06
0.000142005
0.00031822
0.000532733
0.000780289
0.00105487
0.00134984
0.00165806
0.00197202
0.00228396
0.00258604
0.00287045
0.00312963
0.00335642
0.00354434
0.00368784
0.00378271
0.00382311
-0.000249508
-0.000210182
-0.000116486
2.6078e-05
0.000214089
0.000442865
0.000706789
0.000999476
0.00131391
0.00164257
0.00197757
0.00231073
0.00263377
0.00293838
0.00321644
0.00346021
0.00366257
0.00381735
0.00391982
0.00396352
-0.000435451
-0.000392638
-0.000290592
-0.000135414
6.90896e-05
0.000317752
0.000604444
0.000922259
0.00126367
0.00162065
0.0019848
0.00234741
0.0026996
0.00303241
0.00333694
0.00360461
0.0038274
0.00399822
0.00411155
0.00416001
-0.000678772
-0.000631332
-0.000518247
-0.000346448
-0.00012029
0.00015439
0.000470765
0.000821246
0.00119765
0.00159135
0.00199332
0.00239421
0.00278442
0.00315416
0.00349359
0.00379298
0.00404306
0.00423546
0.00436348
0.00441843
-0.00098579
-0.0009324
-0.000805183
-0.000612198
-0.000358575
-5.10674e-05
0.000302583
0.000693923
0.00111399
0.00155342
0.00200251
0.00245123
0.00288917
0.00330557
0.00368941
0.00402954
0.00431503
0.00453569
0.00468312
0.00474674
-0.00136464
-0.0013037
-0.00115867
-0.000939159
-0.000651378
-0.00030333
9.60489e-05
0.000537236
0.00101035
0.00150524
0.00201151
0.00251843
0.00301475
0.00348871
0.0039279
0.00431941
0.00465013
0.00490737
0.00508024
0.0051554
-0.00182562
-0.00175512
-0.00158777
-0.00133528
-0.00100545
-0.00060797
-0.000153333
0.000347628
0.000883989
0.0014448
0.00201903
0.00259536
0.0031618
0.00370557
0.00421279
0.00466845
0.00505661
0.00536112
0.00556743
0.00565811
-0.00238179
-0.00229902
-0.00210361
-0.00181015
-0.00142872
-0.000971366
-0.00045061
0.000121132
0.000731801
0.0013697
0.00202331
0.00268101
0.00333036
0.00395771
0.00454772
0.00508301
0.0055441
0.00591007
0.00616085
0.00627291
-0.00304974
-0.00295088
-0.00271986
-0.00237514
-0.00193026
-0.00140056
-0.000801176
-0.000146435
0.000550426
0.00127713
0.002022
0.00277355
0.00351939
0.00424558
0.00493556
0.00556942
0.00612342
0.00657023
0.00688126
0.00702388
-0.00385097
-0.00373027
-0.00345334
-0.00304361
-0.00252021
-0.00190294
-0.00121038
-0.000459064
0.000336575
0.00116404
0.00201205
0.00286994
0.00372629
0.0045677
0.0053773
0.00613292
0.00680593
0.00736082
0.00775549
0.00794387
-0.00481363
-0.00466236
-0.0043249
-0.00383106
-0.00320943
-0.00248565
-0.00168272
-0.000819877
8.75312e-05
0.00102736
0.00198967
0.00296563
0.00394603
0.00491952
0.00587036
0.00677569
0.00760196
0.00830433
0.00881809
0.0090796
-0.00597855
-0.0057809
-0.00536088
-0.00475502
-0.00400871
-0.00315436
-0.00222101
-0.0012304
-0.000198265
0.000864511
0.0019505
0.00305416
0.00417029
0.00529172
0.00640645
0.00749354
0.0085172
0.00942513
0.0101098
0.0105042
-0.00738827
-0.00712368
-0.00659326
-0.00583421
-0.00492716
-0.00391202
-0.00282474
-0.00168908
-0.00052006
0.000674066
0.00188988
0.00312698
0.00438638
0.00566812
0.00696776
0.00827129
0.00954563
0.0107477
0.0116809
0.0123279
-0.00925653
-0.00877448
-0.00807257
-0.00708772
-0.00597058
-0.00475594
-0.00348753
-0.00218921
-0.000873143
0.000456999
0.00180376
0.00317362
0.00457673
0.00602377
0.00752301
0.00907469
0.0106571
0.0122815
0.0135786
0.0147797
-0.0111082
-0.0106406
-0.00978343
-0.0085179
-0.00713226
-0.00567275
-0.00419383
-0.00271647
-0.00124735
0.000217499
0.00168877
0.00318217
0.00471795
0.00632019
0.00801423
0.00982046
0.01173
0.0139125
0.0155496
0.0178453
-0.0154762
-0.0132727
-0.0120679
-0.0101926
-0.00840355
-0.00663079
-0.00490862
-0.00324138
-0.00162099
-3.12376e-05
0.00154967
0.00314728
0.00479275
0.00653458
0.00843602
0.0105921
0.0130114
0.0162799
0.018866
0.0234768
-0.0176522
-0.0163189
-0.0144527
-0.012095
-0.00980963
-0.0076389
-0.00563141
-0.00376015
-0.00199237
-0.000293535
0.00137068
0.00303606
0.00473682
0.00651581
0.00841398
0.0105539
0.0125933
0.0166858
0.0180595
0.026827
-0.0321303
-0.0181957
-0.0166247
-0.0132243
-0.0104678
-0.0081188
-0.00598124
-0.00401385
-0.00217746
-0.000428638
0.00127311
0.00296798
0.00470379
0.00655419
0.00860562
0.0112355
0.0142537
0.0206299
0.0264964
0.0483847
2.26506e-06
3.70549e-05
0.000119575
0.000245224
0.000411028
0.000612911
0.000845924
0.00110438
0.00138197
0.0016719
0.00196702
0.00225996
0.00254328
0.00280965
0.00305199
0.00326369
0.00343882
0.00357236
0.00366051
0.00369811
-3.20357e-05
3.33318e-06
8.73685e-05
0.000215283
0.000384072
0.000589584
0.000826787
0.0010899
0.00137252
0.00166776
0.00196836
0.00226683
0.00255562
0.00282725
0.00307449
0.00329059
0.00346944
0.00360588
0.00369602
0.00373442
-0.00011635
-7.94744e-05
8.29881e-06
0.000141883
0.000318117
0.000532646
0.000780214
0.00105481
0.00134978
0.001658
0.00197196
0.0022839
0.00258598
0.00287039
0.00312956
0.00335635
0.00354427
0.00368778
0.00378266
0.00382308
-0.000249731
-0.000210386
-0.000116667
2.59211e-05
0.000213956
0.000442752
0.000706694
0.000999395
0.00131384
0.0016425
0.00197751
0.00231067
0.00263371
0.00293832
0.00321638
0.00346014
0.00366251
0.00381729
0.00391977
0.00396349
-0.000435732
-0.000392898
-0.000290824
-0.000135615
6.89183e-05
0.000317609
0.000604326
0.00092216
0.00126358
0.00162058
0.00198473
0.00234735
0.00269954
0.00303235
0.00333688
0.00360455
0.00382734
0.00399817
0.0041115
0.00415998
-0.00067913
-0.000631664
-0.000518545
-0.000346706
-0.000120508
0.00015421
0.000470618
0.000821128
0.00119756
0.00159127
0.00199325
0.00239415
0.00278436
0.0031541
0.00349353
0.00379291
0.004043
0.0042354
0.00436343
0.0044184
-0.000986249
-0.000932827
-0.000805565
-0.000612527
-0.000358851
-5.1291e-05
0.000302405
0.000693785
0.00111388
0.00155333
0.00200245
0.00245118
0.00288912
0.00330552
0.00368935
0.00402947
0.00431496
0.00453561
0.00468305
0.00474669
-0.00136523
-0.00130425
-0.00115916
-0.000939579
-0.000651724
-0.000303605
9.58376e-05
0.00053708
0.00101024
0.00150516
0.00201145
0.00251839
0.00301471
0.00348866
0.00392784
0.00431934
0.00465005
0.00490727
0.00508015
0.00515532
-0.00182639
-0.00175583
-0.0015884
-0.00133582
-0.00100588
-0.000608304
-0.000153578
0.00034746
0.000883883
0.00144474
0.002019
0.00259535
0.0031618
0.00370556
0.00421276
0.00466838
0.00505652
0.005361
0.0055673
0.00565799
-0.0023828
-0.00229995
-0.00210443
-0.00181083
-0.00142925
-0.000971761
-0.000450882
0.000120964
0.000731715
0.00136968
0.00202333
0.00268106
0.00333041
0.00395774
0.00454773
0.00508297
0.005544
0.00590993
0.00616067
0.00627272
-0.00305108
-0.00295212
-0.00272092
-0.00237599
-0.00193091
-0.00140101
-0.000801462
-0.000146581
0.00055039
0.00127718
0.00202211
0.00277369
0.00351954
0.00424571
0.00493564
0.00556943
0.00612334
0.00657005
0.00688101
0.00702359
-0.00385275
-0.0037319
-0.00345471
-0.00304468
-0.00252098
-0.00190344
-0.00121065
-0.000459149
0.000336633
0.00116421
0.00201229
0.00287023
0.00372659
0.00456798
0.00537752
0.00613303
0.00680589
0.00736064
0.00775515
0.00794345
-0.00481601
-0.0046645
-0.00432665
-0.00383237
-0.00321032
-0.00248616
-0.00168293
-0.000819842
8.77521e-05
0.00102772
0.00199013
0.00296616
0.00394659
0.00492005
0.00587081
0.00677599
0.00760203
0.00830412
0.00881764
0.00907897
-0.00598175
-0.00578372
-0.0053631
-0.0047566
-0.00400968
-0.00315482
-0.00222107
-0.00123016
-0.00019779
0.000865158
0.00195128
0.00305503
0.0041712
0.00529263
0.00640727
0.00749416
0.00851748
0.00942497
0.0101093
0.0105032
-0.0073926
-0.00712738
-0.00659603
-0.00583604
-0.00492813
-0.00391232
-0.00282453
-0.0016885
-0.000519213
0.000675115
0.00189109
0.00312831
0.00438781
0.00566958
0.00696915
0.00827244
0.00954633
0.0107477
0.0116802
0.0123265
-0.00926216
-0.0087792
-0.00807592
-0.00708973
-0.00597143
-0.00475592
-0.00348689
-0.00218814
-0.000871787
0.00045858
0.00180553
0.00317557
0.00457884
0.006026
0.00752522
0.00907667
0.0106585
0.0122818
0.0135779
0.0147775
-0.0111162
-0.0106468
-0.00978747
-0.00851998
-0.00713278
-0.00567219
-0.00419257
-0.00271476
-0.00124535
0.000219735
0.00169125
0.00318488
0.00472092
0.0063234
0.00801756
0.00982367
0.0117327
0.0139136
0.0155498
0.0178425
-0.0154857
-0.0132801
-0.0120722
-0.0101945
-0.00840347
-0.00662947
-0.00490657
-0.00323891
-0.00161826
-2.82947e-05
0.00155286
0.00315078
0.00479663
0.00653883
0.00844046
0.0105963
0.0130148
0.0162806
0.0188647
0.023471
-0.0176649
-0.0163279
-0.0144576
-0.0120964
-0.00980872
-0.00763665
-0.00562847
-0.00375687
-0.00198891
-0.000289889
0.00137459
0.00304041
0.00474177
0.00652149
0.00842048
0.0105609
0.0126011
0.01669
0.0180635
0.0268219
-0.0321464
-0.0182078
-0.016631
-0.0132262
-0.0104667
-0.00811619
-0.00597787
-0.00401015
-0.0021736
-0.000424607
0.00127743
0.00297276
0.00470921
0.00656033
0.00861242
0.0112422
0.01426
0.0206315
0.026495
0.0483721
2.1335e-06
3.69461e-05
0.000119486
0.000245152
0.000410971
0.000612863
0.000845881
0.00110434
0.00138192
0.00167185
0.00196696
0.00225989
0.0025432
0.00280956
0.00305189
0.00326358
0.00343872
0.00357226
0.00366043
0.00369805
-3.22008e-05
3.19454e-06
8.72531e-05
0.000215189
0.000383995
0.000589519
0.00082673
0.00108985
0.00137247
0.00166771
0.0019683
0.00226676
0.00255555
0.00282717
0.0030744
0.0032905
0.00346936
0.00360581
0.00369595
0.00373437
-0.000116557
-7.96527e-05
8.14725e-06
0.000141757
0.000318013
0.000532558
0.000780139
0.00105474
0.00134972
0.00165794
0.0019719
0.00228384
0.00258591
0.00287031
0.00312948
0.00335627
0.0035442
0.00368771
0.00378261
0.00382304
-0.000249993
-0.000210615
-0.000116865
2.57536e-05
0.000213816
0.000442635
0.000706595
0.00099931
0.00131376
0.00164244
0.00197744
0.0023106
0.00263364
0.00293824
0.0032163
0.00346006
0.00366243
0.00381723
0.00391973
0.00396347
-0.000436063
-0.000393192
-0.000291081
-0.000135834
6.87351e-05
0.000317457
0.000604199
0.000922054
0.00126349
0.0016205
0.00198466
0.00234728
0.00269947
0.00303227
0.0033368
0.00360447
0.00382727
0.0039981
0.00411146
0.00415995
-0.000679551
-0.000632041
-0.000518876
-0.000346988
-0.000120744
0.000154015
0.000470459
0.000820998
0.00119745
0.00159118
0.00199317
0.00239407
0.00278429
0.00315403
0.00349344
0.00379283
0.00404291
0.00423533
0.00436337
0.00441836
-0.000986788
-0.000933312
-0.000805991
-0.00061289
-0.000359152
-5.1537e-05
0.000302208
0.000693629
0.00111376
0.00155324
0.00200237
0.00245111
0.00288904
0.00330544
0.00368927
0.00402938
0.00431486
0.00453552
0.00468298
0.00474664
-0.00136592
-0.00130488
-0.00115971
-0.000940045
-0.000652108
-0.000303912
9.55992e-05
0.0005369
0.0010101
0.00150506
0.00201138
0.00251832
0.00301465
0.0034886
0.00392776
0.00431924
0.00464994
0.00490716
0.00508004
0.00515523
-0.0018273
-0.00175665
-0.00158912
-0.00133642
-0.00100637
-0.00060868
-0.000153859
0.000347259
0.000883746
0.00144466
0.00201894
0.00259531
0.00316176
0.00370551
0.00421269
0.00466828
0.00505638
0.00536085
0.00556714
0.00565785
-0.002384
-0.00230103
-0.00210536
-0.0018116
-0.00142985
-0.000972213
-0.000451201
0.000120754
0.000731594
0.00136963
0.00202333
0.00268108
0.00333043
0.00395775
0.00454769
0.00508288
0.00554385
0.00590972
0.00616044
0.0062725
-0.00305268
-0.00295355
-0.00272214
-0.00237697
-0.00193165
-0.00140154
-0.000801806
-0.000146774
0.000550317
0.0012772
0.00202219
0.0027738
0.00351966
0.0042458
0.00493568
0.00556938
0.00612318
0.00656979
0.00688066
0.00702323
-0.00385491
-0.00373383
-0.00345631
-0.00304592
-0.00252188
-0.00190403
-0.00121098
-0.00045928
0.000336661
0.00116435
0.00201251
0.0028705
0.00372687
0.00456823
0.00537769
0.00613308
0.00680577
0.0073603
0.00775466
0.00794286
-0.00481897
-0.00466711
-0.00432875
-0.00383392
-0.00321136
-0.00248677
-0.00168319
-0.000819835
8.79562e-05
0.00102806
0.00199058
0.00296667
0.00394713
0.00492056
0.00587123
0.00677623
0.00760201
0.00830374
0.00881694
0.00907805
-0.00598584
-0.00578725
-0.00536581
-0.00475848
-0.00401082
-0.00315536
-0.00222115
-0.0012299
-0.000197297
0.000865824
0.00195208
0.00305593
0.00417216
0.00529358
0.00640812
0.00749477
0.0085177
0.00942459
0.0101083
0.0105018
-0.00739836
-0.00713212
-0.00659946
-0.00583822
-0.00492925
-0.00391262
-0.00282426
-0.00168783
-0.000518271
0.000676259
0.0018924
0.00312977
0.00438938
0.00567121
0.00697072
0.00827374
0.00954707
0.0107474
0.0116791
0.0123242
-0.00926979
-0.00878538
-0.00808008
-0.00709208
-0.00597231
-0.00475574
-0.00348602
-0.00218683
-0.000870192
0.000460389
0.00180754
0.00317779
0.00458128
0.00602862
0.0075279
0.00907912
0.0106603
0.0122818
0.0135766
0.0147739
-0.0111276
-0.0106552
-0.00979257
-0.00852235
-0.00713316
-0.00567119
-0.00419077
-0.00271253
-0.00124287
0.000222416
0.00169415
0.00318809
0.00472451
0.0063274
0.00802188
0.00982798
0.0117365
0.0139151
0.0155498
0.0178377
-0.0154999
-0.0132904
-0.0120775
-0.0101965
-0.00840288
-0.00662727
-0.00490355
-0.00323553
-0.00161471
-2.45918e-05
0.00155683
0.00315511
0.00480153
0.00654434
0.0084464
0.010602
0.0130196
0.0162812
0.0188622
0.0234614
-0.0176839
-0.0163401
-0.0144635
-0.0120976
-0.00980665
-0.00763285
-0.00562395
-0.00375216
-0.00198417
-0.000285081
0.00137967
0.00304609
0.00474838
0.00652935
0.00842983
0.0105713
0.0126134
0.0166965
0.0180705
0.0268136
-0.0321717
-0.0182253
-0.0166388
-0.0132279
-0.0104645
-0.00811187
-0.00597272
-0.00400482
-0.00216828
-0.00041923
0.00128312
0.00297912
0.00471659
0.00656897
0.00862234
0.0112523
0.0142697
0.0206333
0.0264913
0.0483497
2.00686e-06
3.68902e-05
0.000119468
0.000245161
0.000410991
0.000612884
0.000845896
0.00110434
0.00138191
0.00167181
0.0019669
0.0022598
0.00254309
0.00280942
0.00305173
0.00326341
0.00343854
0.0035721
0.0036603
0.00369798
-3.24035e-05
3.06147e-06
8.71602e-05
0.000215128
0.000383953
0.000589487
0.000826702
0.00108982
0.00137243
0.00166766
0.00196824
0.00226669
0.00255546
0.00282706
0.00307428
0.00329037
0.00346923
0.0036057
0.00369588
0.00373437
-0.000116823
-7.98437e-05
7.99967e-06
0.000141644
0.000317924
0.000532487
0.000780078
0.00105469
0.00134967
0.00165789
0.00197184
0.00228377
0.00258582
0.00287022
0.00312938
0.00335616
0.0035441
0.00368763
0.00378256
0.00382308
-0.000250328
-0.000210869
-0.000117069
2.55896e-05
0.000213683
0.000442526
0.000706504
0.000999231
0.00131369
0.00164237
0.00197737
0.00231053
0.00263356
0.00293815
0.0032162
0.00345997
0.00366234
0.00381716
0.0039197
0.00396352
-0.000436479
-0.000393518
-0.000291349
-0.000136054
6.85543e-05
0.000317307
0.000604074
0.000921949
0.0012634
0.00162041
0.00198458
0.0023472
0.00269939
0.00303218
0.0033367
0.00360437
0.00382717
0.00399803
0.00411143
0.00416002
-0.000680068
-0.000632456
-0.000519223
-0.000347276
-0.000120982
0.000153818
0.000470297
0.000820863
0.00119734
0.00159108
0.00199308
0.00239398
0.00278419
0.00315393
0.00349334
0.00379272
0.00404281
0.00423525
0.00436334
0.00441843
-0.000987436
-0.000933842
-0.000806439
-0.000613264
-0.000359461
-5.17905e-05
0.000302002
0.000693462
0.00111362
0.00155312
0.00200227
0.00245101
0.00288894
0.00330533
0.00368915
0.00402925
0.00431473
0.00453541
0.00468291
0.00474668
-0.00136675
-0.00130556
-0.0011603
-0.00094053
-0.000652506
-0.000304234
9.53432e-05
0.000536698
0.00100994
0.00150493
0.00201127
0.00251822
0.00301455
0.00348848
0.00392763
0.00431909
0.00464977
0.00490701
0.00507993
0.00515525
-0.00182837
-0.00175755
-0.00158988
-0.00133705
-0.00100688
-0.000609083
-0.00015417
0.000347022
0.000883568
0.00144452
0.00201884
0.00259522
0.00316166
0.00370539
0.00421254
0.00466811
0.00505618
0.00536064
0.00556696
0.0056578
-0.0023854
-0.00230222
-0.00210637
-0.00181242
-0.0014305
-0.00097271
-0.00045157
0.000120489
0.000731409
0.0013695
0.00202324
0.00268101
0.00333035
0.00395765
0.00454755
0.00508268
0.00554359
0.00590942
0.00616014
0.00627233
-0.00305456
-0.00295516
-0.00272349
-0.00237804
-0.00193247
-0.00140214
-0.000802224
-0.000147049
0.000550152
0.00127711
0.00202216
0.00277379
0.00351965
0.00424577
0.00493557
0.00556918
0.00612286
0.00656937
0.0068802
0.00702287
-0.0038575
-0.00373603
-0.00345811
-0.00304731
-0.00252289
-0.00190473
-0.00121142
-0.000459524
0.000336564
0.00116436
0.0020126
0.00287063
0.00372701
0.00456833
0.00537769
0.00613291
0.0068054
0.00735972
0.00775394
0.00794214
-0.00482261
-0.00467019
-0.00433116
-0.00383569
-0.00321256
-0.00248751
-0.00168358
-0.000819969
8.80149e-05
0.00102826
0.00199089
0.00296705
0.00394752
0.00492092
0.00587147
0.00677622
0.00760166
0.00830298
0.00881586
0.00907676
-0.00599109
-0.00579157
-0.00536901
-0.00476067
-0.00401216
-0.00315604
-0.00222136
-0.00122978
-0.000196939
0.000866361
0.00195275
0.0030567
0.00417299
0.00529441
0.00640883
0.00749518
0.00851759
0.00942367
0.0101068
0.0104995
-0.00740637
-0.00713824
-0.00660362
-0.00584077
-0.00493052
-0.003913
-0.00282404
-0.00168722
-0.000517401
0.000677323
0.00189363
0.00313115
0.00439091
0.00567282
0.00697229
0.00827501
0.00954762
0.0107465
0.011677
0.0123201
-0.00928067
-0.00879364
-0.00808508
-0.00709469
-0.00597305
-0.00475535
-0.00348495
-0.00218538
-0.000868505
0.000462254
0.00180959
0.00318008
0.00458386
0.00603149
0.00753095
0.00908206
0.0106624
0.0122813
0.0135743
0.0147664
-0.0111481
-0.0106679
-0.00979873
-0.00852437
-0.00713241
-0.0056692
-0.0041882
-0.00270973
-0.00123996
0.000225424
0.00169738
0.00319166
0.00472862
0.0063322
0.00802746
0.00983415
0.011743
0.0139176
0.015552
0.0178268
-0.0155237
-0.0133052
-0.0120817
-0.0101959
-0.00839925
-0.00662252
-0.0048986
-0.00323076
-0.00161015
-2.00906e-05
0.0015615
0.00316026
0.00480753
0.00655146
0.00845463
0.0106105
0.0130282
0.0162812
0.0188586
0.023437
-0.0177239
-0.0163556
-0.0144652
-0.0120907
-0.00979693
-0.00762313
-0.00561518
-0.00374446
-0.00197728
-0.00027856
0.00138634
0.00305358
0.00475748
0.00654113
0.00844572
0.0105915
0.0126447
0.0167158
0.018104
0.0267943
-0.0322301
-0.0182619
-0.0166474
-0.0132229
-0.0104545
-0.00810082
-0.00596246
-0.0039958
-0.00216025
-0.000411672
0.00129085
0.00298778
0.0047271
0.0065822
0.00863946
0.0112715
0.0142936
0.0206374
0.0264795
0.0482704
1.89082e-06
3.68391e-05
0.000119447
0.00024516
0.000411001
0.000612897
0.000845905
0.00110434
0.00138189
0.00167178
0.00196684
0.00225972
0.00254299
0.0028093
0.00305158
0.00326325
0.00343837
0.00357194
0.00366016
0.00369791
-3.25997e-05
2.94129e-06
8.70744e-05
0.000215065
0.000383909
0.000589454
0.000826674
0.00108979
0.0013724
0.00166762
0.00196819
0.00226662
0.00255537
0.00282696
0.00307418
0.00329026
0.00346912
0.0036056
0.0036958
0.00373436
-0.000117078
-8.00173e-05
7.86653e-06
0.000141544
0.000317848
0.000532426
0.000780027
0.00105464
0.00134962
0.00165784
0.00197178
0.0022837
0.00258575
0.00287013
0.00312928
0.00335606
0.003544
0.00368756
0.00378252
0.0038231
-0.000250649
-0.000211101
-0.000117256
2.54439e-05
0.000213567
0.000442432
0.000706425
0.000999162
0.00131363
0.00164231
0.00197731
0.00231046
0.00263348
0.00293807
0.00321612
0.00345988
0.00366226
0.0038171
0.00391967
0.00396357
-0.000436877
-0.000393817
-0.000291595
-0.000136252
6.83932e-05
0.000317174
0.000603963
0.000921854
0.00126332
0.00162034
0.00198451
0.00234712
0.00269931
0.00303209
0.00333661
0.00360428
0.00382709
0.00399797
0.0041114
0.00416007
-0.000680562
-0.000632836
-0.000519541
-0.000347537
-0.000121197
0.00015364
0.000470149
0.00082074
0.00119723
0.00159099
0.00199299
0.0023939
0.0027841
0.00315383
0.00349324
0.00379261
0.00404271
0.00423517
0.00436329
0.00441848
-0.000988055
-0.000934329
-0.000806851
-0.000613605
-0.000359743
-5.20225e-05
0.000301812
0.000693306
0.00111349
0.00155301
0.00200217
0.00245091
0.00288884
0.00330522
0.00368903
0.00402913
0.00431461
0.00453531
0.00468284
0.00474672
-0.00136754
-0.00130619
-0.00116083
-0.000940976
-0.000652872
-0.000304531
9.51038e-05
0.000536505
0.00100979
0.0015048
0.00201116
0.00251812
0.00301444
0.00348836
0.00392749
0.00431894
0.00464961
0.00490685
0.00507981
0.00515524
-0.00182939
-0.00175838
-0.00159059
-0.00133763
-0.00100735
-0.000609459
-0.000154466
0.000346793
0.000883391
0.00144438
0.00201872
0.00259511
0.00316156
0.00370527
0.00421239
0.00466792
0.00505597
0.00536042
0.00556676
0.00565772
-0.00238675
-0.00230334
-0.00210731
-0.00181318
-0.00143111
-0.000973179
-0.000451923
0.00012023
0.000731224
0.00136937
0.00202314
0.00268093
0.00333027
0.00395754
0.0045474
0.00508247
0.00554332
0.00590911
0.00615983
0.00627213
-0.0030564
-0.00295668
-0.00272475
-0.00237905
-0.00193324
-0.00140271
-0.000802628
-0.00014732
0.000549982
0.00127702
0.00202211
0.00277377
0.00351963
0.00424571
0.00493545
0.00556896
0.00612253
0.00656893
0.00687971
0.00702246
-0.00386004
-0.00373814
-0.00345982
-0.00304862
-0.00252385
-0.00190539
-0.00121185
-0.000459767
0.000336457
0.00116435
0.00201266
0.00287072
0.0037271
0.00456838
0.00537765
0.00613274
0.00680502
0.00735912
0.00775318
0.00794142
-0.00482621
-0.00467317
-0.00433348
-0.00383738
-0.00321371
-0.00248822
-0.00168396
-0.000820107
8.80492e-05
0.00102842
0.00199112
0.00296733
0.00394782
0.00492117
0.00587162
0.0067762
0.00760129
0.00830218
0.00881471
0.00907546
-0.00599634
-0.0057958
-0.00537212
-0.00476278
-0.00401343
-0.00315668
-0.00222156
-0.00122969
-0.000196646
0.000866785
0.00195327
0.00305729
0.00417362
0.00529503
0.00640936
0.00749546
0.00851738
0.00942266
0.0101051
0.0104971
-0.00741455
-0.00714432
-0.00660771
-0.00584325
-0.00493173
-0.00391334
-0.00282383
-0.00168668
-0.000516665
0.000678194
0.00189461
0.00313225
0.00439212
0.0056741
0.00697354
0.00827601
0.00954798
0.0107454
0.0116748
0.0123158
-0.00929178
-0.00880185
-0.00809005
-0.00709724
-0.00597376
-0.00475493
-0.00348393
-0.00218406
-0.000867021
0.000463853
0.00181132
0.00318202
0.00458606
0.00603396
0.00753359
0.00908456
0.0106641
0.0122804
0.0135716
0.0147587
-0.0111686
-0.0106803
-0.00980513
-0.0085265
-0.00713188
-0.00566726
-0.00418566
-0.00270702
-0.00123724
0.000228173
0.00170024
0.00319489
0.00473238
0.00633668
0.00803273
0.00983998
0.0117491
0.0139196
0.0155534
0.0178153
-0.0155507
-0.0133214
-0.0120877
-0.0101963
-0.00839611
-0.00661795
-0.00489372
-0.00322604
-0.00160567
-1.5712e-05
0.00156605
0.0031652
0.0048133
0.00655832
0.00846258
0.0106186
0.0130364
0.0162811
0.0188543
0.0234142
-0.0177657
-0.0163688
-0.0144666
-0.0120835
-0.00978713
-0.00761331
-0.00560627
-0.00373663
-0.00197029
-0.000271978
0.00139307
0.00306109
0.00476662
0.00655295
0.00846165
0.0106113
0.0126759
0.0167347
0.0181384
0.0267782
-0.0322921
-0.0182946
-0.0166533
-0.0132177
-0.0104449
-0.00809013
-0.00595243
-0.00398689
-0.00215225
-0.00040408
0.00129869
0.00299668
0.00473805
0.00659607
0.00865759
0.0112914
0.0143178
0.020641
0.0264601
0.0481862
1.78801e-06
3.7208e-05
0.000119882
0.000245608
0.000411421
0.000613264
0.000846203
0.00110455
0.00138202
0.0016718
0.00196676
0.00225953
0.00254269
0.00280889
0.00305108
0.00326267
0.00343774
0.0035713
0.00365957
0.00369779
-3.31924e-05
2.83927e-06
8.70612e-05
0.000215103
0.000383964
0.000589511
0.000826722
0.00108982
0.00137241
0.0016676
0.00196814
0.00226654
0.00255525
0.0028268
0.00307397
0.00329002
0.00346888
0.00360538
0.00369566
0.00373472
-0.000117815
-8.02344e-05
7.74625e-06
0.000141483
0.000317814
0.000532406
0.000780012
0.00105462
0.0013496
0.0016578
0.00197173
0.00228362
0.00258565
0.00287
0.00312913
0.00335589
0.00354382
0.00368741
0.00378245
0.00382357
-0.000251511
-0.000211404
-0.000117452
2.53139e-05
0.000213472
0.000442357
0.000706363
0.000999106
0.00131357
0.00164225
0.00197724
0.00231038
0.00263338
0.00293795
0.00321597
0.00345971
0.0036621
0.00381698
0.00391963
0.00396411
-0.00043787
-0.000394195
-0.000291858
-0.000136441
6.82442e-05
0.000317051
0.000603858
0.000921761
0.00126323
0.00162025
0.00198442
0.00234702
0.00269919
0.00303195
0.00333645
0.0036041
0.00382691
0.00399783
0.00411136
0.00416067
-0.000681713
-0.000633304
-0.00051988
-0.000347793
-0.000121406
0.000153462
0.000469994
0.000820601
0.00119711
0.00159087
0.00199287
0.00239376
0.00278396
0.00315366
0.00349304
0.0037924
0.00404249
0.004235
0.00436323
0.00441913
-0.000989412
-0.000934913
-0.000807291
-0.000613947
-0.000360029
-5.22694e-05
0.000301594
0.000693111
0.00111331
0.00155284
0.002002
0.00245074
0.00288865
0.00330501
0.00368879
0.00402886
0.00431433
0.00453507
0.00468273
0.00474742
-0.00136917
-0.00130694
-0.00116141
-0.000941436
-0.000653262
-0.000304871
9.48034e-05
0.000536237
0.00100954
0.00150458
0.00201094
0.00251789
0.0030142
0.00348809
0.00392718
0.00431859
0.00464924
0.00490652
0.00507961
0.00515598
-0.0018314
-0.00175935
-0.00159136
-0.00133826
-0.00100788
-0.000609922
-0.000154872
0.000346434
0.00088307
0.00144409
0.00201844
0.00259483
0.00316126
0.00370493
0.004212
0.00466747
0.00505547
0.00535994
0.00556642
0.00565847
-0.00238929
-0.00230465
-0.00210837
-0.00181404
-0.00143184
-0.000973803
-0.000452463
0.00011976
0.00073081
0.001369
0.00202279
0.00268058
0.00332991
0.00395713
0.00454691
0.00508189
0.00554265
0.00590842
0.00615926
0.00627282
-0.0030597
-0.00295851
-0.00272623
-0.00238024
-0.00193423
-0.00140354
-0.000803331
-0.000147917
0.00054947
0.00127657
0.0020217
0.00277337
0.0035192
0.00424522
0.00493485
0.00556821
0.00612161
0.00656791
0.00687878
0.00702293
-0.00386451
-0.00374081
-0.00346193
-0.0030503
-0.00252519
-0.00190648
-0.00121273
-0.000460489
0.000335859
0.00116384
0.0020122
0.00287028
0.00372663
0.00456783
0.00537695
0.0061318
0.00680379
0.0073576
0.00775169
0.00794133
-0.0048326
-0.00467723
-0.00433654
-0.00383972
-0.0032155
-0.00248959
-0.00168501
-0.000820915
8.74136e-05
0.0010279
0.00199068
0.00296692
0.00394737
0.00492065
0.00587088
0.00677509
0.00759969
0.0082999
0.00881222
0.00907413
-0.00600598
-0.00580208
-0.00537655
-0.004766
-0.00401568
-0.00315826
-0.00222266
-0.00123046
-0.000197192
0.000866393
0.00195298
0.00305705
0.00417337
0.00529469
0.00640875
0.00749437
0.00851549
0.00941925
0.0101012
0.0104931
-0.0074326
-0.00715477
-0.00661404
-0.00584745
-0.00493423
-0.00391482
-0.00282467
-0.00168713
-0.00051685
0.000678184
0.00189474
0.00313246
0.00439238
0.00567435
0.00697358
0.00827546
0.0095463
0.0107403
0.0116688
0.0123055
-0.00931395
-0.00881619
-0.00809706
-0.00710159
-0.00597551
-0.00475541
-0.00348372
-0.00218352
-0.000866326
0.00046465
0.00181225
0.00318309
0.00458734
0.00603549
0.00753529
0.00908602
0.0106647
0.0122735
0.0135639
0.0147339
-0.011242
-0.0107102
-0.00981568
-0.00852929
-0.00713024
-0.00566444
-0.00418266
-0.00270422
-0.00123468
0.000230585
0.00170277
0.00319772
0.00473584
0.0063413
0.00803918
0.00984884
0.0117623
0.0139214
0.0155637
0.017766
-0.0156264
-0.0133585
-0.012082
-0.0101879
-0.00838363
-0.00660652
-0.00488419
-0.00321835
-0.00159931
-1.01017e-05
0.00157135
0.00317112
0.00482065
0.00656791
0.00847528
0.0106331
0.0130594
0.0162747
0.0188553
0.0233213
-0.0179655
-0.0163319
-0.0144059
-0.0120112
-0.00972899
-0.00757197
-0.00557691
-0.00371533
-0.00195393
-0.000258196
0.00140624
0.00307548
0.00478527
0.00658022
0.00850653
0.0106789
0.012824
0.0168475
0.0184323
0.026737
-0.0325971
-0.0184526
-0.016631
-0.0131604
-0.0103929
-0.0080458
-0.00591849
-0.00396154
-0.00213229
-0.000386846
0.00131557
0.00301583
0.00476322
0.00663105
0.00871465
0.0113592
0.0144514
0.020684
0.026361
0.0476252
)
;

boundaryField
{
    movingWall
    {
        type            zeroGradient;
    }
    fixedWalls
    {
        type            zeroGradient;
    }
}


// ************************************************************************* //
