/*--------------------------------*- C++ -*----------------------------------*\
  =========                 |
  \\      /  F ield         | OpenFOAM: The Open Source CFD Toolbox
   \\    /   O peration     | Website:  https://openfoam.org
    \\  /    A nd           | Version:  9
     \\/     M anipulation  |
\*---------------------------------------------------------------------------*/
FoamFile
{
    format      ascii;
    class       volScalarField;
    location    "6";
    object      p;
}
// * * * * * * * * * * * * * * * * * * * * * * * * * * * * * * * * * * * * * //

dimensions      [0 2 -2 0 0 0 0];

internalField   nonuniform List<scalar> 
8000
(
-6.82847e-07
1.7742e-06
3.49414e-05
8.94276e-05
0.00016959
0.000276254
0.000410584
0.000573472
0.000765406
0.000985909
0.0012332
0.00150369
0.00179136
0.00208801
0.00238151
0.0026573
0.00289895
0.00308746
0.00321537
0.00325061
-2.73258e-06
-1.35797e-06
3.14116e-05
8.45473e-05
0.000162871
0.000267276
0.000399108
0.000559518
0.000749183
0.000967953
0.0012144
0.0014851
0.00177445
0.00207473
0.00237395
0.00265713
0.00290702
0.00310323
0.00323795
0.00327489
-4.14124e-05
-4.17743e-05
-1.04401e-05
4.05515e-05
0.000116423
0.000218196
0.000347541
0.000506047
0.000694922
0.000914647
0.00116451
0.0014422
0.00174292
0.00205877
0.00237782
0.00268412
0.00295848
0.00317689
0.00332892
0.00337133
-0.00010602
-0.000107981
-7.87229e-05
-3.09553e-05
4.10873e-05
0.000138669
0.000263965
0.000419238
0.000606557
0.00082745
0.00108242
0.00137018
0.00168646
0.00202703
0.00237782
0.00272221
0.00303801
0.00329478
0.00347703
0.00353137
-0.000199322
-0.000203315
-0.000176933
-0.000133586
-6.68621e-05
2.48056e-05
0.000144232
0.000294547
0.00047897
0.000700497
0.000961407
0.00126266
0.00160327
0.00197439
0.00236901
0.00276798
0.0031452
0.00346192
0.00369242
0.00376868
-0.000320628
-0.000327187
-0.000304623
-0.000267187
-0.000207741
-0.000124405
-1.36451e-05
0.000128666
0.000307127
0.000526578
0.000791612
0.00110578
0.00147032
0.0018822
0.00233397
0.00280686
0.00327089
0.00367718
0.0039823
0.00409865
-0.00046907
-0.000478818
-0.000461182
-0.000431486
-0.000381819
-0.000310048
-0.000211918
-8.22549e-05
8.50666e-05
0.000297034
0.000561161
0.000884726
0.00127333
0.0017283
0.00224797
0.00281506
0.00339682
0.00393375
0.00435399
0.00454484
-0.000643503
-0.000657131
-0.000645651
-0.000625811
-0.000588928
-0.000532767
-0.000452467
-0.000341896
-0.000193414
2.25831e-06
0.000255973
0.000579765
0.000985711
0.00148405
0.00207407
0.00275298
0.00348755
0.00421101
0.0048075
0.00514141
-0.000842439
-0.000860655
-0.000856563
-0.000848849
-0.000828106
-0.000792275
-0.000736161
-0.000652965
-0.000533805
-0.000367308
-0.0001393
0.0001673
0.000571993
0.00109438
0.0017496
0.00255169
0.0034744
0.00445708
0.00531195
0.00594538
-0.00106411
-0.00108759
-0.00109191
-0.00109849
-0.00109729
-0.00108684
-0.00106208
-0.00101607
-0.000939319
-0.000818994
-0.000638137
-0.000374729
-7.86173e-07
0.000518009
0.00121947
0.00212054
0.00324481
0.00456104
0.00578668
0.00700158
-0.00130672
-0.00133601
-0.00134916
-0.00137173
-0.00139302
-0.0014128
-0.0014267
-0.00142848
-0.00140911
-0.00135578
-0.00125053
-0.00106871
-0.000776774
-0.000329492
0.000332041
0.00127764
0.00255844
0.0042604
0.00597862
0.0082272
-0.00156886
-0.00160422
-0.00162528
-0.00166444
-0.00171006
-0.00176398
-0.00182314
-0.00188283
-0.0019359
-0.00197151
-0.00197362
-0.00191878
-0.00177254
-0.00148395
-0.000977688
-0.000145735
0.00117124
0.00317348
0.00536638
0.00920636
-0.00185151
-0.00189642
-0.00192394
-0.00198202
-0.00205068
-0.00213807
-0.00224422
-0.00236822
-0.00250666
-0.00265298
-0.00279663
-0.00292178
-0.00300394
-0.00300317
-0.00285592
-0.00244982
-0.00160018
0.000317361
0.00251055
0.00871499
-0.00214833
-0.00217836
-0.0022026
-0.00226102
-0.00235182
-0.00248084
-0.00264728
-0.00284968
-0.00308691
-0.00335864
-0.00366533
-0.00400669
-0.0043813
-0.0047784
-0.00519359
-0.0055275
-0.005744
-0.00441388
-0.00273035
0.00648156
-0.00249596
-0.00258828
-0.00260018
-0.00270889
-0.00280253
-0.00294924
-0.00314044
-0.00338884
-0.00370276
-0.00409159
-0.00456787
-0.00515138
-0.00587604
-0.00677409
-0.00795439
-0.00929594
-0.0111921
-0.0109746
-0.00999951
0.00132106
-0.00293995
-0.00282034
-0.00279497
-0.00278989
-0.00288809
-0.00307276
-0.00334166
-0.00369122
-0.00412589
-0.00465584
-0.00530573
-0.0061066
-0.00715812
-0.00844953
-0.0104535
-0.0126664
-0.0168863
-0.0187327
-0.0194954
-0.00663325
-0.00313324
-0.00355141
-0.00342093
-0.00365388
-0.00367093
-0.00383369
-0.00403538
-0.00434645
-0.00477079
-0.00533164
-0.00605678
-0.00698373
-0.00830204
-0.00980707
-0.0127962
-0.0155221
-0.0226588
-0.027815
-0.0299304
-0.0103672
-0.00499303
-0.00355576
-0.00343709
-0.00308201
-0.00312582
-0.00332334
-0.00367171
-0.0041314
-0.00471014
-0.00539678
-0.00626596
-0.00723357
-0.00874645
-0.010357
-0.01336
-0.0166663
-0.0240306
-0.0290194
-0.0304392
0.00163401
-0.00348891
-0.00575212
-0.00484199
-0.00523336
-0.00485026
-0.00488742
-0.00490182
-0.0051501
-0.00552947
-0.00608113
-0.00682587
-0.00770899
-0.00913915
-0.0104815
-0.0136448
-0.0164854
-0.0230145
-0.0243033
-0.0168352
0.0330903
-0.0164719
-0.00390742
-0.00334061
-0.00289826
-0.00280599
-0.00301134
-0.00343791
-0.00393566
-0.00461742
-0.00527744
-0.00629577
-0.00719396
-0.00875295
-0.0100322
-0.0122946
-0.0130444
-0.012637
7.75225e-05
0.0299169
0.109707
2.51716e-06
4.27002e-07
3.31099e-05
8.72456e-05
0.000167497
0.000274448
0.000409225
0.000572839
0.000765678
0.000987328
0.00123605
0.00150824
0.00179807
0.00209695
0.00239301
0.00267143
0.00291539
0.00310498
0.00323313
0.00326221
4.36825e-06
1.72555e-06
3.4351e-05
8.70117e-05
0.000165132
0.000269411
0.000401178
0.000561622
0.000751454
0.000970579
0.00121764
0.00148926
0.00177996
0.00208184
0.00238297
0.00266825
0.00292007
0.00311713
0.00325222
0.00328282
-3.33386e-05
-3.80092e-05
-6.7592e-06
4.37268e-05
0.000119353
0.000220945
0.000350164
0.000508642
0.000697638
0.000917704
0.00116819
0.00144687
0.00174907
0.00206682
0.0023882
0.00269715
0.00297407
0.00319381
0.00334652
0.0033818
-9.67939e-05
-0.000103281
-7.40622e-05
-2.6823e-05
4.49484e-05
0.000142311
0.000267438
0.000422637
0.000610038
0.000831261
0.00108691
0.00137588
0.0016946
0.00203691
0.00239066
0.00273863
0.00305795
0.00331688
0.00350043
0.00354701
-0.000189211
-0.000197974
-0.000171585
-0.00012876
-6.2289e-05
2.91851e-05
0.000148482
0.000298783
0.000483378
0.00070536
0.000967114
0.0012696
0.00161126
0.00198689
0.00238597
0.00279015
0.00317288
0.0034935
0.00372659
0.00379489
-0.000309612
-0.00032123
-0.0002986
-0.000261664
-0.00020243
-0.000119233
-8.52538e-06
0.000133882
0.000312673
0.000532808
0.000799041
0.00111511
0.00148244
0.00189927
0.00235722
0.00283797
0.00331102
0.00372495
0.00403538
0.00414542
-0.000456995
-0.000472145
-0.000454372
-0.000425152
-0.000375655
-0.000303966
-0.000205801
-7.59123e-05
9.19353e-05
0.000304889
0.000570701
0.000896987
0.0012902
0.00175155
0.0022801
0.00285947
0.0034565
0.00400916
0.00444073
0.00463517
-0.000630156
-0.000649593
-0.000637899
-0.000618521
-0.000581778
-0.000525653
-0.000445243
-0.000334322
-0.00018511
1.18853e-05
0.000267853
0.000595326
0.00100683
0.00151193
0.00211738
0.00281604
0.00357704
0.00433258
0.0049561
0.0053259
-0.000827546
-0.000852057
-0.000847672
-0.000840424
-0.000819822
-0.000784016
-0.000727752
-0.000644118
-0.000524062
-0.000355947
-0.00012518
0.000185958
0.000597648
0.00113002
0.00180931
0.00264119
0.00360907
0.00465444
0.00557011
0.00634539
-0.00104731
-0.00107766
-0.00108161
-0.0010887
-0.00108769
-0.00107732
-0.00105245
-0.00100599
-0.000928241
-0.000806057
-0.000621918
-0.000352793
3.13195e-05
0.000568937
0.00128945
0.00223851
0.00343731
0.00486957
0.00623172
0.0078946
-0.00128744
-0.00132437
-0.00133712
-0.00136031
-0.00138191
-0.0014019
-0.00141584
-0.00141729
-0.00139702
-0.00134181
-0.00123309
-0.00104514
-0.000742415
-0.0002765
0.000414559
0.00140855
0.00280925
0.00471454
0.00665846
0.0100286
-0.00154607
-0.00158966
-0.00161026
-0.00165008
-0.00169646
-0.00175111
-0.00181076
-0.00187053
-0.001923
-0.00195694
-0.00195563
-0.00189441
-0.00173687
-0.00142773
-0.000884123
-3.05784e-06
0.00139544
0.00364631
0.00594786
0.0117857
-0.0018241
-0.00188084
-0.00190814
-0.0019679
-0.00203727
-0.00212519
-0.00223166
-0.00235583
-0.00249412
-0.00263957
-0.00278117
-0.00290233
-0.00297795
-0.00296862
-0.00281523
-0.00245056
-0.00170027
0.000189441
0.0006988
0.00924945
-0.00211007
-0.00214967
-0.00217423
-0.00223309
-0.00232653
-0.00245811
-0.00262738
-0.00283227
-0.00307143
-0.00334419
-0.00365067
-0.00399072
-0.00436519
-0.00477555
-0.00524557
-0.00583721
-0.00664049
-0.00578938
-0.00815024
0.00274407
-0.00244248
-0.00256132
-0.00257346
-0.00268845
-0.00278525
-0.00293475
-0.00312801
-0.0033785
-0.00369429
-0.00408503
-0.00456312
-0.00515037
-0.00588611
-0.00683402
-0.0081516
-0.00995202
-0.0130251
-0.0138362
-0.0171113
-0.00596546
-0.00285757
-0.00276389
-0.00273893
-0.00272991
-0.00283561
-0.00302646
-0.00330353
-0.00366041
-0.00410171
-0.00463669
-0.00529005
-0.00609732
-0.00714999
-0.00851962
-0.0106494
-0.0134394
-0.0189431
-0.021967
-0.0273208
-0.0145676
-0.00288506
-0.00340494
-0.00333441
-0.00359948
-0.00363301
-0.00380713
-0.00401813
-0.00433998
-0.00476882
-0.0053341
-0.00605868
-0.00698976
-0.008282
-0.00987159
-0.0128277
-0.0162319
-0.0240441
-0.0305719
-0.0377473
-0.0159827
-0.00481636
-0.00349444
-0.00332941
-0.00290544
-0.00297114
-0.00320048
-0.00358235
-0.00406996
-0.00467136
-0.00537051
-0.00623643
-0.00722906
-0.00864386
-0.0102608
-0.0131383
-0.0168187
-0.0239092
-0.029668
-0.0333247
0.000843418
-0.00191293
-0.00497532
-0.00439303
-0.00497363
-0.00467274
-0.00481005
-0.00487909
-0.00518696
-0.00558762
-0.00614744
-0.00690365
-0.00773252
-0.00905262
-0.0104226
-0.0131581
-0.0166696
-0.0229067
-0.0247272
-0.0176783
0.0365328
-0.0157442
-0.00316658
-0.00255124
-0.00233835
-0.00242766
-0.00271689
-0.0032192
-0.00375321
-0.00450128
-0.0051699
-0.00618143
-0.00714273
-0.00845877
-0.0100102
-0.0117974
-0.0129672
-0.0124066
0.00150172
0.0372567
0.127549
6.11184e-06
2.66009e-06
3.51322e-05
8.90726e-05
0.000169366
0.000276524
0.000411672
0.000575799
0.000769396
0.000992091
0.0012422
0.00151618
0.00180817
0.00210952
0.00240831
0.00268952
0.00293599
0.00312726
0.00325639
0.00328365
9.46935e-06
5.40709e-06
3.78983e-05
9.03039e-05
0.000168359
0.000272691
0.000404643
0.000565436
0.000755834
0.000975799
0.00122405
0.00149724
0.00178996
0.00209421
0.00239805
0.00268617
0.00294065
0.00313961
0.00327594
0.00330486
-2.75917e-05
-3.37642e-05
-2.62037e-06
4.75823e-05
0.000123118
0.000224734
0.000354116
0.000512936
0.000702516
0.000923479
0.00117525
0.00145571
0.00176024
0.00208082
0.00240552
0.00271807
0.00299852
0.00322097
0.00337557
0.00340917
-9.01911e-05
-9.82573e-05
-6.91248e-05
-2.21861e-05
4.94719e-05
0.000146835
0.000272111
0.000427663
0.000615693
0.000837914
0.00109504
0.00138611
0.00170774
0.00205358
0.0024117
0.00276462
0.00308898
0.00335208
0.00353874
0.00358407
-0.000181766
-0.000192214
-0.00016589
-0.000123372
-5.70107e-05
3.44735e-05
0.000153947
0.00030466
0.000489996
0.000713167
0.000976702
0.0012817
0.00162682
0.00200739
0.00241254
0.00282386
0.00321429
0.00354178
0.00378027
0.00384869
-0.000301212
-0.000314649
-0.000292061
-0.000255436
-0.000196301
-0.000113072
-2.14459e-06
0.000140756
0.000320433
0.000542005
0.000810429
0.00112969
0.00150154
0.00192493
0.00239134
0.00288254
0.00336757
0.00379319
0.00411318
0.00422719
-0.000447441
-0.000464576
-0.00044682
-0.000417925
-0.000368527
-0.000296794
-0.000198376
-6.79189e-05
0.000100959
0.000315617
0.000584085
0.000914263
0.00131213
0.00178335
0.0023237
0.00291837
0.00353408
0.00410697
0.00455564
0.00476335
-0.000619169
-0.000640792
-0.000629098
-0.000610078
-0.000573461
-0.000517316
-0.000436656
-0.000325135
-0.000174792
2.41368e-05
0.00028326
0.000615803
0.00103594
0.00155048
0.00217164
0.00289241
0.0036822
0.00447214
0.00512677
0.00553253
-0.000814736
-0.00084167
-0.000837285
-0.000830463
-0.000810067
-0.000774328
-0.000717896
-0.000633723
-0.000512555
-0.000342438
-0.000108289
0.000208385
0.000628962
0.00117555
0.00187382
0.00273601
0.00374649
0.00484781
0.0058176
0.0066831
-0.00103211
-0.00106516
-0.00106914
-0.00107678
-0.00107614
-0.00106603
-0.00104119
-0.00099441
-0.00091577
-0.000791798
-0.000604454
-0.000329889
6.30023e-05
0.000613116
0.00135585
0.00234522
0.0036035
0.00512253
0.00657512
0.00843987
-0.00126904
-0.00130899
-0.00132186
-0.00134582
-0.00136806
-0.00138862
-0.00140297
-0.00140453
-0.00138389
-0.00132753
-0.00121643
-0.00102412
-0.000714062
-0.000237932
0.000456605
0.00150711
0.00298153
0.00500844
0.00708386
0.0108001
-0.00152311
-0.00156996
-0.00159078
-0.00163167
-0.00167918
-0.00173501
-0.00179575
-0.00185636
-0.00190932
-0.00194322
-0.00194102
-0.00187742
-0.00171465
-0.00139302
-0.000813321
7.40223e-05
0.00151955
0.00389053
0.0062339
0.0125278
-0.00179481
-0.00185595
-0.00188384
-0.00194553
-0.00201661
-0.00210632
-0.00221449
-0.0023403
-0.00248019
-0.00262731
-0.00277061
-0.00289347
-0.00297096
-0.00296383
-0.00281543
-0.00248305
-0.00178789
0.000183201
0.000621672
0.009425
-0.00207018
-0.00211474
-0.00214019
-0.00220082
-0.00229672
-0.00243107
-0.00260352
-0.00281181
-0.00305462
-0.0033314
-0.00364249
-0.00398828
-0.00437101
-0.00479685
-0.00529983
-0.00597934
-0.00695699
-0.00622795
-0.00844334
0.00164246
-0.0023852
-0.00251048
-0.00252534
-0.00264515
-0.0027471
-0.00290179
-0.0031
-0.00335564
-0.00367699
-0.004074
-0.00455954
-0.00515671
-0.00590732
-0.00688556
-0.00827156
-0.0102615
-0.0137615
-0.0151925
-0.0178735
-0.00804239
-0.002784
-0.0027017
-0.00267811
-0.00267037
-0.00277969
-0.00297548
-0.00325919
-0.00362323
-0.00407252
-0.00461608
-0.0052787
-0.00609664
-0.00715901
-0.00855988
-0.0107483
-0.0137655
-0.0196564
-0.0234135
-0.0278803
-0.0163807
-0.00272623
-0.00326119
-0.00321833
-0.00349535
-0.00354448
-0.00373046
-0.003953
-0.00428611
-0.0047293
-0.00530885
-0.00604381
-0.00698414
-0.00827088
-0.00988833
-0.0128034
-0.0163954
-0.0240975
-0.0305699
-0.0358833
-0.0159563
-0.00471975
-0.0034133
-0.00323074
-0.00278379
-0.00284818
-0.00308813
-0.00348604
-0.00399126
-0.00460888
-0.00532511
-0.00619804
-0.00720889
-0.00857179
-0.0102027
-0.0129001
-0.0166111
-0.0230505
-0.0279114
-0.0294299
0.00244088
-0.0014467
-0.00456716
-0.004087
-0.00469776
-0.00442254
-0.00459067
-0.00468239
-0.00503629
-0.00547195
-0.00606617
-0.00685181
-0.00768993
-0.00897094
-0.0103734
-0.0129155
-0.0165556
-0.0223711
-0.0231925
-0.0146649
0.0385402
-0.0156017
-0.00292211
-0.00226816
-0.00207563
-0.00219012
-0.00250319
-0.00303023
-0.00360044
-0.00436713
-0.00508201
-0.00606924
-0.00711892
-0.00831539
-0.00994047
-0.0115448
-0.0126756
-0.0118093
0.00332873
0.0417733
0.133226
9.90214e-06
5.66399e-06
3.79807e-05
9.17803e-05
0.000172153
0.00027957
0.000415172
0.000579986
0.000774549
0.000998536
0.00125031
0.00152639
0.00182087
0.00212508
0.002427
0.0027114
0.0029608
0.00315426
0.00328482
0.00331151
1.41704e-05
9.3748e-06
4.17517e-05
9.39939e-05
0.00017207
0.000276575
0.000408878
0.000570244
0.000761487
0.000982636
0.00123247
0.00150771
0.00180296
0.00211018
0.00241734
0.00270893
0.00296668
0.00316814
0.00330621
0.00333461
-2.23194e-05
-2.92647e-05
1.77883e-06
5.18137e-05
0.000127362
0.000229141
0.000358871
0.000518275
0.000708743
0.000930978
0.0011845
0.00146725
0.00177472
0.00209883
0.0024276
0.00274453
0.00302929
0.00325522
0.00341237
0.00344574
-8.41463e-05
-9.30197e-05
-6.39761e-05
-1.72139e-05
5.44518e-05
0.000151976
0.000277609
0.000433779
0.000622776
0.000846418
0.00110555
0.00139934
0.00172457
0.00207488
0.00243837
0.00279731
0.0031278
0.00339622
0.00358696
0.00363282
-0.000174909
-0.000186203
-0.000159959
-0.000117623
-5.12494e-05
4.04107e-05
0.000160279
0.000311688
0.000498131
0.000722967
0.000988897
0.00129723
0.00164686
0.00203336
0.00244586
0.00286579
0.00326553
0.00360164
0.00384706
0.00391783
-0.000293416
-0.000307746
-0.000285231
-0.000248796
-0.000189646
-0.000106225
5.14194e-06
0.00014883
0.000329783
0.000553312
0.000824624
0.00114801
0.00152562
0.00195692
0.00243351
0.00293722
0.00343659
0.00387659
0.00420874
0.00432939
-0.000438505
-0.000456589
-0.000438906
-0.000410222
-0.00036082
-0.000288899
-0.00019002
-5.87067e-05
0.000111601
0.000328513
0.000600407
0.000935657
0.00134092
0.0018224
0.00237668
0.00298947
0.00362729
0.00422455
0.00469491
0.00491954
-0.000608806
-0.000631446
-0.000619836
-0.000601073
-0.000564499
-0.000508212
-0.000427124
-0.000314745
-0.000162899
3.8492e-05
0.000301504
0.000640015
0.001069
0.00159662
0.00223637
0.0029828
0.00380618
0.00463685
0.00533069
0.00577738
-0.00080254
-0.000830577
-0.000826306
-0.000819828
-0.000799572
-0.000763809
-0.000707075
-0.000622166
-0.000499582
-0.000327009
-8.88009e-05
0.000234385
0.000665174
0.00122758
0.00194901
0.00284588
0.00390579
0.00507322
0.00611442
0.00707583
-0.0010175
-0.00105177
-0.00105592
-0.00106404
-0.00106371
-0.0010538
-0.00102892
-0.000981708
-0.000901995
-0.000775934
-0.000584894
-0.000304083
9.90639e-05
0.000665472
0.00143427
0.00246733
0.00379346
0.00541362
0.00699161
0.00906655
-0.00125116
-0.00129247
-0.00130563
-0.0013303
-0.00135312
-0.00137423
-0.00138897
-0.00139065
-0.00136963
-0.00131209
-0.00119849
-0.00100159
-0.000683542
-0.000194475
0.000515875
0.00161596
0.00316954
0.00533004
0.00760597
0.0117012
-0.0015006
-0.001549
-0.00157028
-0.00161216
-0.00166068
-0.00171761
-0.00177943
-0.00184101
-0.00189469
-0.00192889
-0.00192632
-0.00186137
-0.00169555
-0.00136719
-0.000768803
0.000129216
0.0016215
0.00409625
0.00662721
0.0134657
-0.00176586
-0.00182943
-0.00185819
-0.0019217
-0.00199435
-0.00208573
-0.00219563
-0.00232332
-0.00246532
-0.00261489
-0.0027613
-0.00288869
-0.00297362
-0.00298029
-0.00285922
-0.00258546
-0.00196995
-9.57463e-05
0.000387348
0.00953056
-0.00203112
-0.00207843
-0.00210499
-0.0021674
-0.0022654
-0.00240234
-0.00257792
-0.00278987
-0.00303699
-0.00331902
-0.00363722
-0.00399428
-0.00439736
-0.00486279
-0.00545218
-0.00631358
-0.00761557
-0.00740307
-0.00960361
0.000273824
-0.00233057
-0.00246123
-0.00247857
-0.00260338
-0.00270929
-0.00286853
-0.00307127
-0.0033319
-0.00365899
-0.00406337
-0.00455958
-0.00517479
-0.00595938
-0.00700478
-0.00853507
-0.0108249
-0.0149378
-0.017415
-0.0200589
-0.0105476
-0.00271173
-0.00263681
-0.00261538
-0.00261038
-0.00272263
-0.00292293
-0.00321265
-0.00358393
-0.00404176
-0.00459548
-0.00527154
-0.00610947
-0.00720798
-0.00867737
-0.0110191
-0.0143555
-0.0209487
-0.0256527
-0.0306012
-0.0186374
-0.00259704
-0.00315483
-0.00312004
-0.00341115
-0.00346975
-0.00366638
-0.00389855
-0.00424265
-0.00469493
-0.00528475
-0.00603134
-0.00698607
-0.00829851
-0.00996098
-0.0129725
-0.0167607
-0.0249006
-0.0316253
-0.0375308
-0.0162697
-0.00457859
-0.00330215
-0.00311852
-0.00267232
-0.00273731
-0.00298485
-0.00339352
-0.00391218
-0.00454422
-0.00527529
-0.00616083
-0.00718505
-0.00854648
-0.0102057
-0.0128847
-0.016635
-0.0230541
-0.0276781
-0.0291744
0.00412375
-0.00114259
-0.00437588
-0.00390117
-0.00454012
-0.00427069
-0.00445917
-0.00456684
-0.00494432
-0.00538908
-0.00599588
-0.00680629
-0.00763392
-0.00893807
-0.0103369
-0.0128456
-0.0165145
-0.0222701
-0.0225281
-0.0141445
0.041107
-0.0153562
-0.00266397
-0.00199543
-0.0018156
-0.00195875
-0.0023016
-0.00285534
-0.0034543
-0.00424252
-0.00498361
-0.00598524
-0.00706864
-0.00825319
-0.00988338
-0.0114827
-0.0124755
-0.0115765
0.004502
0.0435428
0.137705
1.36564e-05
9.18024e-06
4.14704e-05
9.52657e-05
0.000175785
0.000283504
0.0004196
0.000585138
0.000780706
0.00100604
0.00125955
0.00153779
0.00183485
0.00214203
0.00244719
0.00273491
0.00298743
0.00318337
0.00331568
0.00334262
1.83245e-05
1.3264e-05
4.56227e-05
9.78508e-05
0.000176059
0.000280846
0.000413618
0.000575686
0.000767923
0.000990419
0.00124201
0.00151947
0.00181745
0.00212783
0.00243851
0.00273377
0.00299502
0.00319935
0.00333948
0.00336831
-1.77543e-05
-2.49798e-05
6.05076e-06
5.60688e-05
0.000131748
0.000233814
0.000364028
0.000524172
0.000715703
0.000939404
0.00119488
0.00148016
0.00179077
0.00211865
0.00245171
0.00277325
0.00306258
0.0032924
0.00345245
0.00348662
-7.89828e-05
-8.81501e-05
-5.91154e-05
-1.23737e-05
5.94251e-05
0.000157243
0.000283386
0.000440351
0.000630517
0.00085581
0.00111719
0.00141398
0.00174305
0.00209811
0.00246721
0.00283241
0.00316931
0.00344347
0.00363867
0.00368614
-0.000169045
-0.000180651
-0.000154413
-0.000112101
-4.55903e-05
4.63799e-05
0.000166798
0.000319082
0.000506843
0.000733584
0.00100218
0.00131415
0.00166861
0.00206128
0.00248136
0.00291008
0.00331928
0.00366431
0.00391694
0.00399101
-0.000286705
-0.00030137
-0.000278862
-0.000242463
-0.000183176
-9.94345e-05
1.25174e-05
0.000157162
0.000339592
0.000565312
0.000839782
0.00116759
0.00155129
0.00199066
0.00247753
0.00299372
0.00350723
0.00396145
0.00430557
0.0044331
-0.000430746
-0.000449195
-0.00043153
-0.000402906
-0.000353389
-0.000281162
-0.000181691
-4.93732e-05
0.000122536
0.0003419
0.000617447
0.000958024
0.00137092
0.00186265
0.0024307
0.00306103
0.0037199
0.00433998
0.00483061
0.00506973
-0.00059973
-0.000622772
-0.000611203
-0.000592551
-0.000555917
-0.000499386
-0.000417763
-0.000304411
-0.000150938
5.3046e-05
0.000320065
0.000664611
0.00110244
0.00164304
0.0023008
0.0030712
0.00392524
0.004792
0.00552042
0.00599815
-0.000791771
-0.000820259
-0.000816073
-0.000809791
-0.000789582
-0.00075371
-0.000696596
-0.00061088
-0.000486829
-0.000311771
-6.9525e-05
0.000260063
0.000700815
0.00127848
0.00202239
0.00294992
0.00405277
0.00527563
0.00637618
0.00740295
-0.00100452
-0.00103929
-0.0010436
-0.00105206
-0.00105195
-0.00104216
-0.00101719
-0.000969528
-0.00088878
-0.000760741
-0.000566218
-0.000279487
0.000133638
0.000717027
0.00151442
0.00258034
0.00396179
0.00566184
0.00734033
0.00954311
-0.0012352
-0.0012771
-0.00129054
-0.00131574
-0.00133904
-0.00136061
-0.00137572
-0.00137755
-0.00135628
-0.00129783
-0.0011822
-0.000981364
-0.000655703
-0.000150244
0.000608488
0.00171627
0.00332999
0.00559097
0.00802824
0.0123348
-0.00148057
-0.00152965
-0.00155135
-0.00159403
-0.00164338
-0.00170128
-0.00176412
-0.00182672
-0.00188132
-0.00191627
-0.00191415
-0.00184911
-0.00168254
-0.00135453
-0.000775044
0.000169511
0.00171304
0.00426832
0.00697893
0.0140946
-0.00174035
-0.00180504
-0.00183451
-0.00189943
-0.0019734
-0.00206628
-0.00217787
-0.00230752
-0.00245189
-0.00260446
-0.00275487
-0.00288786
-0.00298126
-0.0030016
-0.00290494
-0.00265932
-0.00207703
-0.000258731
0.000446562
0.00973909
-0.0019976
-0.00204606
-0.00207355
-0.00213739
-0.00223702
-0.00237611
-0.00255446
-0.00276986
-0.00302133
-0.00330902
-0.00363504
-0.00400353
-0.00442464
-0.00492015
-0.00556628
-0.00653505
-0.00800068
-0.00809992
-0.00986557
-0.000193529
-0.00228625
-0.00241846
-0.00243733
-0.00256542
-0.002674
-0.00283674
-0.00304334
-0.00330862
-0.00364157
-0.00405389
-0.00456131
-0.00519396
-0.00600796
-0.00710344
-0.00873251
-0.0112245
-0.015698
-0.0188035
-0.02097
-0.0115237
-0.00265477
-0.00258169
-0.00256217
-0.00255951
-0.00267364
-0.00287722
-0.00317142
-0.00354864
-0.00401405
-0.00457778
-0.0052674
-0.00612483
-0.0072568
-0.00877996
-0.0112354
-0.0148051
-0.0218672
-0.0272251
-0.0318649
-0.0195151
-0.00252174
-0.00307572
-0.00304463
-0.00334262
-0.00340524
-0.00360796
-0.00384583
-0.00419722
-0.00465756
-0.00525863
-0.00601838
-0.00698885
-0.00833044
-0.0100308
-0.0131289
-0.0170624
-0.0255616
-0.0324213
-0.0379126
-0.0162593
-0.00447922
-0.00321384
-0.00303259
-0.0025896
-0.00265347
-0.00290392
-0.00331788
-0.00384446
-0.0044857
-0.00522865
-0.00612763
-0.00716452
-0.00854098
-0.0102271
-0.0129162
-0.0167103
-0.0231327
-0.0276838
-0.0282464
0.00508157
-0.0010242
-0.00427788
-0.0037919
-0.00443639
-0.00416298
-0.00435589
-0.00446541
-0.00485273
-0.00530487
-0.00592531
-0.00675715
-0.00758078
-0.00891947
-0.0103188
-0.0128296
-0.0165065
-0.0221537
-0.0221062
-0.0129582
0.0425994
-0.0152447
-0.00254034
-0.00185868
-0.00167298
-0.00181905
-0.00216941
-0.0027311
-0.00334426
-0.0041441
-0.00490341
-0.00592101
-0.00702478
-0.00822254
-0.00986638
-0.0114645
-0.0124075
-0.0113291
0.00515019
0.0451458
0.139731
1.71613e-05
1.26045e-05
4.49159e-05
9.8778e-05
0.000179491
0.00028755
0.000424169
0.000590459
0.000787054
0.00101374
0.00126898
0.00154935
0.00184895
0.00215903
0.00246735
0.00275831
0.00301388
0.00321232
0.00334641
0.00337385
2.20287e-05
1.68892e-05
4.92742e-05
0.000101569
0.000179968
0.000285091
0.000418385
0.000581207
0.000774484
0.000998365
0.00125174
0.00153144
0.0018321
0.00214561
0.00245973
0.00275857
0.00302326
0.00323045
0.00337266
0.00340214
-1.37296e-05
-2.10365e-05
1.0024e-05
6.011e-05
0.000135986
0.000238398
0.000369155
0.000530096
0.000722743
0.000947953
0.00120541
0.00149321
0.00180694
0.00213851
0.00247575
0.00280175
0.0030955
0.00332912
0.00349201
0.0035272
-7.44799e-05
-8.37316e-05
-5.4664e-05
-7.85361e-06
6.41476e-05
0.000162327
0.000289046
0.00044687
0.000638265
0.000865254
0.00112891
0.00142867
0.00176153
0.00212121
0.00249572
0.00286689
0.00320991
0.00348956
0.003689
0.0037382
-0.000163946
-0.000175641
-0.000149369
-0.00010699
-4.02715e-05
5.20769e-05
0.00017311
0.000326333
0.000515465
0.000744148
0.00101542
0.00133097
0.00169014
0.00208874
0.00251601
0.00295301
0.00337105
0.00372439
0.00398367
0.00406087
-0.000280864
-0.000295624
-0.000273088
-0.00023663
-0.000177139
-9.30123e-05
1.95858e-05
0.000165242
0.000349187
0.000577111
0.000854708
0.00118685
0.0015764
0.00202341
0.0025199
0.00304762
0.00357406
0.00404113
0.00439598
0.00452941
-0.000423981
-0.000442532
-0.000424852
-0.000396195
-0.000346497
-0.000273903
-0.000173789
-4.04258e-05
0.000133101
0.000354893
0.000633998
0.000979689
0.00139977
0.00190111
0.00248185
0.0031281
0.00380576
0.00444586
0.00495412
0.00520465
-0.000591794
-0.000614952
-0.000603397
-0.000584759
-0.000548
-0.000491168
-0.000408965
-0.000294616
-0.000139529
6.69746e-05
0.000337824
0.000688067
0.00113416
0.00168664
0.00236068
0.00315243
0.00403326
0.00493073
0.00568839
0.00618893
-0.000782335
-0.000810957
-0.000806833
-0.000800645
-0.000780414
-0.000744373
-0.00068684
-0.000600309
-0.00047483
-0.000297409
-5.13848e-05
0.000284108
0.000733895
0.00132512
0.00208879
0.00304342
0.00418307
0.00545188
0.00660113
0.00767289
-0.000993125
-0.00102806
-0.0010325
-0.00104118
-0.00104121
-0.00103147
-0.00100637
-0.000958254
-0.000876533
-0.00074668
-0.000548999
-0.00025696
0.000164951
0.000762669
0.00158223
0.00267909
0.00410741
0.00587164
0.00763161
0.00991838
-0.00122123
-0.00126332
-0.00127701
-0.00130259
-0.00132627
-0.00134821
-0.00136361
-0.00136557
-0.00134412
-0.00128494
-0.00116764
-0.000963491
-0.000631594
-0.000114417
0.000665595
0.00180016
0.00346576
0.00580587
0.00837403
0.012817
-0.00146316
-0.00151245
-0.00153453
-0.00157781
-0.00162784
-0.00168653
-0.00175027
-0.00181382
-0.00186937
-0.00190521
-0.00190382
-0.00183912
-0.00167221
-0.0013428
-0.000760043
0.00020435
0.00178934
0.00440864
0.00728202
0.0145741
-0.00171848
-0.00178363
-0.00181368
-0.00187963
-0.00195464
-0.0020488
-0.00216188
-0.00229336
-0.00244006
-0.00259565
-0.0027501
-0.00288878
-0.00299052
-0.00302318
-0.00294512
-0.0027234
-0.00215958
-0.000379171
0.000543201
0.00993199
-0.00196945
-0.00201819
-0.00204645
-0.00211138
-0.00221233
-0.00235321
-0.00253392
-0.00275242
-0.00300794
-0.00330106
-0.0036347
-0.00401463
-0.00445374
-0.00497851
-0.00567769
-0.00673792
-0.0083397
-0.00865975
-0.0100847
-0.00049078
-0.0022507
-0.00238343
-0.00240323
-0.00253355
-0.00264394
-0.00280934
-0.00301904
-0.0032883
-0.00362655
-0.00404628
-0.00456459
-0.00521434
-0.00605682
-0.00719916
-0.00891649
-0.0115753
-0.0163418
-0.0198729
-0.0217045
-0.0122584
-0.00260856
-0.0025362
-0.00251809
-0.00251728
-0.00263297
-0.00283914
-0.00313693
-0.00351911
-0.00399127
-0.00456417
-0.00526699
-0.00614401
-0.00731009
-0.00888566
-0.0114484
-0.0152095
-0.02269
-0.0285251
-0.0330256
-0.0202681
-0.00246748
-0.00302184
-0.00298963
-0.00329138
-0.00335549
-0.00356201
-0.00380364
-0.00416036
-0.00462742
-0.00523754
-0.00600978
-0.00699686
-0.00837107
-0.0101116
-0.0133051
-0.0173447
-0.0262655
-0.0332878
-0.0387762
-0.016412
-0.004401
-0.00314232
-0.0029638
-0.00252486
-0.00258885
-0.00284134
-0.00325861
-0.00379061
-0.00443965
-0.00519174
-0.00610403
-0.00715422
-0.0085577
-0.0102739
-0.0130129
-0.0168663
-0.0234331
-0.0280551
-0.0282836
0.00564352
-0.000965863
-0.00422676
-0.00372427
-0.00437249
-0.00409285
-0.00428587
-0.00439457
-0.0047853
-0.00524326
-0.00586877
-0.0067175
-0.0075413
-0.00891769
-0.0103243
-0.0128761
-0.0165537
-0.0222111
-0.0219959
-0.0124978
0.0436632
-0.0151598
-0.00245351
-0.00176435
-0.00157373
-0.00172017
-0.00207278
-0.00263951
-0.00325835
-0.00406944
-0.00483594
-0.00587383
-0.00698791
-0.00821612
-0.00987513
-0.0115117
-0.0124151
-0.0112931
0.00546044
0.0459279
0.141029
2.02295e-05
1.56692e-05
4.80341e-05
0.000102003
0.000182925
0.000291322
0.000428441
0.000595434
0.000792979
0.0010209
0.00127772
0.00156002
0.00186191
0.0021746
0.00248576
0.00277962
0.00303794
0.00323865
0.00337437
0.00340238
2.52057e-05
2.00574e-05
5.24976e-05
0.0001049
0.000183512
0.000288977
0.000422778
0.000586318
0.000780569
0.00100573
0.00126075
0.00154247
0.00184557
0.00216188
0.0024791
0.00278114
0.00304891
0.00325868
0.00340277
0.00343296
-1.03107e-05
-1.76263e-05
1.34913e-05
6.36876e-05
0.000139782
0.000242548
0.000373837
0.000535538
0.00072923
0.000955836
0.0012151
0.0015052
0.00182173
0.0021566
0.00249756
0.00282753
0.00312517
0.00336218
0.00352759
0.00356378
-7.06906e-05
-7.99508e-05
-5.08249e-05
-3.90239e-06
6.83249e-05
0.000166874
0.000294157
0.0004528
0.000645344
0.000873898
0.00113963
0.00144208
0.00177832
0.0021421
0.00252137
0.00289777
0.0032461
0.00353053
0.00373362
0.00378439
-0.000159673
-0.000171376
-0.000145047
-0.000102557
-3.5608e-05
5.71249e-05
0.000178757
0.000332868
0.000523273
0.000753735
0.00102743
0.00134619
0.00170953
0.00211334
0.00254686
0.00299097
0.00341654
0.00377692
0.00404175
0.00412157
-0.000275977
-0.000290747
-0.000268159
-0.000231599
-0.000171882
-8.73666e-05
2.58535e-05
0.000172456
0.000357795
0.000587717
0.000868113
0.00120409
0.00159876
0.00205238
0.00255711
0.00309458
0.00363178
0.00410943
0.00447296
0.00461094
-0.000418319
-0.000436886
-0.000419169
-0.000390431
-0.00034053
-0.000267568
-0.000166841
-3.25112e-05
0.000142484
0.000366448
0.000648696
0.000998847
0.00142512
0.00193465
0.00252607
0.00318553
0.00387849
0.00453453
0.00505659
0.00531531
-0.000585155
-0.000608336
-0.00059677
-0.000578092
-0.000541183
-0.000484046
-0.000401296
-0.000286037
-0.000129506
7.92177e-05
0.0003534
0.000708537
0.00116163
0.00172405
0.00241151
0.00322065
0.00412279
0.00504398
0.00582378
0.00633954
-0.000774447
-0.000803103
-0.000799011
-0.000792852
-0.000772563
-0.000736339
-0.000678408
-0.000591143
-0.000464411
-0.000284948
-3.57011e-05
0.000304761
0.00076204
0.00136427
0.00214384
0.00312026
0.00428862
0.00559193
0.0067768
0.00787688
-0.000983628
-0.00101861
-0.00102315
-0.00103195
-0.00103207
-0.00102234
-0.000997095
-0.000948584
-0.000866034
-0.00073466
-0.000534357
-0.000237963
0.000191021
0.000799935
0.00163637
0.00275844
0.00422294
0.00603421
0.00785251
0.010188
-0.00120964
-0.0012518
-0.00126567
-0.00129152
-0.00131547
-0.0013377
-0.00135334
-0.00135542
-0.00133385
-0.00127412
-0.00115551
-0.000948746
-0.000611984
-8.61193e-05
0.0007083
0.00186684
0.00357265
0.00597011
0.00863137
0.0131506
-0.00144885
-0.00149821
-0.00152057
-0.00156428
-0.00161483
-0.00167416
-0.00173864
-0.00180301
-0.00185944
-0.00189615
-0.00189551
-0.00183123
-0.00166392
-0.00133235
-0.000743497
0.000235853
0.00185423
0.00452413
0.00752254
0.0149172
-0.00170075
-0.00176612
-0.00179657
-0.00186326
-0.00193906
-0.00203423
-0.00214855
-0.00228162
-0.00243037
-0.00258866
-0.00274668
-0.00289012
-0.00299809
-0.00303889
-0.00297159
-0.00276258
-0.00220159
-0.000426741
0.00067782
0.0101443
-0.00194704
-0.00199575
-0.00202457
-0.00209029
-0.00219226
-0.00233457
-0.00251721
-0.00273829
-0.00299728
-0.00329511
-0.00363528
-0.00402456
-0.00447741
-0.00502269
-0.0057553
-0.0068699
-0.00854521
-0.00897007
-0.0101168
-0.000519043
-0.00222346
-0.00235632
-0.0023766
-0.00250835
-0.00261991
-0.00278719
-0.00299926
-0.00327175
-0.00361445
-0.00404051
-0.00456808
-0.00523178
-0.00609632
-0.00727264
-0.0090497
-0.0118165
-0.0167715
-0.0205247
-0.022079
-0.0125564
-0.00257337
-0.00250108
-0.00248388
-0.00248433
-0.00260122
-0.00280934
-0.00310986
-0.00349595
-0.00397362
-0.00455427
-0.00526826
-0.00616159
-0.00735496
-0.00897025
-0.0116105
-0.0155016
-0.0232899
-0.0294021
-0.033743
-0.0207389
-0.00243043
-0.00298475
-0.00295042
-0.00325413
-0.00331844
-0.00352707
-0.00377092
-0.00413128
-0.00460343
-0.00522114
-0.0060043
-0.00700609
-0.0084077
-0.0101814
-0.0134486
-0.0175642
-0.0268208
-0.0340136
-0.0393588
-0.0166263
-0.00434612
-0.00309034
-0.00291369
-0.00247755
-0.00254181
-0.00279545
-0.00321467
-0.00375022
-0.00440489
-0.00516408
-0.00608778
-0.00715041
-0.00857901
-0.0103223
-0.0131086
-0.0170285
-0.0237241
-0.028467
-0.0283831
0.00588864
-0.000936259
-0.00419571
-0.0036813
-0.00433032
-0.00404542
-0.00423716
-0.00434375
-0.00473546
-0.00519707
-0.00582578
-0.00668652
-0.00751581
-0.00892117
-0.0103418
-0.0129284
-0.0166256
-0.0222859
-0.022041
-0.0121786
0.0443091
-0.0151069
-0.00240213
-0.00170884
-0.00151404
-0.00165843
-0.00200976
-0.00257733
-0.00319792
-0.00401562
-0.0047873
-0.00583917
-0.00696485
-0.00821613
-0.00989787
-0.0115577
-0.0124745
-0.0112945
0.00557271
0.0464524
0.141777
2.26922e-05
1.81516e-05
5.05754e-05
0.000104653
0.000185767
0.000294458
0.000432006
0.000599593
0.000797932
0.00102689
0.00128501
0.0015689
0.00187266
0.00218748
0.00250094
0.00279717
0.00305772
0.0032603
0.00339735
0.00342585
2.77321e-05
2.25993e-05
5.50997e-05
0.000107614
0.000186421
0.000292186
0.000426425
0.000590574
0.000785643
0.00101188
0.00126825
0.00155165
0.00185673
0.00217533
0.00249506
0.0027997
0.00306996
0.00328184
0.00342745
0.00345823
-7.60831e-06
-1.49072e-05
1.62722e-05
6.65828e-05
0.000142879
0.000245957
0.000377703
0.000540048
0.000734617
0.000962385
0.00122315
0.00151513
0.00183395
0.00217149
0.00251546
0.0028486
0.00314938
0.00338909
0.00355651
0.00359351
-6.77146e-05
-7.69572e-05
-4.77684e-05
-7.29235e-07
7.17062e-05
0.000170582
0.000298349
0.000457686
0.00065119
0.000881043
0.00114849
0.00145313
0.00179211
0.00215919
0.00254227
0.00292282
0.00327535
0.00356353
0.00376947
0.00382146
-0.000156329
-0.000168014
-0.000141623
-9.90171e-05
-3.1856e-05
6.12149e-05
0.00018336
0.000338218
0.000529684
0.000761611
0.00103728
0.00135865
0.00172534
0.0021333
0.00257176
0.00302145
0.00345287
0.00381865
0.00408772
0.00416947
-0.000272161
-0.000286912
-0.000264269
-0.000227599
-0.000167674
-8.28185e-05
3.0931e-05
0.000178326
0.000364816
0.000596371
0.000879035
0.00121809
0.00161684
0.00207567
0.00258683
0.00313182
0.00367723
0.00416283
0.0045328
0.00467397
-0.000413906
-0.000432455
-0.000414694
-0.000385864
-0.000335775
-0.000262493
-0.000161246
-2.61145e-05
0.000150083
0.000375806
0.000660575
0.00101427
0.0014454
0.00196132
0.00256095
0.00323045
0.00393485
0.00460259
0.00513459
0.00539873
-0.000579986
-0.000603154
-0.000591565
-0.00057283
-0.000535776
-0.000478371
-0.000395159
-0.000279151
-0.00012145
8.90535e-05
0.000365879
0.000724861
0.00118341
0.00175343
0.00245107
0.00327322
0.00419099
0.0051291
0.00592441
0.00644961
-0.00076832
-0.000796967
-0.000792888
-0.000786724
-0.000766367
-0.000729974
-0.000671707
-0.000583841
-0.000456104
-0.000275027
-2.32578e-05
0.000321047
0.000784035
0.00139457
0.00218599
0.00317851
0.00436756
0.00569488
0.0069038
0.00802024
-0.000976276
-0.00101125
-0.00101585
-0.00102473
-0.00102489
-0.00101515
-0.00098978
-0.000940943
-0.00085774
-0.000725183
-0.000522864
-0.000223157
0.000211131
0.00082831
0.00167708
0.00281764
0.00430779
0.00615097
0.00800751
0.0103692
-0.00120072
-0.00124288
-0.00125688
-0.00128291
-0.00130706
-0.00132948
-0.0013453
-0.00134746
-0.00132581
-0.00126568
-0.0011461
-0.000937386
-0.000597006
-6.47621e-05
0.000740112
0.00191622
0.00365026
0.00608599
0.00880724
0.0133662
-0.00143793
-0.00148728
-0.00150985
-0.00155386
-0.00160478
-0.00166459
-0.00172963
-0.00179463
-0.00185176
-0.00188919
-0.00188919
-0.00182525
-0.00165755
-0.0013241
-0.00073028
0.000260061
0.00190245
0.00460763
0.00769025
0.0151404
-0.00168738
-0.00175283
-0.00178356
-0.00185075
-0.00192712
-0.00202302
-0.0021383
-0.00227261
-0.00242299
-0.0025834
-0.00274418
-0.0028912
-0.00300368
-0.00304996
-0.00298922
-0.00278706
-0.00222404
-0.000445121
0.000781697
0.0102978
-0.00193039
-0.00197895
-0.00200816
-0.00207443
-0.00217714
-0.00232051
-0.0025046
-0.00272767
-0.00298934
-0.00329082
-0.00363603
-0.00403241
-0.00449539
-0.00505521
-0.00581086
-0.0069614
-0.00868367
-0.00915931
-0.0101333
-0.000507102
-0.00220375
-0.00233666
-0.00235716
-0.0024898
-0.00260209
-0.00277067
-0.00298444
-0.00325934
-0.00360546
-0.00403645
-0.00457115
-0.00524544
-0.00612621
-0.00732664
-0.0091446
-0.0119826
-0.0170583
-0.0209349
-0.0223229
-0.0127303
-0.00254817
-0.00247573
-0.00245911
-0.00246034
-0.0025781
-0.00278763
-0.00309012
-0.00347912
-0.003961
-0.00454762
-0.00527026
-0.00617616
-0.00739003
-0.00903427
-0.0117287
-0.0157081
-0.0236951
-0.0300016
-0.0342332
-0.0210507
-0.00240572
-0.00295975
-0.00292368
-0.00322844
-0.00329257
-0.00350235
-0.00374751
-0.00411034
-0.00458626
-0.00520972
-0.00600141
-0.00701503
-0.00843788
-0.0102376
-0.013558
-0.0177265
-0.0272315
-0.0345617
-0.0398152
-0.0168448
-0.00430905
-0.00305439
-0.00287904
-0.00244457
-0.00250923
-0.00276364
-0.00318413
-0.00372201
-0.00438062
-0.00514541
-0.00607788
-0.00715089
-0.00860039
-0.0103664
-0.0131927
-0.0171713
-0.0239752
-0.0288304
-0.0285753
0.00596363
-0.000919879
-0.00417631
-0.00365406
-0.00430329
-0.00401473
-0.0042053
-0.00430997
-0.00470124
-0.00516421
-0.005798
-0.00666577
-0.0075012
-0.00892792
-0.0103632
-0.0129805
-0.0166974
-0.0223755
-0.0221418
-0.0120488
0.0446775
-0.0150731
-0.00236988
-0.00167405
-0.00147647
-0.00161926
-0.00196896
-0.00253657
-0.00315701
-0.00397912
-0.00475404
-0.00581586
-0.00695063
-0.00822063
-0.00992215
-0.0116084
-0.0125361
-0.0113359
0.00558722
0.0467149
0.142211
2.44178e-05
1.98987e-05
5.23708e-05
0.000106535
0.000187794
0.000296702
0.000434561
0.000602576
0.000801486
0.00103118
0.00129022
0.00157525
0.00188033
0.00219665
0.00251174
0.00280963
0.00307175
0.00327564
0.00341363
0.00344249
2.9494e-05
2.43797e-05
5.69293e-05
0.000109532
0.000188487
0.000294474
0.000429032
0.00059362
0.000789277
0.00101627
0.00127361
0.00155821
0.00186469
0.0021849
0.00250639
0.00281286
0.00308486
0.00329821
0.00344489
0.0034761
-5.73126e-06
-1.30107e-05
1.8219e-05
6.86204e-05
0.000145069
0.000248377
0.000380457
0.000543267
0.000738465
0.000967061
0.00122889
0.0015222
0.00184263
0.00218205
0.00252812
0.00286348
0.00316642
0.00340801
0.00357682
0.00361438
-6.56567e-05
-7.48791e-05
-4.56393e-05
1.49263e-06
7.40852e-05
0.000173201
0.000301322
0.000461158
0.000655351
0.000886127
0.00115478
0.00146096
0.00180187
0.00217125
0.00255697
0.00294039
0.0032958
0.00358654
0.00379442
0.00384723
-0.000154025
-0.000165688
-0.000139247
-9.65485e-05
-2.92276e-05
6.40923e-05
0.000186609
0.000342005
0.000534227
0.000767191
0.00104426
0.00136744
0.00173646
0.0021473
0.00258916
0.00304265
0.00347804
0.00384746
0.00411935
0.00420236
-0.000269536
-0.000284266
-0.000261576
-0.000224819
-0.000164737
-7.9632e-05
3.45003e-05
0.000182462
0.000369767
0.000602473
0.000886724
0.00122792
0.00162948
0.00209189
0.00260743
0.0031575
0.0037084
0.00419925
0.00457341
0.00471659
-0.000410876
-0.000429404
-0.000411606
-0.0003827
-0.000332469
-0.000258951
-0.000157331
-2.16287e-05
0.000155417
0.000382371
0.000668891
0.00102503
0.00145948
0.00197975
0.00258492
0.00326111
0.00397304
0.00464834
0.00518667
0.00545406
-0.000576444
-0.000599592
-0.000587982
-0.000569194
-0.00053203
-0.000474427
-0.000390885
-0.000274347
-0.000115825
9.59143e-05
0.000374562
0.000736175
0.00119844
0.00177355
0.00247797
0.00330869
0.00423659
0.00518542
0.00599035
0.00652084
-0.00076413
-0.000792761
-0.000788683
-0.000782505
-0.000762089
-0.00072557
-0.000667061
-0.000578773
-0.000450338
-0.000268149
-1.46577e-05
0.000332249
0.000799071
0.00141512
0.00221436
0.00321736
0.0044196
0.00576178
0.00698516
0.00811024
-0.000971264
-0.00100623
-0.00101087
-0.00101978
-0.00101996
-0.0010102
-0.000984735
-0.000935671
-0.000852018
-0.000718658
-0.000514977
-0.000213047
0.000224775
0.000847438
0.0017043
0.00285674
0.00436297
0.00622551
0.00810452
0.010479
-0.00119467
-0.00123682
-0.00125089
-0.00127704
-0.0013013
-0.00132386
-0.00133978
-0.00134201
-0.00132031
-0.00125991
-0.00113969
-0.000929674
-0.000586885
-5.04044e-05
0.000761622
0.00194882
0.0037005
0.00615925
0.00891527
0.0134933
-0.00143057
-0.0014799
-0.00150259
-0.00154679
-0.00159796
-0.00165807
-0.00172349
-0.00178894
-0.00184655
-0.00188449
-0.00188493
-0.00182121
-0.00165321
-0.00131839
-0.000721274
0.000276912
0.0019351
0.00466259
0.00779566
0.0152755
-0.00167844
-0.00174393
-0.00177483
-0.00184232
-0.00191906
-0.00201545
-0.00213137
-0.00226653
-0.00241802
-0.0025799
-0.00274258
-0.00289192
-0.00300722
-0.00305665
-0.00299918
-0.00279924
-0.00223133
-0.000445476
0.000854383
0.0104066
-0.00191939
-0.00196782
-0.00199726
-0.00206387
-0.00216706
-0.00231114
-0.00249621
-0.00272061
-0.00298411
-0.00328808
-0.00363668
-0.00403772
-0.00450713
-0.00507574
-0.00584411
-0.00701227
-0.00875085
-0.00925144
-0.0101286
-0.000470439
-0.00219097
-0.00232388
-0.00234449
-0.00247764
-0.00259037
-0.00275975
-0.00297464
-0.00325114
-0.00359957
-0.00403388
-0.00457338
-0.00525464
-0.00614581
-0.00736111
-0.00920293
-0.0120809
-0.0172216
-0.0211579
-0.0224554
-0.0128088
-0.00253196
-0.00245935
-0.00244307
-0.00244476
-0.0025631
-0.00277354
-0.00307732
-0.00346825
-0.00395293
-0.00454358
-0.00527204
-0.00618632
-0.00741352
-0.00907611
-0.0118032
-0.0158352
-0.0239344
-0.0303575
-0.0345278
-0.0212372
-0.0023905
-0.0029442
-0.002907
-0.00321228
-0.00327619
-0.00348662
-0.00373254
-0.00409691
-0.0045753
-0.00520262
-0.00600013
-0.00702188
-0.00845883
-0.0102759
-0.0136292
-0.0178303
-0.0274932
-0.0349141
-0.0401471
-0.0169818
-0.00428629
-0.003032
-0.00285744
-0.00242385
-0.00248883
-0.00274371
-0.00316496
-0.00370428
-0.00436544
-0.00513393
-0.00607239
-0.0071528
-0.00861662
-0.0103987
-0.0132521
-0.0172733
-0.0241502
-0.0290883
-0.0287473
0.00597083
-0.000910496
-0.00416439
-0.00363767
-0.00428686
-0.00399611
-0.00418594
-0.00428932
-0.00468021
-0.00514425
-0.00578036
-0.00665307
-0.0074939
-0.00893412
-0.0103813
-0.0130188
-0.016753
-0.0224439
-0.0222373
-0.0120056
0.0448721
-0.015053
-0.00235111
-0.00165396
-0.00145482
-0.00159658
-0.00194504
-0.00251228
-0.00313225
-0.00395667
-0.00473371
-0.00580152
-0.0069434
-0.00822522
-0.00994152
-0.0116434
-0.012587
-0.0113751
0.00556603
0.0468485
0.142451
2.53133e-05
2.08068e-05
5.33053e-05
0.000107516
0.000188852
0.000297875
0.000435897
0.000604136
0.000803343
0.00103342
0.00129294
0.00157855
0.00188432
0.00220141
0.00251734
0.00281609
0.00307902
0.00328359
0.00342206
0.0034511
3.04061e-05
2.53029e-05
5.78794e-05
0.00011053
0.000189564
0.000295668
0.000430393
0.000595211
0.000791174
0.00101857
0.00127641
0.00156162
0.00186883
0.00218987
0.00251227
0.00281967
0.00309257
0.00330667
0.00345391
0.00348533
-4.76247e-06
-1.20304e-05
1.92268e-05
6.96775e-05
0.000146207
0.000249637
0.000381892
0.000544945
0.00074047
0.000969497
0.00123188
0.00152588
0.00184713
0.00218752
0.00253467
0.00287116
0.00317521
0.00341776
0.00358727
0.00362512
-6.45985e-05
-7.38087e-05
-4.45411e-05
2.64136e-06
7.53177e-05
0.000174561
0.000302866
0.000462964
0.000657515
0.000888769
0.00115805
0.00146502
0.00180692
0.00217748
0.00256455
0.00294942
0.0033063
0.00359834
0.00380719
0.00386042
-0.000152843
-0.000164494
-0.000138025
-9.52762e-05
-2.78701e-05
6.55811e-05
0.000188293
0.000343969
0.000536582
0.000770084
0.00104787
0.00137198
0.0017422
0.0021545
0.00259809
0.00305351
0.00349089
0.00386214
0.00413543
0.00421906
-0.000268194
-0.000282911
-0.000260195
-0.00022339
-0.000163225
-7.7988e-05
3.63442e-05
0.0001846
0.000372328
0.000605626
0.000890693
0.00123298
0.00163598
0.00210021
0.00261795
0.00317057
0.0037242
0.00421766
0.00459387
0.00473802
-0.00040933
-0.000427845
-0.000410025
-0.000381078
-0.000330771
-0.000257129
-0.000155314
-1.93163e-05
0.000158167
0.000385753
0.000673168
0.00103055
0.00146669
0.00198915
0.0025971
0.00327662
0.00399226
0.00467126
0.00521265
0.00548155
-0.00057464
-0.000597776
-0.000586152
-0.000567334
-0.000530111
-0.000472404
-0.000388689
-0.000271877
-0.000112934
9.94368e-05
0.000379013
0.000741958
0.00120608
0.00178376
0.00249156
0.00332651
0.00425937
0.00521335
0.00602285
0.00655568
-0.000762001
-0.00079062
-0.000786542
-0.000780353
-0.000759904
-0.000723318
-0.000664683
-0.000576177
-0.000447385
-0.000264629
-1.02661e-05
0.000337953
0.000806699
0.00142549
0.0022286
0.00323674
0.00444536
0.00579459
0.00702469
0.00815343
-0.000968724
-0.00100368
-0.00100833
-0.00101726
-0.00101745
-0.00100768
-0.000982162
-0.000932979
-0.000849099
-0.000715332
-0.000510966
-0.000207922
0.000231658
0.000857016
0.00171785
0.0028761
0.00439004
0.00626165
0.00815093
0.0105305
-0.00119162
-0.00123375
-0.00124786
-0.00127406
-0.00129838
-0.001321
-0.00133698
-0.00133924
-0.00131751
-0.00125698
-0.00113644
-0.000925772
-0.000581778
-4.31904e-05
0.000772195
0.00196492
0.00372501
0.00619444
0.00896616
0.0135516
-0.00142687
-0.00147619
-0.00149893
-0.00154323
-0.00159451
-0.00165478
-0.00172039
-0.00178606
-0.00184392
-0.00188211
-0.00188277
-0.00181916
-0.00165098
-0.00131543
-0.000716502
0.000285396
0.00195111
0.00468926
0.00784565
0.0153379
-0.00167397
-0.00173947
-0.00177045
-0.00183809
-0.001915
-0.00201164
-0.00212788
-0.00226347
-0.00241553
-0.00257815
-0.00274175
-0.00289226
-0.00300891
-0.00305978
-0.00300374
-0.00280468
-0.00223426
-0.000443554
0.000889937
0.0104591
-0.00191393
-0.00196227
-0.00199184
-0.00205861
-0.00216204
-0.00230647
-0.00249202
-0.0027171
-0.00298151
-0.00328673
-0.00363703
-0.00404037
-0.00451291
-0.00508568
-0.00586007
-0.00703692
-0.00878623
-0.00929232
-0.0101257
-0.000449307
-0.00218468
-0.00231759
-0.00233825
-0.00247164
-0.00258457
-0.00275434
-0.00296977
-0.00324707
-0.00359667
-0.00403265
-0.00457454
-0.00525925
-0.00615547
-0.00737787
-0.00923088
-0.0121273
-0.0172972
-0.021257
-0.0225152
-0.0128456
-0.00252404
-0.00245132
-0.00243521
-0.0024371
-0.00255574
-0.00276662
-0.00307104
-0.00346293
-0.00394903
-0.00454169
-0.00527307
-0.00619152
-0.00742524
-0.00909667
-0.011839
-0.0158956
-0.0240445
-0.030516
-0.0346541
-0.0213516
-0.00238322
-0.00293674
-0.00289899
-0.00320449
-0.00326827
-0.00347899
-0.00372527
-0.0040904
-0.00457004
-0.00519925
-0.00599969
-0.00702557
-0.00846951
-0.0102952
-0.0136638
-0.0178797
-0.0276142
-0.0350516
-0.0402012
-0.0172114
-0.00427546
-0.00302125
-0.00284708
-0.00241387
-0.00247903
-0.00273413
-0.00315576
-0.00369578
-0.0043582
-0.00512853
-0.00607001
-0.00715424
-0.00862529
-0.0104155
-0.0132823
-0.0173251
-0.0242366
-0.0292113
-0.0288314
0.00593493
-0.000906135
-0.00415868
-0.00362995
-0.00427909
-0.00398734
-0.00417681
-0.00427959
-0.00467026
-0.00513486
-0.00577206
-0.00664718
-0.00749097
-0.00893778
-0.0103915
-0.013039
-0.0167826
-0.0224805
-0.022291
-0.0119974
0.0449494
-0.0150436
-0.00234241
-0.00164468
-0.00144482
-0.00158611
-0.00193394
-0.00250095
-0.00312059
-0.00394608
-0.00472414
-0.00579483
-0.00694036
-0.0082281
-0.00995198
-0.0116626
-0.0126143
-0.0113987
0.00554773
0.046899
0.142555
2.53318e-05
2.08247e-05
5.3322e-05
0.000107532
0.000188865
0.000297887
0.000435907
0.000604145
0.00080335
0.00103343
0.00129295
0.00157855
0.00188432
0.00220141
0.00251735
0.00281609
0.00307902
0.00328359
0.00342206
0.0034511
3.04241e-05
2.53202e-05
5.78955e-05
0.000110545
0.000189577
0.00029568
0.000430403
0.000595219
0.000791181
0.00101857
0.00127641
0.00156162
0.00186883
0.00218987
0.00251227
0.00281967
0.00309257
0.00330668
0.00345391
0.00348533
-4.74568e-06
-1.20142e-05
1.9242e-05
6.96914e-05
0.000146219
0.000249648
0.000381902
0.000544953
0.000740477
0.000969503
0.00123189
0.00152589
0.00184714
0.00218752
0.00253467
0.00287116
0.00317522
0.00341776
0.00358727
0.00362513
-6.45832e-05
-7.3794e-05
-4.45271e-05
2.65426e-06
7.53294e-05
0.000174571
0.000302876
0.000462972
0.000657521
0.000888775
0.00115805
0.00146502
0.00180693
0.00217748
0.00256455
0.00294943
0.00330631
0.00359834
0.0038072
0.00386042
-0.000152829
-0.000164481
-0.000138013
-9.52644e-05
-2.78593e-05
6.55908e-05
0.000188301
0.000343976
0.000536589
0.000770089
0.00104787
0.00137199
0.00174221
0.00215451
0.0025981
0.00305351
0.00349089
0.00386214
0.00413543
0.00421907
-0.000268182
-0.0002829
-0.000260184
-0.000223379
-0.000163215
-7.79793e-05
3.63519e-05
0.000184607
0.000372334
0.000605631
0.000890697
0.00123298
0.00163598
0.00210021
0.00261795
0.00317057
0.00372421
0.00421766
0.00459388
0.00473802
-0.00040932
-0.000427835
-0.000410016
-0.000381069
-0.000330762
-0.000257121
-0.000155308
-1.93102e-05
0.000158172
0.000385757
0.000673172
0.00103055
0.00146669
0.00198915
0.0025971
0.00327662
0.00399226
0.00467126
0.00521265
0.00548155
-0.000574632
-0.000597768
-0.000586144
-0.000567326
-0.000530103
-0.000472397
-0.000388683
-0.000271872
-0.000112929
9.9441e-05
0.000379016
0.000741961
0.00120609
0.00178377
0.00249156
0.00332651
0.00425937
0.00521335
0.00602285
0.00655568
-0.000761994
-0.000790613
-0.000786535
-0.000780346
-0.000759898
-0.000723312
-0.000664678
-0.000576173
-0.000447381
-0.000264625
-1.02625e-05
0.000337956
0.000806702
0.0014255
0.00222861
0.00323674
0.00444536
0.00579459
0.00702469
0.00815344
-0.000968718
-0.00100367
-0.00100832
-0.00101726
-0.00101745
-0.00100767
-0.000982157
-0.000932975
-0.000849094
-0.000715327
-0.000510962
-0.000207919
0.000231661
0.000857018
0.00171785
0.0028761
0.00439004
0.00626165
0.00815093
0.0105305
-0.00119161
-0.00123374
-0.00124786
-0.00127405
-0.00129838
-0.001321
-0.00133698
-0.00133924
-0.00131751
-0.00125698
-0.00113644
-0.000925769
-0.000581775
-4.31881e-05
0.000772196
0.00196492
0.00372501
0.00619444
0.00896616
0.0135516
-0.00142686
-0.00147618
-0.00149893
-0.00154322
-0.00159451
-0.00165478
-0.00172039
-0.00178606
-0.00184392
-0.00188211
-0.00188277
-0.00181915
-0.00165098
-0.00131543
-0.0007165
0.000285398
0.00195112
0.00468926
0.00784566
0.0153379
-0.00167397
-0.00173946
-0.00177045
-0.00183809
-0.001915
-0.00201164
-0.00212788
-0.00226347
-0.00241553
-0.00257815
-0.00274175
-0.00289225
-0.00300891
-0.00305978
-0.00300374
-0.00280468
-0.00223426
-0.000443553
0.000889939
0.0104591
-0.00191393
-0.00196227
-0.00199183
-0.0020586
-0.00216204
-0.00230646
-0.00249202
-0.0027171
-0.00298151
-0.00328673
-0.00363703
-0.00404037
-0.00451291
-0.00508568
-0.00586007
-0.00703691
-0.00878623
-0.00929233
-0.0101257
-0.000449313
-0.00218467
-0.00231759
-0.00233824
-0.00247163
-0.00258456
-0.00275434
-0.00296977
-0.00324707
-0.00359666
-0.00403265
-0.00457454
-0.00525925
-0.00615546
-0.00737786
-0.00923087
-0.0121273
-0.0172972
-0.021257
-0.0225152
-0.0128457
-0.00252403
-0.00245132
-0.00243521
-0.0024371
-0.00255573
-0.00276662
-0.00307104
-0.00346293
-0.00394903
-0.00454169
-0.00527306
-0.00619151
-0.00742524
-0.00909667
-0.011839
-0.0158956
-0.0240445
-0.030516
-0.0346541
-0.0213516
-0.00238322
-0.00293673
-0.00289899
-0.00320449
-0.00326827
-0.00347899
-0.00372527
-0.0040904
-0.00457003
-0.00519925
-0.00599969
-0.00702557
-0.0084695
-0.0102952
-0.0136638
-0.0178797
-0.0276142
-0.0350516
-0.0402012
-0.0172114
-0.00427545
-0.00302125
-0.00284707
-0.00241386
-0.00247903
-0.00273413
-0.00315576
-0.00369578
-0.0043582
-0.00512853
-0.00607001
-0.00715424
-0.00862529
-0.0104155
-0.0132823
-0.0173251
-0.0242366
-0.0292113
-0.0288314
0.00593492
-0.000906132
-0.00415868
-0.00362995
-0.00427909
-0.00398734
-0.00417681
-0.00427959
-0.00467026
-0.00513486
-0.00577205
-0.00664718
-0.00749097
-0.00893777
-0.0103915
-0.013039
-0.0167826
-0.0224805
-0.022291
-0.0119974
0.0449494
-0.0150436
-0.00234241
-0.00164468
-0.00144482
-0.00158611
-0.00193394
-0.00250095
-0.00312059
-0.00394607
-0.00472414
-0.00579483
-0.00694035
-0.0082281
-0.00995199
-0.0116626
-0.0126143
-0.0113987
0.00554772
0.046899
0.142555
2.44746e-05
1.99534e-05
5.24217e-05
0.000106581
0.000187834
0.000296738
0.000434592
0.000602603
0.000801508
0.0010312
0.00129024
0.00157526
0.00188034
0.00219666
0.00251175
0.00280963
0.00307176
0.00327565
0.00341364
0.00344249
2.95489e-05
2.44326e-05
5.69786e-05
0.000109577
0.000188527
0.000294509
0.000429062
0.000593646
0.000789299
0.00101629
0.00127363
0.00155822
0.0018647
0.00218491
0.0025064
0.00281287
0.00308486
0.00329821
0.0034449
0.0034761
-5.68003e-06
-1.29613e-05
1.82652e-05
6.86625e-05
0.000145106
0.000248411
0.000380486
0.000543292
0.000738486
0.000967079
0.00122891
0.00152221
0.00184264
0.00218206
0.00252812
0.00286348
0.00316643
0.00340801
0.00357682
0.00361439
-6.56103e-05
-7.48342e-05
-4.5597e-05
1.53159e-06
7.41205e-05
0.000173233
0.000301349
0.000461182
0.000655371
0.000886144
0.00115479
0.00146097
0.00180188
0.00217126
0.00255697
0.00294039
0.00329581
0.00358654
0.00379443
0.00384724
-0.000153983
-0.000165648
-0.000139209
-9.65132e-05
-2.91952e-05
6.41213e-05
0.000186635
0.000342027
0.000534246
0.000767207
0.00104427
0.00136745
0.00173647
0.00214731
0.00258917
0.00304266
0.00347804
0.00384747
0.00411935
0.00420237
-0.000269501
-0.000284232
-0.000261543
-0.000224787
-0.000164708
-7.96058e-05
3.45233e-05
0.000182482
0.000369785
0.000602488
0.000886737
0.00122793
0.00162949
0.0020919
0.00260743
0.0031575
0.0037084
0.00419925
0.00457341
0.00471659
-0.000410846
-0.000429375
-0.000411577
-0.000382672
-0.000332443
-0.000258928
-0.000157311
-2.16108e-05
0.000155433
0.000382384
0.000668903
0.00102504
0.00145949
0.00197976
0.00258493
0.00326111
0.00397304
0.00464834
0.00518667
0.00545406
-0.000576419
-0.000599567
-0.000587957
-0.00056917
-0.000532007
-0.000474407
-0.000390867
-0.000274331
-0.00011581
9.59271e-05
0.000374574
0.000736185
0.00119845
0.00177356
0.00247798
0.00330869
0.0042366
0.00518542
0.00599036
0.00652084
-0.000764109
-0.00079274
-0.000788662
-0.000782485
-0.00076207
-0.000725553
-0.000667046
-0.000578759
-0.000450325
-0.000268136
-1.46466e-05
0.000332259
0.000799079
0.00141513
0.00221437
0.00321736
0.00441961
0.00576179
0.00698516
0.00811025
-0.000971247
-0.00100621
-0.00101085
-0.00101977
-0.00101995
-0.00101018
-0.000984722
-0.000935658
-0.000852006
-0.000718647
-0.000514968
-0.000213039
0.000224782
0.000847444
0.0017043
0.00285674
0.00436297
0.00622552
0.00810453
0.010479
-0.00119466
-0.0012368
-0.00125088
-0.00127702
-0.00130129
-0.00132384
-0.00133977
-0.001342
-0.0013203
-0.0012599
-0.00113968
-0.000929666
-0.000586878
-5.03979e-05
0.000761628
0.00194883
0.0037005
0.00615925
0.00891527
0.0134933
-0.00143056
-0.00147989
-0.00150258
-0.00154678
-0.00159795
-0.00165806
-0.00172348
-0.00178893
-0.00184655
-0.00188448
-0.00188492
-0.0018212
-0.0016532
-0.00131838
-0.000721268
0.000276917
0.0019351
0.00466259
0.00779567
0.0152755
-0.00167843
-0.00174392
-0.00177482
-0.00184231
-0.00191905
-0.00201544
-0.00213136
-0.00226652
-0.00241802
-0.0025799
-0.00274257
-0.00289191
-0.00300721
-0.00305664
-0.00299918
-0.00279924
-0.00223133
-0.000445473
0.000854389
0.0104066
-0.00191938
-0.00196781
-0.00199726
-0.00206386
-0.00216706
-0.00231114
-0.0024962
-0.00272061
-0.0029841
-0.00328807
-0.00363668
-0.00403772
-0.00450713
-0.00507573
-0.00584411
-0.00701227
-0.00875085
-0.00925144
-0.0101286
-0.000470428
-0.00219096
-0.00232387
-0.00234448
-0.00247764
-0.00259036
-0.00275975
-0.00297463
-0.00325114
-0.00359957
-0.00403388
-0.00457338
-0.00525464
-0.0061458
-0.0073611
-0.00920293
-0.0120809
-0.0172216
-0.0211578
-0.0224554
-0.0128088
-0.00253195
-0.00245934
-0.00244307
-0.00244475
-0.0025631
-0.00277353
-0.00307732
-0.00346824
-0.00395293
-0.00454357
-0.00527204
-0.00618631
-0.00741351
-0.0090761
-0.0118032
-0.0158352
-0.0239344
-0.0303575
-0.0345278
-0.0212372
-0.00239049
-0.00294419
-0.00290699
-0.00321228
-0.00327619
-0.00348661
-0.00373253
-0.00409691
-0.00457529
-0.00520261
-0.00600012
-0.00702187
-0.00845882
-0.0102759
-0.0136292
-0.0178302
-0.0274932
-0.0349141
-0.0401471
-0.0169818
-0.00428628
-0.00303199
-0.00285743
-0.00242384
-0.00248883
-0.0027437
-0.00316496
-0.00370428
-0.00436543
-0.00513392
-0.00607238
-0.0071528
-0.00861661
-0.0103987
-0.013252
-0.0172732
-0.0241502
-0.0290883
-0.0287473
0.0059708
-0.000910487
-0.00416439
-0.00363766
-0.00428686
-0.00399611
-0.00418593
-0.00428932
-0.0046802
-0.00514425
-0.00578036
-0.00665307
-0.00749389
-0.00893412
-0.0103813
-0.0130188
-0.016753
-0.0224439
-0.0222373
-0.0120057
0.0448721
-0.015053
-0.00235111
-0.00165396
-0.00145481
-0.00159657
-0.00194504
-0.00251228
-0.00313225
-0.00395666
-0.00473371
-0.00580151
-0.00694338
-0.00822522
-0.00994153
-0.0116434
-0.012587
-0.0113751
0.00556603
0.0468486
0.142451
2.27912e-05
1.82467e-05
5.06632e-05
0.000104732
0.000185836
0.000294518
0.000432058
0.000599637
0.000797969
0.00102692
0.00128503
0.00156892
0.00187268
0.00218749
0.00250096
0.00279718
0.00305774
0.00326031
0.00339736
0.00342586
2.78273e-05
2.26908e-05
5.51844e-05
0.00010769
0.000186488
0.000292245
0.000426476
0.000590617
0.000785679
0.00101191
0.00126828
0.00155167
0.00185675
0.00217535
0.00249507
0.00279972
0.00306997
0.00328185
0.00342746
0.00345824
-7.51993e-06
-1.48221e-05
1.63513e-05
6.66544e-05
0.000142943
0.000246013
0.000377752
0.00054009
0.000734652
0.000962414
0.00122318
0.00151515
0.00183396
0.00217151
0.00251547
0.00284861
0.00314938
0.0033891
0.00355652
0.00359352
-6.7635e-05
-7.68804e-05
-4.76964e-05
-6.63385e-07
7.17654e-05
0.000170634
0.000298395
0.000457725
0.000651224
0.000881071
0.00114851
0.00145315
0.00179213
0.00215921
0.00254228
0.00292283
0.00327536
0.00356353
0.00376948
0.00382147
-0.000156259
-0.000167946
-0.000141559
-9.89577e-05
-3.1802e-05
6.1263e-05
0.000183402
0.000338255
0.000529715
0.000761637
0.00103731
0.00135867
0.00172535
0.00213331
0.00257177
0.00302146
0.00345288
0.00381866
0.00408773
0.00416948
-0.000272101
-0.000286854
-0.000264212
-0.000227546
-0.000167625
-8.27751e-05
3.09691e-05
0.000178359
0.000364844
0.000596395
0.000879055
0.0012181
0.00161685
0.00207568
0.00258684
0.00313183
0.00367724
0.00416284
0.0045328
0.00467398
-0.000413855
-0.000432405
-0.000414646
-0.000385818
-0.000335732
-0.000262454
-0.000161213
-2.60852e-05
0.000150109
0.000375828
0.000660594
0.00101428
0.00144541
0.00196134
0.00256097
0.00323046
0.00393486
0.00460259
0.00513459
0.00539874
-0.000579944
-0.000603112
-0.000591524
-0.00057279
-0.000535739
-0.000478337
-0.00039513
-0.000279125
-0.000121426
8.90743e-05
0.000365898
0.000724877
0.00118343
0.00175344
0.00245108
0.00327323
0.004191
0.00512911
0.00592441
0.00644962
-0.000768285
-0.000796932
-0.000792853
-0.000786691
-0.000766335
-0.000729946
-0.000671682
-0.000583818
-0.000456083
-0.000275007
-2.32398e-05
0.000321062
0.000784048
0.00139458
0.002186
0.00317851
0.00436756
0.00569489
0.0069038
0.00802025
-0.000976247
-0.00101122
-0.00101583
-0.00102471
-0.00102487
-0.00101512
-0.000989758
-0.000940923
-0.00085772
-0.000725165
-0.000522848
-0.000223143
0.000211143
0.00082832
0.00167709
0.00281765
0.00430779
0.00615097
0.00800752
0.0103692
-0.0012007
-0.00124286
-0.00125685
-0.00128289
-0.00130703
-0.00132946
-0.00134528
-0.00134745
-0.0013258
-0.00126566
-0.00114608
-0.000937373
-0.000596995
-6.47521e-05
0.000740122
0.00191623
0.00365026
0.006086
0.00880724
0.0133662
-0.00143791
-0.00148726
-0.00150983
-0.00155384
-0.00160476
-0.00166457
-0.00172961
-0.00179462
-0.00185175
-0.00188918
-0.00188917
-0.00182524
-0.00165754
-0.00132409
-0.000730269
0.000260071
0.00190246
0.00460764
0.00769025
0.0151404
-0.00168736
-0.00175281
-0.00178354
-0.00185073
-0.0019271
-0.00202301
-0.00213829
-0.0022726
-0.00242297
-0.00258339
-0.00274417
-0.00289118
-0.00300367
-0.00304995
-0.00298921
-0.00278706
-0.00222404
-0.000445116
0.000781704
0.0102978
-0.00193037
-0.00197893
-0.00200814
-0.00207442
-0.00217713
-0.0023205
-0.00250459
-0.00272766
-0.00298933
-0.00329081
-0.00363602
-0.0040324
-0.00449538
-0.00505519
-0.00581085
-0.00696139
-0.00868366
-0.0091593
-0.0101332
-0.000507084
-0.00220373
-0.00233664
-0.00235715
-0.00248979
-0.00260208
-0.00277066
-0.00298443
-0.00325933
-0.00360545
-0.00403644
-0.00457114
-0.00524543
-0.0061262
-0.00732663
-0.00914459
-0.0119826
-0.0170583
-0.0209349
-0.0223229
-0.0127303
-0.00254815
-0.00247571
-0.0024591
-0.00246033
-0.0025781
-0.00278762
-0.00309011
-0.00347911
-0.00396099
-0.00454761
-0.00527025
-0.00617615
-0.00739002
-0.00903426
-0.0117287
-0.0157081
-0.0236951
-0.0300016
-0.0342332
-0.0210507
-0.0024057
-0.00295973
-0.00292367
-0.00322843
-0.00329256
-0.00350234
-0.00374751
-0.00411033
-0.00458625
-0.00520971
-0.0060014
-0.00701502
-0.00843787
-0.0102376
-0.013558
-0.0177265
-0.0272315
-0.0345617
-0.0398152
-0.0168448
-0.00430904
-0.00305438
-0.00287903
-0.00244456
-0.00250922
-0.00276363
-0.00318413
-0.00372201
-0.00438062
-0.0051454
-0.00607787
-0.00715089
-0.00860038
-0.0103664
-0.0131927
-0.0171713
-0.0239752
-0.0288304
-0.0285753
0.00596361
-0.000919865
-0.00417629
-0.00365406
-0.00430329
-0.00401472
-0.0042053
-0.00430997
-0.00470123
-0.0051642
-0.00579799
-0.00666576
-0.00750119
-0.00892791
-0.0103632
-0.0129805
-0.0166974
-0.0223755
-0.0221418
-0.0120488
0.0446775
-0.0150731
-0.00236987
-0.00167404
-0.00147646
-0.00161925
-0.00196895
-0.00253656
-0.003157
-0.00397911
-0.00475403
-0.00581585
-0.00695062
-0.00822062
-0.00992216
-0.0116084
-0.0125361
-0.0113359
0.00558722
0.0467149
0.142211
2.03779e-05
1.58109e-05
4.81637e-05
0.000102117
0.000183025
0.000291407
0.000428514
0.000595495
0.00079303
0.00102095
0.00127775
0.00156005
0.00186194
0.00217462
0.00248578
0.00277963
0.00303795
0.00323867
0.00337438
0.00340239
2.53478e-05
2.01931e-05
5.26219e-05
0.000105011
0.000183609
0.00028906
0.00042285
0.000586378
0.00078062
0.00100577
0.00126079
0.0015425
0.0018456
0.0021619
0.00247912
0.00278116
0.00304892
0.00325869
0.00340278
0.00343297
-1.01803e-05
-1.75013e-05
1.36065e-05
6.37909e-05
0.000139873
0.000242627
0.000373906
0.000535596
0.000729279
0.000955877
0.00121514
0.00150523
0.00182176
0.00215662
0.00249758
0.00282754
0.00312518
0.00336219
0.0035276
0.00356379
-7.05745e-05
-7.98392e-05
-5.07211e-05
-3.80826e-06
6.84087e-05
0.000166948
0.000294221
0.000452855
0.00064539
0.000873938
0.00113967
0.00144211
0.00177835
0.00214212
0.00252139
0.00289778
0.00324611
0.00353054
0.00373363
0.0037844
-0.000159572
-0.000171279
-0.000144955
-0.000102473
-3.55322e-05
5.7192e-05
0.000178816
0.000332918
0.000523317
0.000753772
0.00102746
0.00134622
0.00170955
0.00211336
0.00254688
0.00299098
0.00341656
0.00377693
0.00404176
0.00412158
-0.00027589
-0.000290663
-0.00026808
-0.000231525
-0.000171814
-8.73064e-05
2.59061e-05
0.000172502
0.000357834
0.00058775
0.000868141
0.00120411
0.00159878
0.0020524
0.00255713
0.00309459
0.0036318
0.00410944
0.00447297
0.00461094
-0.000418247
-0.000436815
-0.000419101
-0.000390366
-0.00034047
-0.000267515
-0.000166794
-3.2471e-05
0.000142519
0.000366478
0.000648722
0.00099887
0.00142514
0.00193467
0.00252608
0.00318554
0.00387849
0.00453454
0.0050566
0.00531532
-0.000585094
-0.000608276
-0.000596712
-0.000578037
-0.000541132
-0.000484
-0.000401255
-0.000286002
-0.000129475
7.92455e-05
0.000353425
0.000708559
0.00116165
0.00172407
0.00241153
0.00322066
0.0041228
0.00504399
0.00582379
0.00633955
-0.000774397
-0.000803053
-0.000798963
-0.000792805
-0.00077252
-0.0007363
-0.000678374
-0.000591112
-0.000464382
-0.000284922
-3.56769e-05
0.000304782
0.000762058
0.00136429
0.00214385
0.00312027
0.00428863
0.00559193
0.00677681
0.00787689
-0.000983587
-0.00101857
-0.00102311
-0.00103191
-0.00103203
-0.0010223
-0.000997065
-0.000948556
-0.000866008
-0.000734635
-0.000534335
-0.000237944
0.000191037
0.000799948
0.00163638
0.00275845
0.00422295
0.00603423
0.00785252
0.010188
-0.00120961
-0.00125176
-0.00126563
-0.00129149
-0.00131544
-0.00133767
-0.00135331
-0.00135539
-0.00133383
-0.00127409
-0.00115549
-0.000948728
-0.000611968
-8.61067e-05
0.000708311
0.00186685
0.00357266
0.00597013
0.00863138
0.0131506
-0.00144882
-0.00149818
-0.00152054
-0.00156426
-0.00161481
-0.00167414
-0.00173862
-0.00180299
-0.00185942
-0.00189613
-0.00189549
-0.00183122
-0.0016639
-0.00133234
-0.000743485
0.000235867
0.00185424
0.00452414
0.00752255
0.0149173
-0.00170073
-0.00176609
-0.00179655
-0.00186324
-0.00193904
-0.00203421
-0.00214853
-0.0022816
-0.00243036
-0.00258864
-0.00274666
-0.00289011
-0.00299808
-0.00303888
-0.00297157
-0.00276256
-0.00220158
-0.000426737
0.000677825
0.0101443
-0.00194701
-0.00199572
-0.00202455
-0.00209027
-0.00219224
-0.00233456
-0.00251719
-0.00273828
-0.00299726
-0.0032951
-0.00363526
-0.00402455
-0.0044774
-0.00502268
-0.00575528
-0.00686989
-0.0085452
-0.00897006
-0.0101168
-0.000519044
-0.00222343
-0.0023563
-0.00237658
-0.00250834
-0.0026199
-0.00278718
-0.00299924
-0.00327173
-0.00361443
-0.0040405
-0.00456807
-0.00523177
-0.00609631
-0.00727262
-0.00904969
-0.0118165
-0.0167715
-0.0205247
-0.022079
-0.0125564
-0.00257335
-0.00250106
-0.00248387
-0.00248432
-0.00260121
-0.00280933
-0.00310984
-0.00349593
-0.00397361
-0.00455426
-0.00526825
-0.00616157
-0.00735494
-0.00897024
-0.0116105
-0.0155016
-0.0232898
-0.0294021
-0.033743
-0.0207389
-0.00243041
-0.00298473
-0.00295041
-0.00325412
-0.00331843
-0.00352705
-0.00377091
-0.00413127
-0.00460342
-0.00522114
-0.00600429
-0.00700608
-0.00840769
-0.0101814
-0.0134486
-0.0175642
-0.0268208
-0.0340136
-0.0393588
-0.0166263
-0.0043461
-0.00309032
-0.00291368
-0.00247754
-0.0025418
-0.00279543
-0.00321466
-0.00375021
-0.00440488
-0.00516407
-0.00608778
-0.0071504
-0.008579
-0.0103223
-0.0131085
-0.0170285
-0.0237241
-0.028467
-0.0283831
0.00588864
-0.000936242
-0.0041957
-0.00368129
-0.00433031
-0.00404541
-0.00423715
-0.00434374
-0.00473545
-0.00519705
-0.00582577
-0.00668651
-0.0075158
-0.00892116
-0.0103418
-0.0129284
-0.0166256
-0.0222858
-0.022041
-0.0121785
0.0443091
-0.0151069
-0.00240212
-0.00170883
-0.00151403
-0.00165841
-0.00200975
-0.00257732
-0.00319791
-0.00401561
-0.00478729
-0.00583916
-0.00696484
-0.00821612
-0.00989787
-0.0115577
-0.0124745
-0.0112944
0.00557271
0.0464524
0.141777
1.73721e-05
1.28036e-05
4.5095e-05
9.89337e-05
0.000179624
0.000287662
0.000424264
0.000590537
0.000787119
0.00101379
0.00126902
0.00154939
0.00184899
0.00215906
0.00246738
0.00275833
0.0030139
0.00321234
0.00334642
0.00337387
2.22283e-05
1.70782e-05
4.9445e-05
0.000101718
0.000180096
0.0002852
0.000418477
0.000581285
0.000774549
0.000998419
0.00125179
0.00153147
0.00183213
0.00214563
0.00245976
0.00275859
0.00302328
0.00323046
0.00337267
0.00340216
-1.35493e-05
-2.0865e-05
1.01803e-05
6.02481e-05
0.000136105
0.000238501
0.000369243
0.000530171
0.000722806
0.000948005
0.00120545
0.00149325
0.00180697
0.00213853
0.00247577
0.00280177
0.00309551
0.00332913
0.00349203
0.00352722
-7.43223e-05
-8.35808e-05
-5.45251e-05
-7.72934e-06
6.42566e-05
0.000162422
0.000289127
0.00044694
0.000638324
0.000865304
0.00112895
0.00142871
0.00176156
0.00212123
0.00249574
0.00286691
0.00320992
0.00348957
0.00368901
0.00373822
-0.000163811
-0.000175511
-0.000149248
-0.00010688
-4.01739e-05
5.21624e-05
0.000173184
0.000326397
0.000515519
0.000744194
0.00101546
0.00133101
0.00169016
0.00208877
0.00251603
0.00295303
0.00337106
0.0037244
0.00398368
0.00406088
-0.000280751
-0.000295513
-0.000272984
-0.000236535
-0.000177053
-9.29362e-05
1.9652e-05
0.000165299
0.000349236
0.000577152
0.000854743
0.00118688
0.00157642
0.00202343
0.00251992
0.00304764
0.00357408
0.00404115
0.00439599
0.00452942
-0.000423886
-0.000442439
-0.000424764
-0.000396113
-0.000346422
-0.000273837
-0.000173731
-4.03758e-05
0.000133145
0.000354931
0.000634031
0.000979717
0.0013998
0.00190113
0.00248187
0.00312812
0.00380578
0.00444587
0.00495413
0.00520466
-0.000591715
-0.000614875
-0.000603323
-0.000584689
-0.000547936
-0.00049111
-0.000408915
-0.000294572
-0.00013949
6.70092e-05
0.000337855
0.000688095
0.00113418
0.00168666
0.0023607
0.00315245
0.00403327
0.00493075
0.0056884
0.00618894
-0.00078227
-0.000810893
-0.000806771
-0.000800585
-0.000780359
-0.000744324
-0.000686797
-0.00060027
-0.000474795
-0.000297377
-5.1355e-05
0.000284134
0.000733917
0.00132514
0.00208881
0.00304343
0.00418308
0.00545189
0.00660114
0.0076729
-0.000993072
-0.001028
-0.00103245
-0.00104113
-0.00104116
-0.00103143
-0.00100633
-0.000958219
-0.000876501
-0.00074665
-0.000548972
-0.000256936
0.000164972
0.000762685
0.00158225
0.0026791
0.00410743
0.00587165
0.00763162
0.00991839
-0.00122119
-0.00126328
-0.00127696
-0.00130255
-0.00132623
-0.00134817
-0.00136358
-0.00136554
-0.0013441
-0.00128491
-0.00116761
-0.000963468
-0.000631575
-0.000114402
0.000665608
0.00180017
0.00346577
0.00580588
0.00837403
0.0128171
-0.00146312
-0.00151242
-0.0015345
-0.00157777
-0.0016278
-0.0016865
-0.00175024
-0.00181379
-0.00186935
-0.00190519
-0.0019038
-0.0018391
-0.0016722
-0.00134278
-0.000760028
0.000204362
0.00178935
0.00440865
0.00728203
0.0145741
-0.00171845
-0.0017836
-0.00181365
-0.0018796
-0.00195462
-0.00204877
-0.00216185
-0.00229334
-0.00244004
-0.00259563
-0.00275008
-0.00288877
-0.0029905
-0.00302317
-0.00294511
-0.00272339
-0.00215957
-0.00037916
0.000543206
0.009932
-0.00196942
-0.00201816
-0.00204642
-0.00211135
-0.00221231
-0.00235319
-0.0025339
-0.0027524
-0.00300792
-0.00330104
-0.00363468
-0.00401462
-0.00445373
-0.0049785
-0.00567768
-0.00673791
-0.00833969
-0.00865975
-0.0100847
-0.000490775
-0.00225068
-0.00238341
-0.00240321
-0.00253353
-0.00264393
-0.00280932
-0.00301902
-0.00328828
-0.00362653
-0.00404626
-0.00456458
-0.00521433
-0.00605681
-0.00719915
-0.00891648
-0.0115753
-0.0163418
-0.0198729
-0.0217045
-0.0122584
-0.00260853
-0.00253617
-0.00251807
-0.00251727
-0.00263296
-0.00283912
-0.00313691
-0.00351909
-0.00399126
-0.00456416
-0.00526698
-0.006144
-0.00731008
-0.00888565
-0.0114484
-0.0152095
-0.02269
-0.0285251
-0.0330256
-0.020268
-0.00246745
-0.00302182
-0.00298962
-0.00329137
-0.00335548
-0.003562
-0.00380362
-0.00416035
-0.00462741
-0.00523753
-0.00600977
-0.00699685
-0.00837106
-0.0101116
-0.0133051
-0.0173447
-0.0262655
-0.0332878
-0.0387762
-0.016412
-0.00440098
-0.0031423
-0.00296379
-0.00252485
-0.00258884
-0.00284132
-0.0032586
-0.0037906
-0.00443964
-0.00519173
-0.00610403
-0.00715422
-0.00855769
-0.0102738
-0.0130129
-0.0168663
-0.0234331
-0.0280551
-0.0282836
0.00564354
-0.000965845
-0.00422675
-0.00372426
-0.00437248
-0.00409283
-0.00428585
-0.00439456
-0.00478529
-0.00524325
-0.00586877
-0.00671749
-0.00754129
-0.00891768
-0.0103242
-0.0128761
-0.0165537
-0.0222111
-0.0219959
-0.0124978
0.0436632
-0.0151598
-0.0024535
-0.00176434
-0.00157372
-0.00172016
-0.00207277
-0.0026395
-0.00325833
-0.00406943
-0.00483594
-0.00587383
-0.00698791
-0.0082161
-0.00987511
-0.0115117
-0.0124151
-0.0112931
0.00546045
0.0459279
0.141029
1.39521e-05
9.45455e-06
4.17107e-05
9.54691e-05
0.000175954
0.000283645
0.000419716
0.000585234
0.000780785
0.0010061
0.0012596
0.00153783
0.00183489
0.00214206
0.00244722
0.00273494
0.00298745
0.00318339
0.00331569
0.00334263
1.85994e-05
1.35204e-05
4.58492e-05
9.80443e-05
0.000176221
0.000280981
0.000413731
0.00057578
0.000768001
0.000990483
0.00124207
0.00151952
0.00181748
0.00212786
0.00243854
0.00273379
0.00299504
0.00319936
0.0033395
0.00336832
-1.75125e-05
-2.47523e-05
6.25459e-06
5.62454e-05
0.000131899
0.000233941
0.000364134
0.000524261
0.000715778
0.000939467
0.00119493
0.0014802
0.00179081
0.00211868
0.00245174
0.00277327
0.0030626
0.00329241
0.00345246
0.00348663
-7.8777e-05
-8.79547e-05
-5.89377e-05
-1.22173e-05
5.95602e-05
0.000157359
0.000283484
0.000440434
0.000630588
0.00085587
0.00111724
0.00141402
0.00174308
0.00209814
0.00246724
0.00283242
0.00316933
0.00344349
0.00363869
0.00368616
-0.000168873
-0.000180487
-0.000154261
-0.000111965
-4.54711e-05
4.64831e-05
0.000166886
0.000319158
0.000506908
0.000733639
0.00100223
0.00131419
0.00166864
0.00206131
0.00248138
0.0029101
0.0033193
0.00366433
0.00391695
0.00399102
-0.000286562
-0.000301233
-0.000278734
-0.000242346
-0.000183072
-9.93437e-05
1.25958e-05
0.00015723
0.000339649
0.000565361
0.000839824
0.00116763
0.00155132
0.00199069
0.00247756
0.00299374
0.00350725
0.00396146
0.00430558
0.00443312
-0.000430629
-0.000449081
-0.000431422
-0.000402806
-0.000353299
-0.000281083
-0.000181623
-4.93142e-05
0.000122587
0.000341945
0.000617486
0.000958058
0.00137095
0.00186267
0.00243073
0.00306105
0.00371992
0.00433999
0.00483063
0.00506975
-0.000599633
-0.000622678
-0.000611113
-0.000592467
-0.000555841
-0.000499318
-0.000417704
-0.000304359
-0.000150892
5.30865e-05
0.0003201
0.000664643
0.00110246
0.00164307
0.00230082
0.00307121
0.00392525
0.00479201
0.00552043
0.00599816
-0.000791693
-0.000820181
-0.000815998
-0.000809721
-0.000789517
-0.000753652
-0.000696545
-0.000610834
-0.000486788
-0.000311734
-6.94913e-05
0.000260093
0.000700841
0.0012785
0.0020224
0.00294994
0.00405278
0.00527565
0.00637619
0.00740296
-0.00100445
-0.00103922
-0.00104354
-0.001052
-0.00105189
-0.00104211
-0.00101714
-0.000969487
-0.000888743
-0.000760707
-0.000566186
-0.000279459
0.000133662
0.000717047
0.00151443
0.00258036
0.0039618
0.00566185
0.00734034
0.00954312
-0.00123515
-0.00127704
-0.00129049
-0.00131569
-0.00133899
-0.00136057
-0.00137568
-0.00137752
-0.00135625
-0.0012978
-0.00118218
-0.000981338
-0.000655681
-0.000150226
0.000608506
0.00171628
0.00333
0.00559098
0.00802824
0.0123348
-0.00148053
-0.0015296
-0.00155131
-0.00159398
-0.00164334
-0.00170124
-0.00176409
-0.00182669
-0.00188129
-0.00191624
-0.00191412
-0.00184908
-0.00168252
-0.00135452
-0.000775028
0.000169525
0.00171305
0.00426833
0.00697894
0.0140946
-0.00174032
-0.00180501
-0.00183448
-0.00189939
-0.00197336
-0.00206626
-0.00217784
-0.00230749
-0.00245186
-0.00260443
-0.00275484
-0.00288784
-0.00298124
-0.00300159
-0.00290493
-0.00265931
-0.00207702
-0.000258719
0.00044657
0.0097391
-0.00199757
-0.00204603
-0.00207352
-0.00213736
-0.00223699
-0.00237609
-0.00255443
-0.00276984
-0.00302131
-0.003309
-0.00363502
-0.00400352
-0.00442462
-0.00492014
-0.00556626
-0.00653503
-0.00800067
-0.00809991
-0.00986556
-0.000193516
-0.00228622
-0.00241843
-0.00243731
-0.0025654
-0.00267398
-0.00283672
-0.00304331
-0.0033086
-0.00364155
-0.00405387
-0.0045613
-0.00519395
-0.00600794
-0.00710343
-0.0087325
-0.0112245
-0.015698
-0.0188034
-0.0209699
-0.0115237
-0.00265475
-0.00258167
-0.00256215
-0.0025595
-0.00267362
-0.0028772
-0.0031714
-0.00354862
-0.00401404
-0.00457777
-0.00526739
-0.00612482
-0.00725679
-0.00877995
-0.0112354
-0.0148051
-0.0218672
-0.0272251
-0.0318649
-0.0195151
-0.00252172
-0.0030757
-0.00304461
-0.0033426
-0.00340522
-0.00360794
-0.00384581
-0.00419721
-0.00465755
-0.00525862
-0.00601837
-0.00698884
-0.00833043
-0.0100308
-0.0131289
-0.0170624
-0.0255616
-0.0324213
-0.0379126
-0.0162593
-0.0044792
-0.00321383
-0.00303258
-0.00258959
-0.00265345
-0.0029039
-0.00331787
-0.00384444
-0.00448569
-0.00522864
-0.00612763
-0.0071645
-0.00854097
-0.0102271
-0.0129162
-0.0167103
-0.0231327
-0.0276838
-0.0282464
0.00508159
-0.00102418
-0.00427786
-0.00379189
-0.00443637
-0.00416296
-0.00435587
-0.00446539
-0.00485271
-0.00530486
-0.0059253
-0.00675714
-0.00758077
-0.00891946
-0.0103187
-0.0128296
-0.0165065
-0.0221537
-0.0221062
-0.0129582
0.0425994
-0.0152447
-0.00254033
-0.00185867
-0.00167296
-0.00181903
-0.00216939
-0.00273108
-0.00334425
-0.00414409
-0.00490341
-0.005921
-0.00702477
-0.00822252
-0.00986637
-0.0114645
-0.0124075
-0.0113291
0.0051502
0.0451458
0.139731
1.03251e-05
6.04328e-06
3.82989e-05
9.20394e-05
0.000172362
0.000279739
0.000415309
0.000580098
0.00077464
0.00099861
0.00125037
0.00152644
0.00182092
0.00212512
0.00242703
0.00271143
0.00296083
0.00315428
0.00328484
0.00331153
1.45502e-05
9.72024e-06
4.20466e-05
9.42377e-05
0.000172269
0.000276738
0.000409011
0.000570353
0.000761576
0.000982709
0.00123253
0.00150775
0.001803
0.00211022
0.00241737
0.00270895
0.0029667
0.00316816
0.00330623
0.00333463
-2.19997e-05
-2.89686e-05
2.03766e-06
5.20324e-05
0.000127543
0.000229292
0.000358995
0.000518379
0.000708829
0.00093105
0.00118456
0.0014673
0.00177476
0.00209887
0.00242763
0.00274455
0.00302931
0.00325524
0.00341239
0.00344576
-8.38846e-05
-9.27737e-05
-6.37561e-05
-1.70238e-05
5.46128e-05
0.000152111
0.000277722
0.000433875
0.000622857
0.000846487
0.0011056
0.00139939
0.0017246
0.00207491
0.00243839
0.00279733
0.00312782
0.00339624
0.00358698
0.00363284
-0.000174697
-0.000186001
-0.000159775
-0.00011746
-5.11095e-05
4.053e-05
0.000160381
0.000311774
0.000498205
0.00072303
0.00098895
0.00129727
0.0016469
0.00203339
0.00244589
0.00286582
0.00326555
0.00360166
0.00384708
0.00391784
-0.000293244
-0.000307581
-0.000285079
-0.000248659
-0.000189526
-0.000106121
5.23091e-06
0.000148906
0.000329848
0.000553368
0.000824672
0.00114805
0.00152566
0.00195695
0.00243354
0.00293725
0.00343661
0.00387661
0.00420876
0.00432941
-0.000438365
-0.000456454
-0.00043878
-0.000410107
-0.000360718
-0.00028881
-0.000189943
-5.864e-05
0.000111659
0.000328563
0.000600451
0.000935695
0.00134096
0.00182243
0.00237671
0.00298949
0.00362731
0.00422456
0.00469493
0.00491956
-0.000608692
-0.000631336
-0.000619731
-0.000600977
-0.000564413
-0.000508136
-0.000427057
-0.000314686
-0.000162848
3.85375e-05
0.000301544
0.00064005
0.00106903
0.00159665
0.00223639
0.00298281
0.00380619
0.00463686
0.00533071
0.00577739
-0.000802448
-0.000830487
-0.00082622
-0.000819747
-0.000799498
-0.000763743
-0.000707017
-0.000622114
-0.000499536
-0.000326968
-8.87642e-05
0.000234419
0.000665203
0.00122761
0.00194903
0.00284589
0.00390581
0.00507323
0.00611443
0.00707584
-0.00101743
-0.00105169
-0.00105584
-0.00106397
-0.00106365
-0.00105374
-0.00102887
-0.000981662
-0.000901954
-0.000775897
-0.00058486
-0.000304052
9.90902e-05
0.000665494
0.00143429
0.00246735
0.00379348
0.00541363
0.00699162
0.00906656
-0.0012511
-0.00129241
-0.00130557
-0.00133024
-0.00135306
-0.00137418
-0.00138893
-0.00139061
-0.00136959
-0.00131205
-0.00119846
-0.00100156
-0.000683517
-0.000194455
0.000515891
0.00161597
0.00316956
0.00533005
0.00760598
0.0117012
-0.00150056
-0.00154895
-0.00157023
-0.00161211
-0.00166063
-0.00171757
-0.00177939
-0.00184098
-0.00189466
-0.00192886
-0.00192629
-0.00186134
-0.00169553
-0.00136717
-0.000768788
0.00012923
0.00162151
0.00409626
0.00662722
0.0134657
-0.00176582
-0.00182939
-0.00185815
-0.00192166
-0.00199431
-0.0020857
-0.0021956
-0.00232329
-0.0024653
-0.00261486
-0.00276127
-0.00288867
-0.00297361
-0.00298027
-0.0028592
-0.00258545
-0.00196993
-9.57336e-05
0.000387364
0.00953057
-0.00203109
-0.0020784
-0.00210496
-0.00216736
-0.00226537
-0.00240231
-0.0025779
-0.00278985
-0.00303697
-0.003319
-0.0036372
-0.00399427
-0.00439735
-0.00486277
-0.00545216
-0.00631356
-0.00761555
-0.00740305
-0.00960359
0.000273839
-0.00233054
-0.0024612
-0.00247854
-0.00260335
-0.00270927
-0.0028685
-0.00307125
-0.00333188
-0.00365897
-0.00406335
-0.00455957
-0.00517478
-0.00595936
-0.00700477
-0.00853505
-0.0108249
-0.0149378
-0.017415
-0.0200589
-0.0105476
-0.00271171
-0.00263678
-0.00261536
-0.00261036
-0.0027226
-0.00292291
-0.00321262
-0.00358391
-0.00404174
-0.00459547
-0.00527153
-0.00610946
-0.00720796
-0.00867735
-0.0110191
-0.0143555
-0.0209486
-0.0256527
-0.0306012
-0.0186374
-0.00259701
-0.0031548
-0.00312002
-0.00341113
-0.00346973
-0.00366635
-0.00389853
-0.00424263
-0.00469491
-0.00528473
-0.00603133
-0.00698606
-0.00829849
-0.00996096
-0.0129725
-0.0167607
-0.0249006
-0.0316253
-0.0375308
-0.0162697
-0.00457857
-0.00330213
-0.0031185
-0.0026723
-0.00273729
-0.00298483
-0.00339351
-0.00391217
-0.00454421
-0.00527528
-0.00616082
-0.00718504
-0.00854647
-0.0102056
-0.0128847
-0.016635
-0.0230541
-0.0276781
-0.0291744
0.00412376
-0.00114257
-0.00437586
-0.00390116
-0.00454011
-0.00427067
-0.00445915
-0.00456683
-0.00494431
-0.00538907
-0.00599587
-0.00680628
-0.00763391
-0.00893806
-0.0103369
-0.0128456
-0.0165145
-0.0222701
-0.0225281
-0.0141445
0.041107
-0.0153562
-0.00266395
-0.00199541
-0.00181558
-0.00195873
-0.00230159
-0.00285533
-0.00345429
-0.00424251
-0.0049836
-0.00598523
-0.00706862
-0.00825318
-0.00988337
-0.0114827
-0.0124755
-0.0115765
0.00450201
0.0435429
0.137705
6.75027e-06
3.19459e-06
3.55498e-05
8.93943e-05
0.000169616
0.000276721
0.000411829
0.000575925
0.000769498
0.000992172
0.00124226
0.00151623
0.00180821
0.00210956
0.00240834
0.00268955
0.00293602
0.00312729
0.00325642
0.00328367
1.00041e-05
5.87234e-06
3.82754e-05
9.06023e-05
0.000168595
0.000272878
0.000404794
0.000565559
0.000755933
0.00097588
0.00122411
0.00149729
0.00179
0.00209425
0.00239808
0.0026862
0.00294068
0.00313963
0.00327597
0.00330488
-2.71726e-05
-3.33859e-05
-2.30044e-06
4.78444e-05
0.00012333
0.000224906
0.000354256
0.000513051
0.000702611
0.000923557
0.00117532
0.00145576
0.00176028
0.00208086
0.00240555
0.0027181
0.00299855
0.00322099
0.00337559
0.00340919
-8.98665e-05
-9.79565e-05
-6.88613e-05
-2.19632e-05
4.96572e-05
0.000146988
0.000272237
0.000427768
0.000615782
0.00083799
0.0010951
0.00138616
0.00170778
0.00205362
0.00241173
0.00276465
0.003089
0.0033521
0.00353875
0.00358409
-0.000181513
-0.000191975
-0.000165675
-0.000123186
-5.68523e-05
3.46068e-05
0.000154059
0.000304754
0.000490077
0.000713237
0.000976761
0.00128175
0.00162686
0.00200742
0.00241257
0.00282389
0.00321431
0.0035418
0.00378028
0.00384871
-0.000301012
-0.000314458
-0.000291886
-0.000255281
-0.000196167
-0.000112958
-2.04704e-06
0.000140839
0.000320505
0.000542067
0.000810483
0.00112973
0.00150158
0.00192497
0.00239137
0.00288256
0.00336759
0.00379321
0.0041132
0.0042272
-0.000447282
-0.000464423
-0.000446678
-0.000417797
-0.000368414
-0.000296696
-0.000198291
-6.7846e-05
0.000101023
0.000315673
0.000584133
0.000914305
0.00131217
0.00178339
0.00232373
0.00291839
0.0035341
0.00410699
0.00455566
0.00476337
-0.000619041
-0.000640668
-0.000628982
-0.000609971
-0.000573366
-0.000517232
-0.000436583
-0.000325071
-0.000174735
2.41864e-05
0.000283304
0.000615841
0.00103598
0.00155051
0.00217167
0.00289243
0.00368221
0.00447216
0.00512678
0.00553255
-0.000814633
-0.00084157
-0.000837189
-0.000830374
-0.000809986
-0.000774256
-0.000717832
-0.000633667
-0.000512504
-0.000342394
-0.00010825
0.00020842
0.000628992
0.00117558
0.00187384
0.00273603
0.00374651
0.00484783
0.00581761
0.00668311
-0.00103203
-0.00106508
-0.00106906
-0.00107671
-0.00107607
-0.00106597
-0.00104113
-0.00099436
-0.000915726
-0.000791759
-0.000604419
-0.000329858
6.30296e-05
0.000613139
0.00135587
0.00234524
0.00360352
0.00512254
0.00657513
0.00843988
-0.00126898
-0.00130892
-0.00132179
-0.00134576
-0.001368
-0.00138857
-0.00140292
-0.00140449
-0.00138385
-0.0013275
-0.0012164
-0.0010241
-0.000714036
-0.00023791
0.000456627
0.00150713
0.00298154
0.00500845
0.00708387
0.0108002
-0.00152306
-0.0015699
-0.00159073
-0.00163161
-0.00167912
-0.00173497
-0.0017957
-0.00185632
-0.00190929
-0.00194319
-0.00194099
-0.0018774
-0.00171462
-0.001393
-0.000813299
7.40374e-05
0.00151956
0.00389054
0.00623392
0.0125278
-0.00179477
-0.0018559
-0.0018838
-0.00194548
-0.00201656
-0.00210628
-0.00221445
-0.00234027
-0.00248017
-0.00262728
-0.00277058
-0.00289345
-0.00297093
-0.0029638
-0.00281541
-0.00248303
-0.00178787
0.000183218
0.000621689
0.00942502
-0.00207015
-0.00211471
-0.00214016
-0.00220078
-0.00229668
-0.00243104
-0.00260349
-0.00281178
-0.00305459
-0.00333137
-0.00364247
-0.00398826
-0.00437099
-0.00479683
-0.00529981
-0.00597932
-0.00695697
-0.00622794
-0.00844332
0.00164247
-0.00238517
-0.00251045
-0.00252531
-0.00264512
-0.00274707
-0.00290176
-0.00309997
-0.00335561
-0.00367697
-0.00407397
-0.00455952
-0.00515669
-0.0059073
-0.00688554
-0.00827154
-0.0102614
-0.0137615
-0.0151924
-0.0178735
-0.00804238
-0.00278398
-0.00270168
-0.00267809
-0.00267034
-0.00277967
-0.00297545
-0.00325917
-0.00362321
-0.0040725
-0.00461606
-0.00527869
-0.00609662
-0.007159
-0.00855986
-0.0107483
-0.0137655
-0.0196564
-0.0234135
-0.0278803
-0.0163807
-0.00272621
-0.00326116
-0.00321831
-0.00349533
-0.00354446
-0.00373044
-0.00395298
-0.00428609
-0.00472928
-0.00530883
-0.00604379
-0.00698413
-0.00827087
-0.00988831
-0.0128034
-0.0163954
-0.0240975
-0.0305699
-0.0358833
-0.0159563
-0.00471973
-0.00341327
-0.00323072
-0.00278377
-0.00284816
-0.00308811
-0.00348602
-0.00399124
-0.00460886
-0.00532509
-0.00619803
-0.00720887
-0.00857178
-0.0102027
-0.0129001
-0.0166111
-0.0230505
-0.0279114
-0.0294299
0.00244089
-0.00144668
-0.00456714
-0.00408698
-0.00469774
-0.00442252
-0.00459066
-0.00468237
-0.00503627
-0.00547193
-0.00606615
-0.00685179
-0.00768992
-0.00897093
-0.0103734
-0.0129155
-0.0165556
-0.0223711
-0.0231925
-0.0146649
0.0385402
-0.0156017
-0.00292209
-0.00226814
-0.00207562
-0.00219011
-0.00250317
-0.00303021
-0.00360042
-0.00436711
-0.005082
-0.00606923
-0.00711891
-0.00831538
-0.00994046
-0.0115448
-0.0126756
-0.0118093
0.00332874
0.0417733
0.133226
3.58514e-06
1.19883e-06
3.36467e-05
8.76302e-05
0.000167782
0.000274667
0.000409397
0.000572976
0.000765787
0.000987414
0.00123612
0.0015083
0.00179811
0.00209699
0.00239304
0.00267146
0.00291542
0.003105
0.00323316
0.00326224
5.13765e-06
2.34503e-06
3.48179e-05
8.73623e-05
0.000165399
0.000269619
0.000401343
0.000561754
0.00075156
0.000970664
0.00121771
0.00148932
0.00178001
0.00208188
0.00238301
0.00266828
0.00292009
0.00311716
0.00325224
0.00328284
-3.28009e-05
-3.75411e-05
-6.37922e-06
4.40279e-05
0.000119591
0.000221134
0.000350317
0.000508766
0.00069774
0.000917788
0.00116826
0.00144693
0.00174912
0.00206686
0.00238824
0.00269718
0.00297409
0.00319383
0.00334654
0.00338182
-9.64063e-05
-0.000102928
-7.37596e-05
-2.65722e-05
4.51533e-05
0.000142478
0.000267574
0.00042275
0.000610133
0.000831341
0.00108697
0.00137594
0.00169465
0.00203694
0.00239069
0.00273865
0.00305797
0.0033169
0.00350045
0.00354703
-0.000188922
-0.000197703
-0.000171345
-0.000128554
-6.21159e-05
2.93291e-05
0.000148602
0.000298883
0.000483464
0.000705433
0.000967178
0.00126966
0.0016113
0.00198693
0.002386
0.00279018
0.0031729
0.00349352
0.00372661
0.00379491
-0.00030939
-0.000321018
-0.000298408
-0.000261496
-0.000202285
-0.00011911
-8.42159e-06
0.00013397
0.00031275
0.000532875
0.000799099
0.00111516
0.00148248
0.00189931
0.00235725
0.002838
0.00331104
0.00372497
0.00403539
0.00414544
-0.00045682
-0.000471977
-0.000454217
-0.000425014
-0.000375534
-0.000303861
-0.000205712
-7.5835e-05
9.20028e-05
0.000304948
0.000570752
0.000897032
0.00129024
0.00175158
0.00228013
0.00285949
0.00345652
0.00400917
0.00444074
0.00463518
-0.000630018
-0.000649459
-0.000637774
-0.000618407
-0.000581677
-0.000525564
-0.000445165
-0.000334254
-0.00018505
1.1938e-05
0.000267899
0.000595365
0.00100686
0.00151196
0.0021174
0.00281606
0.00357706
0.0043326
0.00495611
0.00532592
-0.000827436
-0.00085195
-0.000847571
-0.000840329
-0.000819736
-0.000783939
-0.000727684
-0.000644058
-0.000524008
-0.0003559
-0.00012514
0.000185992
0.000597677
0.00113004
0.00180933
0.00264121
0.00360909
0.00465446
0.00557013
0.0063454
-0.00104722
-0.00107758
-0.00108153
-0.00108862
-0.00108761
-0.00107726
-0.00105239
-0.00100594
-0.000928195
-0.000806017
-0.000621884
-0.000352764
3.13454e-05
0.00056896
0.00128947
0.00223853
0.00343733
0.00486959
0.00623173
0.00789462
-0.00128738
-0.0013243
-0.00133706
-0.00136024
-0.00138184
-0.00140184
-0.00141578
-0.00141725
-0.00139698
-0.00134178
-0.00123306
-0.00104511
-0.00074239
-0.000276477
0.000414583
0.00140858
0.00280927
0.00471456
0.00665848
0.0100286
-0.00154602
-0.00158961
-0.0016102
-0.00165002
-0.0016964
-0.00175106
-0.00181071
-0.00187049
-0.00192297
-0.00195691
-0.0019556
-0.00189438
-0.00173685
-0.0014277
-0.000884098
-3.03797e-06
0.00139546
0.00364633
0.00594788
0.0117857
-0.00182406
-0.00188079
-0.00190809
-0.00196785
-0.00203722
-0.00212515
-0.00223162
-0.0023558
-0.00249409
-0.00263954
-0.00278114
-0.00290231
-0.00297793
-0.0029686
-0.00281521
-0.00245054
-0.00170026
0.000189455
0.000698815
0.00924946
-0.00211003
-0.00214964
-0.00217419
-0.00223305
-0.00232649
-0.00245808
-0.00262735
-0.00283224
-0.0030714
-0.00334417
-0.00365064
-0.0039907
-0.00436516
-0.00477553
-0.00524555
-0.00583719
-0.00664047
-0.00578936
-0.00815022
0.00274408
-0.00244245
-0.00256129
-0.00257342
-0.00268841
-0.00278522
-0.00293472
-0.00312798
-0.00337847
-0.00369427
-0.00408501
-0.0045631
-0.00515035
-0.00588609
-0.006834
-0.00815158
-0.009952
-0.0130251
-0.0138362
-0.0171112
-0.00596545
-0.00285754
-0.00276386
-0.0027389
-0.00272988
-0.00283558
-0.00302643
-0.00330351
-0.00366039
-0.00410169
-0.00463666
-0.00529002
-0.00609729
-0.00714997
-0.00851961
-0.0106494
-0.0134394
-0.0189431
-0.021967
-0.0273208
-0.0145676
-0.00288504
-0.00340491
-0.00333438
-0.00359946
-0.00363298
-0.00380711
-0.00401811
-0.00433996
-0.0047688
-0.00533408
-0.00605866
-0.00698974
-0.00828199
-0.00987158
-0.0128277
-0.0162319
-0.0240441
-0.0305719
-0.0377473
-0.0159827
-0.00481633
-0.00349442
-0.00332939
-0.00290542
-0.00297112
-0.00320046
-0.00358233
-0.00406994
-0.00467133
-0.0053705
-0.00623641
-0.00722904
-0.00864385
-0.0102607
-0.0131383
-0.0168187
-0.0239092
-0.029668
-0.0333247
0.000843425
-0.0019129
-0.0049753
-0.00439301
-0.00497361
-0.00467272
-0.00481003
-0.00487907
-0.00518694
-0.0055876
-0.00614742
-0.00690363
-0.0077325
-0.00905261
-0.0104226
-0.0131581
-0.0166696
-0.0229067
-0.0247272
-0.0176783
0.0365328
-0.0157441
-0.00316656
-0.00255123
-0.00233833
-0.00242764
-0.00271687
-0.00321918
-0.00375319
-0.00450127
-0.00516988
-0.00618141
-0.00714272
-0.00845875
-0.0100102
-0.0117974
-0.0129672
-0.0124066
0.00150173
0.0372567
0.127549
1.39363e-06
2.84078e-06
3.55806e-05
8.9856e-05
0.000169898
0.000276485
0.000410764
0.000573614
0.000765519
0.000985999
0.00123327
0.00150375
0.00179141
0.00208805
0.00238154
0.00265733
0.00289898
0.00308749
0.0032154
0.00325063
-1.66096e-06
-5.89252e-07
3.19478e-05
8.49327e-05
0.000163158
0.000267496
0.000399281
0.000559656
0.000749293
0.000968041
0.00121447
0.00148516
0.0017745
0.00207478
0.00237399
0.00265716
0.00290705
0.00310326
0.00323797
0.00327492
-4.07692e-05
-4.12364e-05
-1.0019e-05
4.08771e-05
0.000116676
0.000218396
0.0003477
0.000506176
0.000695026
0.000914733
0.00116458
0.00144226
0.00174297
0.00205881
0.00237785
0.00268415
0.00295851
0.00317691
0.00332894
0.00337135
-0.000105588
-0.000107593
-7.83959e-05
-3.06879e-05
4.13038e-05
0.000138844
0.000264107
0.000419355
0.000606654
0.000827531
0.00108249
0.00137024
0.00168651
0.00202707
0.00237785
0.00272224
0.00303803
0.0032948
0.00347706
0.00353139
-0.00019901
-0.000203025
-0.000176677
-0.000133368
-6.66804e-05
2.49558e-05
0.000144356
0.000294651
0.000479059
0.000700573
0.000961472
0.00126271
0.00160332
0.00197443
0.00236905
0.00276801
0.00314523
0.00346194
0.00369243
0.0037687
-0.000320394
-0.000326964
-0.000304421
-0.00026701
-0.00020759
-0.000124277
-1.35378e-05
0.000128757
0.000307205
0.000526646
0.000791671
0.00110583
0.00147036
0.00188224
0.002334
0.00280688
0.00327091
0.0036772
0.00398231
0.00409867
-0.000468888
-0.000478643
-0.000461021
-0.000431341
-0.000381693
-0.00030994
-0.000211826
-8.21751e-05
8.51366e-05
0.000297096
0.000561214
0.000884772
0.00127337
0.00172834
0.002248
0.00281509
0.00339684
0.00393377
0.00435401
0.00454486
-0.00064336
-0.000656992
-0.000645521
-0.000625693
-0.000588823
-0.000532675
-0.000452387
-0.000341826
-0.000193351
2.31282e-06
0.00025602
0.000579805
0.000985745
0.00148408
0.0020741
0.00275299
0.00348757
0.00421102
0.00480752
0.00514143
-0.000842326
-0.000860545
-0.000856458
-0.000848751
-0.000828017
-0.000792196
-0.000736091
-0.000652903
-0.000533749
-0.000367261
-0.000139261
0.000167334
0.000572021
0.00109441
0.00174962
0.00255171
0.00347442
0.0044571
0.00531197
0.0059454
-0.00106403
-0.0010875
-0.00109182
-0.00109841
-0.00109721
-0.00108677
-0.00106202
-0.00101602
-0.000939272
-0.000818954
-0.000638104
-0.0003747
-7.59183e-07
0.000518033
0.00121949
0.00212056
0.00324483
0.00456107
0.0057867
0.00700159
-0.00130665
-0.00133594
-0.00134909
-0.00137166
-0.00139296
-0.00141274
-0.00142665
-0.00142843
-0.00140907
-0.00135575
-0.0012505
-0.00106868
-0.000776745
-0.000329465
0.000332065
0.00127766
0.00255846
0.00426042
0.00597863
0.00822721
-0.00156881
-0.00160416
-0.00162522
-0.00166438
-0.00171
-0.00176393
-0.00182309
-0.00188279
-0.00193587
-0.00197148
-0.00197359
-0.00191875
-0.0017725
-0.00148392
-0.000977663
-0.000145712
0.00117125
0.00317349
0.00536639
0.00920637
-0.00185147
-0.00189638
-0.00192389
-0.00198197
-0.00205063
-0.00213802
-0.00224418
-0.00236819
-0.00250664
-0.00265295
-0.0027966
-0.00292175
-0.00300391
-0.00300314
-0.00285589
-0.0024498
-0.00160017
0.000317374
0.00251056
0.008715
-0.00214829
-0.00217832
-0.00220256
-0.00226098
-0.00235178
-0.0024808
-0.00264725
-0.00284966
-0.00308688
-0.00335862
-0.0036653
-0.00400666
-0.00438127
-0.00477838
-0.00519357
-0.00552749
-0.00574399
-0.00441386
-0.00273033
0.00648158
-0.00249593
-0.00258825
-0.00260014
-0.00270886
-0.0028025
-0.00294921
-0.00314041
-0.00338882
-0.00370274
-0.00409156
-0.00456784
-0.00515135
-0.00587602
-0.00677407
-0.00795437
-0.00929593
-0.0111921
-0.0109746
-0.0099995
0.00132108
-0.00293992
-0.00282031
-0.00279494
-0.00278986
-0.00288806
-0.00307273
-0.00334163
-0.00369119
-0.00412587
-0.00465582
-0.00530571
-0.00610658
-0.0071581
-0.00844952
-0.0104535
-0.0126664
-0.0168863
-0.0187327
-0.0194954
-0.00663323
-0.00313322
-0.00355138
-0.00342091
-0.00365386
-0.0036709
-0.00383367
-0.00403536
-0.00434643
-0.00477076
-0.00533162
-0.00605676
-0.00698371
-0.00830202
-0.00980705
-0.0127962
-0.0155221
-0.0226587
-0.027815
-0.0299304
-0.0103672
-0.004993
-0.00355574
-0.00343707
-0.00308199
-0.0031258
-0.00332332
-0.00367169
-0.00413138
-0.00471011
-0.00539676
-0.00626594
-0.00723355
-0.00874644
-0.010357
-0.01336
-0.0166663
-0.0240306
-0.0290194
-0.0304392
0.00163402
-0.00348888
-0.0057521
-0.00484198
-0.00523334
-0.00485024
-0.0048874
-0.0049018
-0.00515008
-0.00552944
-0.00608111
-0.00682585
-0.00770897
-0.00913913
-0.0104814
-0.0136448
-0.0164854
-0.0230145
-0.0243033
-0.0168352
0.0330903
-0.0164719
-0.0039074
-0.00334059
-0.00289824
-0.00280597
-0.00301132
-0.00343789
-0.00393564
-0.0046174
-0.00527742
-0.00629575
-0.00719394
-0.00875293
-0.0100321
-0.0122946
-0.0130444
-0.012637
7.75331e-05
0.0299169
0.109707
)
;

boundaryField
{
    movingWall
    {
        type            zeroGradient;
    }
    fixedWalls
    {
        type            zeroGradient;
    }
}


// ************************************************************************* //
