/*--------------------------------*- C++ -*----------------------------------*\
  =========                 |
  \\      /  F ield         | OpenFOAM: The Open Source CFD Toolbox
   \\    /   O peration     | Website:  https://openfoam.org
    \\  /    A nd           | Version:  9
     \\/     M anipulation  |
\*---------------------------------------------------------------------------*/
FoamFile
{
    format      ascii;
    class       volScalarField;
    location    "5";
    object      p;
}
// * * * * * * * * * * * * * * * * * * * * * * * * * * * * * * * * * * * * * //

dimensions      [0 2 -2 0 0 0 0];

internalField   nonuniform List<scalar> 
8000
(
-7.59287e-07
-2.66726e-06
2.1348e-05
6.16418e-05
0.000122129
0.000203389
0.000306089
0.000430622
0.000576776
0.000743684
0.000929315
0.0011302
0.00134138
0.00155587
0.00176494
0.0019583
0.00212484
0.00225253
0.00233781
0.00235667
2.16828e-06
-1.13835e-06
2.22665e-05
6.1157e-05
0.000119836
0.000198969
0.00029938
0.000421652
0.000565844
0.000731268
0.000916121
0.00111711
0.00132938
0.00154642
0.00175926
0.00195731
0.00212889
0.00226116
0.00235052
0.0023702
-2.59197e-05
-3.09003e-05
-8.72042e-06
2.84675e-05
8.53392e-05
0.00016269
0.000261618
0.000383055
0.000527473
0.000694609
0.000883155
0.00109048
0.00131205
0.00154101
0.00176818
0.00198212
0.00216976
0.002316
0.00241593
0.00243834
-7.40531e-05
-8.06391e-05
-6.01596e-05
-2.54815e-05
2.86209e-05
0.000103196
0.000199787
0.000319875
0.000464592
0.00063442
0.000828805
0.00104573
0.00128131
0.00152928
0.00177994
0.00202046
0.00223531
0.00240557
0.00252387
0.00255248
-0.000145109
-0.000153722
-0.000135542
-0.000104253
-5.39359e-05
1.67918e-05
0.00011007
0.000228127
0.000372992
0.0005462
0.000748354
0.000978545
0.00123381
0.00150847
0.00179264
0.00207206
0.00232808
0.00253585
0.00268327
0.00272298
-0.000238798
-0.000249996
-0.000234887
-0.000208179
-0.000163119
-9.79324e-05
-9.75629e-06
0.000104568
0.000248234
0.000424161
0.000634558
0.000880224
0.00115956
0.0014686
0.00179755
0.00213072
0.0024457
0.00270954
0.00290157
0.00296074
-0.000354845
-0.000369302
-0.000358249
-0.000337696
-0.000299921
-0.000242737
-0.000162461
-5.48496e-05
8.46986e-05
0.000260886
0.000478047
0.000739434
0.00104589
0.00139588
0.0017812
0.00218554
0.00258237
0.00292888
0.0031888
0.00328312
-0.000492856
-0.000511355
-0.00050555
-0.000493125
-0.000465262
-0.000419399
-0.000350988
-0.000254615
-0.000124084
4.7428e-05
0.000267012
0.000541346
0.000875906
0.00127011
0.00172245
0.00221739
0.00272501
0.00319225
0.00355611
0.00371577
-0.000652235
-0.000675649
-0.00067644
-0.000674479
-0.000659739
-0.000629393
-0.000578079
-0.000499222
-0.000384969
-0.000226177
-1.25693e-05
0.000266778
0.000622176
0.0010616
0.00158829
0.00219341
0.00284665
0.00348777
0.0040122
0.004298
-0.000832217
-0.000861478
-0.000870235
-0.000881335
-0.00088339
-0.000873546
-0.000845785
-0.000792535
-0.000704415
-0.000569982
-0.000375546
-0.000105151
0.000258736
0.000733557
0.00133255
0.00206043
0.00289524
0.00378084
0.00454463
0.00509378
-0.001032
-0.00106805
-0.0010859
-0.00111272
-0.00113544
-0.0011516
-0.00115483
-0.00113693
-0.00108741
-0.000993034
-0.000837226
-0.000599405
-0.000254377
0.00022766
0.000873903
0.00172207
0.00276815
0.00398821
0.00510179
0.00619147
-0.00125115
-0.00129492
-0.00132212
-0.0013671
-0.00141408
-0.00146178
-0.00150388
-0.00153207
-0.00153549
-0.00150002
-0.00140727
-0.00123295
-0.000944556
-0.000498514
0.000162405
0.00108655
0.00232705
0.00394936
0.00553565
0.00764917
-0.00149032
-0.00154325
-0.00157851
-0.00164412
-0.00171739
-0.00180082
-0.00188888
-0.0019739
-0.00204549
-0.0020903
-0.00209124
-0.00202503
-0.0018582
-0.00154199
-0.00100375
-0.000142887
0.00115297
0.0032286
0.00537147
0.00928895
-0.00175139
-0.00179601
-0.00183549
-0.00191346
-0.00201769
-0.00214782
-0.00229526
-0.00245074
-0.00260517
-0.00274883
-0.00286966
-0.00295037
-0.00296401
-0.00286695
-0.00258478
-0.00197232
-0.000866625
0.00137577
0.00361681
0.0102671
-0.00205955
-0.00217181
-0.00219806
-0.0023298
-0.00244715
-0.00260163
-0.00278302
-0.00299151
-0.00322428
-0.00347682
-0.00374358
-0.00402021
-0.00430029
-0.00457171
-0.00480769
-0.00486325
-0.00480627
-0.00297899
-0.00154364
0.00883555
-0.00243911
-0.00233426
-0.00235248
-0.00240537
-0.00255871
-0.0027828
-0.0030661
-0.0033912
-0.0037504
-0.00414084
-0.00456705
-0.00504474
-0.00560138
-0.00626754
-0.00715501
-0.00803409
-0.00967762
-0.00869831
-0.00934776
0.00456786
-0.00265288
-0.00310002
-0.00299883
-0.00329403
-0.00337819
-0.00359285
-0.00383809
-0.00414844
-0.00452407
-0.00497239
-0.0055005
-0.00615412
-0.00699021
-0.00806014
-0.00986356
-0.0115687
-0.0158467
-0.0174769
-0.0192375
-0.000924266
-0.00437098
-0.0029405
-0.00291042
-0.00268998
-0.00286615
-0.0031748
-0.00361018
-0.0041102
-0.00467046
-0.00527773
-0.00596058
-0.00673954
-0.0077842
-0.00893512
-0.0114443
-0.0136335
-0.0200793
-0.0237406
-0.025807
0.00245978
-0.00293688
-0.00517658
-0.00436879
-0.00489527
-0.00467774
-0.00484093
-0.0050091
-0.00532559
-0.00572865
-0.0062624
-0.00681952
-0.00758988
-0.0086036
-0.00971408
-0.0128019
-0.015175
-0.0231372
-0.026187
-0.022016
0.0251636
-0.0155556
-0.00312239
-0.00272399
-0.00250835
-0.00263774
-0.00302953
-0.00362783
-0.00424427
-0.00495102
-0.00563163
-0.00644688
-0.00718102
-0.00840055
-0.00934244
-0.0114801
-0.0122948
-0.0130221
-0.00330634
0.0238627
0.101754
2.39114e-06
-3.98906e-06
1.95861e-05
5.95491e-05
0.000120103
0.000201623
0.000304718
0.000429777
0.000576718
0.000744536
0.000931213
0.00113336
0.00134593
0.00156199
0.00177271
0.00196767
0.0021355
0.00226363
0.00234888
0.00236267
8.6087e-06
1.51934e-06
2.46857e-05
6.30793e-05
0.000121511
0.000200481
0.000300789
0.000423032
0.000567302
0.000732921
0.000918117
0.00111953
0.00133274
0.00155076
0.0017647
0.00196386
0.00213636
0.00226884
0.00235818
0.00237259
-1.87258e-05
-2.76643e-05
-5.66901e-06
3.09883e-05
8.75718e-05
0.00016471
0.00026348
0.000384838
0.00052929
0.000696607
0.000885498
0.00109343
0.00131585
0.0015459
0.00177435
0.00198966
0.00217849
0.00232508
0.00242508
0.00244156
-6.57997e-05
-7.6535e-05
-5.6208e-05
-2.20906e-05
3.16853e-05
0.000105999
0.00020238
0.000322339
0.000467043
0.000637019
0.000831742
0.00104917
0.00128593
0.00153522
0.00178746
0.00202969
0.00224608
0.00241698
0.0025355
0.00255752
-0.000135934
-0.000148943
-0.00013088
-0.000100158
-5.01646e-05
2.03072e-05
0.000113387
0.000231335
0.000376234
0.000549676
0.00075232
0.000983192
0.00123992
0.00151628
0.00180258
0.0020844
0.00234272
0.0025517
0.00269971
0.00273201
-0.000228602
-0.000244502
-0.000229463
-0.000203317
-0.00015856
-9.36003e-05
-5.58068e-06
0.000108698
0.000252487
0.000428798
0.000639978
0.000887239
0.00116791
0.00147919
0.00181115
0.00214794
0.00246661
0.00273284
0.00292626
0.00297731
-0.000343404
-0.000362932
-0.000351889
-0.000331895
-0.0002944
-0.00023741
-0.000157238
-4.95924e-05
9.02013e-05
0.000266945
0.000485109
0.000748065
0.00105689
0.00141023
0.00180007
0.00221006
0.00261317
0.00296457
0.00322774
0.00331424
-0.00047987
-0.000503881
-0.000498017
-0.000486154
-0.000458559
-0.000412866
-0.000344513
-0.000248023
-0.000117115
5.51544e-05
0.000276012
0.000552218
0.000889144
0.00128927
0.00174864
0.00225271
0.00277131
0.00324904
0.00362009
0.00377746
-0.000637316
-0.000666763
-0.00066742
-0.000666046
-0.000651586
-0.000621414
-0.000570137
-0.000491101
-0.000376346
-0.000216566
-1.2577e-06
0.00028074
0.000639869
0.00108708
0.00162462
0.00224442
0.00291694
0.00358043
0.00412136
0.00442564
-0.00081484
-0.000850755
-0.000859307
-0.000871055
-0.000873456
-0.000863846
-0.000836154
-0.000782716
-0.000694005
-0.000558349
-0.000361657
-8.72347e-05
0.000284114
0.000766779
0.00138105
0.0021323
0.00300107
0.00393215
0.00473505
0.00537144
-0.00101141
-0.00105487
-0.00107247
-0.00110007
-0.0011233
-0.00113985
-0.00114329
-0.0011253
-0.00107522
-0.000979539
-0.000821232
-0.000579033
-0.000227048
0.000264105
0.000938896
0.00182263
0.00292551
0.00422925
0.00543033
0.00680696
-0.00122613
-0.0012782
-0.00130512
-0.00135111
-0.00139899
-0.00144749
-0.00149015
-0.00151855
-0.00152161
-0.00148488
-0.00138938
-0.00120962
-0.000910788
-0.000443978
0.000241661
0.00120587
0.00253423
0.00431203
0.00604541
0.00894782
-0.0014589
-0.00152249
-0.00155765
-0.00162519
-0.00169962
-0.00178408
-0.00187302
-0.00195872
-0.00203054
-0.0020748
-0.00207379
-0.00200312
-0.00182748
-0.00149599
-0.000934005
-3.79549e-05
0.00137309
0.00366839
0.00594464
0.0114265
-0.00170768
-0.00176133
-0.00180181
-0.00188107
-0.00198898
-0.00212264
-0.00227362
-0.00243205
-0.00258845
-0.0027327
-0.00285227
-0.00292915
-0.00293539
-0.00282613
-0.0025229
-0.00189034
-0.000796915
0.00143719
0.00266019
0.0114033
-0.00199793
-0.00213719
-0.00216325
-0.00230372
-0.0024246
-0.00258297
-0.00276725
-0.00297849
-0.00321386
-0.00346849
-0.00373642
-0.00401347
-0.00429469
-0.0045761
-0.00484275
-0.0050764
-0.00553984
-0.00393965
-0.00596017
0.00622643
-0.00234069
-0.00225848
-0.00227923
-0.00233207
-0.00249702
-0.00273066
-0.00302549
-0.00336094
-0.00372913
-0.00412659
-0.00455798
-0.00503882
-0.00560142
-0.00629585
-0.00726476
-0.00848711
-0.0110379
-0.0107559
-0.0158425
-0.00186414
-0.00239789
-0.00294719
-0.00289777
-0.0032342
-0.00333872
-0.0035731
-0.00383391
-0.00415698
-0.00454196
-0.005001
-0.00553147
-0.00618912
-0.00702772
-0.00813831
-0.0100699
-0.0121979
-0.0176723
-0.0209026
-0.0263639
-0.00793764
-0.00414427
-0.00282244
-0.00274848
-0.00249695
-0.00270832
-0.00305904
-0.00353836
-0.00407455
-0.00466327
-0.00529258
-0.00598651
-0.00675933
-0.00778801
-0.00895415
-0.0114364
-0.014172
-0.0210319
-0.0259451
-0.032903
-0.000982094
-0.00132978
-0.00437471
-0.00390152
-0.00465626
-0.0045587
-0.00483595
-0.00508606
-0.00547291
-0.00588582
-0.00650041
-0.00701486
-0.00775037
-0.00875419
-0.00959001
-0.0127721
-0.0155061
-0.023062
-0.0280403
-0.0234996
0.0287274
-0.0147108
-0.00233977
-0.00191535
-0.00195469
-0.00229108
-0.00277847
-0.00347053
-0.00414087
-0.00492174
-0.00562923
-0.00649116
-0.0071838
-0.00837654
-0.00939404
-0.0112462
-0.0125819
-0.0121496
-0.0015192
0.0313025
0.119343
5.37914e-06
-2.18081e-06
2.11091e-05
6.08292e-05
0.000121333
0.000202923
0.000306203
0.00043157
0.0005789
0.000747282
0.000934721
0.00113783
0.00135156
0.00156891
0.00178098
0.00197724
0.00214617
0.00227492
0.00236046
0.00237279
1.2707e-05
4.44119e-06
2.74029e-05
6.54942e-05
0.000123783
0.000202699
0.000303042
0.000425421
0.000569946
0.000735969
0.000921743
0.00112394
0.00133815
0.00155734
0.00177256
0.00197301
0.00214662
0.00227974
0.00236946
0.00238247
-1.4169e-05
-2.43167e-05
-2.48797e-06
3.38625e-05
9.02798e-05
0.000167334
0.000266113
0.000387588
0.000532295
0.000700039
0.000889562
0.00109837
0.00132192
0.00155333
0.00178332
0.00200023
0.00219051
0.00233804
0.00243862
0.00245363
-6.05293e-05
-7.25289e-05
-5.23515e-05
-1.85536e-05
3.5039e-05
0.000109246
0.00020561
0.000325668
0.000470632
0.000641072
0.000836513
0.00105499
0.00129311
0.0015441
0.00179833
0.0020427
0.00226112
0.00243348
0.00255302
0.00257355
-0.000129886
-0.000144245
-0.00012632
-9.59303e-05
-4.61283e-05
2.42315e-05
0.000117299
0.000235371
0.00038058
0.000554584
0.000758128
0.000990464
0.00124878
0.00152738
0.00181642
0.00210131
0.0023627
0.00257412
0.00272393
0.00275493
-0.00022162
-0.000238978
-0.000224068
-0.000198272
-0.000153714
-8.88686e-05
-8.48368e-07
0.000113594
0.000257772
0.000434776
0.000647015
0.000895659
0.00117893
0.00149333
0.00182918
0.00217051
0.00249402
0.00276442
0.0029611
0.00301157
-0.000335251
-0.000356371
-0.000345452
-0.000325836
-0.000288562
-0.000231702
-0.000151528
-4.36857e-05
9.65853e-05
0.000274209
0.000493827
0.000759008
0.00107076
0.00142827
0.00182363
0.00224045
0.00265128
0.00301002
0.00327911
0.00336723
-0.00047022
-0.000495989
-0.000490251
-0.000478819
-0.000451493
-0.000405977
-0.000337655
-0.000240972
-0.000109536
6.37482e-05
0.000286306
0.00056509
0.000905918
0.00131178
0.00177902
0.0022933
0.00282421
0.00331495
0.00369696
0.0038613
-0.00062572
-0.000657133
-0.000657932
-0.00065708
-0.000642986
-0.000613096
-0.000561947
-0.000482793
-0.000367536
-0.000206677
1.05664e-05
0.00029577
0.000660192
0.00111442
0.00166278
0.00229745
0.00298915
0.00367526
0.00423654
0.00456145
-0.000800665
-0.000838806
-0.000847545
-0.000859969
-0.000862909
-0.00085378
-0.000826422
-0.000773061
-0.00068401
-0.000547359
-0.00034865
-7.06901e-05
0.000306109
0.000797966
0.00142648
0.00219849
0.00309612
0.00406475
0.00490278
0.00559588
-0.00099372
-0.00103975
-0.00105763
-0.00108617
-0.00111023
-0.00112761
-0.00113175
-0.00111422
-0.00106419
-0.000967889
-0.000807873
-0.000562266
-0.000204221
0.000297427
0.000989557
0.0019
0.00304351
0.00440593
0.00566644
0.00717689
-0.00120349
-0.00125856
-0.00128593
-0.00133325
-0.00138247
-0.00143239
-0.00147638
-0.00150591
-0.00150975
-0.00147315
-0.0013767
-0.00119418
-0.000889534
-0.00041224
0.000291586
0.00128372
0.0026629
0.00452697
0.00634706
0.00951393
-0.00142912
-0.00149672
-0.0015327
-0.00160246
-0.00167886
-0.00176544
-0.00185653
-0.00194436
-0.00201815
-0.00206397
-0.00206374
-0.00199255
-0.00181423
-0.00147669
-0.000902195
1.49365e-05
0.00147528
0.00387992
0.00624387
0.012142
-0.00166638
-0.00172427
-0.00176615
-0.00184782
-0.00195907
-0.00209653
-0.00225174
-0.00241446
-0.00257497
-0.00272291
-0.00284555
-0.00292471
-0.00293229
-0.00282301
-0.00251839
-0.00188813
-0.000801108
0.00148077
0.0025322
0.0118155
-0.00193913
-0.00208595
-0.00211511
-0.0022619
-0.00238853
-0.00255331
-0.0027438
-0.00296132
-0.00320282
-0.00346371
-0.00373764
-0.00402124
-0.00431084
-0.00460624
-0.00489901
-0.00519808
-0.00578248
-0.00423819
-0.00635819
0.00591221
-0.00226234
-0.00219067
-0.0022126
-0.00226913
-0.00244008
-0.00268142
-0.0029859
-0.00333175
-0.00371095
-0.0041193
-0.00456065
-0.00505151
-0.0056265
-0.00634251
-0.00735385
-0.00871322
-0.0114859
-0.0117443
-0.0162738
-0.00305521
-0.00223983
-0.00280674
-0.00277998
-0.00313314
-0.00325604
-0.00350848
-0.00378576
-0.00412814
-0.00453149
-0.00500927
-0.0055518
-0.00622261
-0.00707352
-0.00820774
-0.0102016
-0.0125433
-0.0182951
-0.0227051
-0.0266717
-0.00910566
-0.0040275
-0.00272117
-0.00263034
-0.00237231
-0.00259053
-0.00295899
-0.00346207
-0.00402218
-0.0046364
-0.00529008
-0.00600098
-0.0067841
-0.00781328
-0.00899758
-0.011433
-0.0144902
-0.0210688
-0.0273707
-0.0305522
-0.000439444
-0.00087029
-0.00397119
-0.00358408
-0.00438167
-0.00432351
-0.00464892
-0.00495207
-0.00539814
-0.00585179
-0.00654553
-0.00706445
-0.00781737
-0.00882675
-0.00959734
-0.0127429
-0.0157157
-0.0225642
-0.0272269
-0.0200552
0.0318269
-0.0145263
-0.00207286
-0.00161559
-0.00168419
-0.00206395
-0.00259068
-0.00333227
-0.00404584
-0.00487554
-0.00562458
-0.00650257
-0.00722547
-0.00836061
-0.00948169
-0.0110962
-0.0125507
-0.0114898
0.000384805
0.0359611
0.125005
8.44171e-06
1.53228e-07
2.32343e-05
6.275e-05
0.000123212
0.000204886
0.000308372
0.000434082
0.000581913
0.00075097
0.000939268
0.00114343
0.00135839
0.00157713
0.00179067
0.00198837
0.00215854
0.0022881
0.00237411
0.00238579
1.65295e-05
7.58263e-06
3.03636e-05
6.82265e-05
0.000126418
0.00020534
0.000305797
0.000428418
0.000573338
0.000739932
0.000926482
0.00112968
0.0013451
0.00156569
0.00178243
0.00198438
0.00215933
0.00229336
0.00238365
0.00239598
-9.86907e-06
-2.07183e-05
9.42404e-07
3.70538e-05
9.33621e-05
0.000170407
0.000269288
0.000391
0.00053611
0.000704459
0.000894823
0.00110475
0.0013297
0.00156276
0.00179457
0.00201337
0.00220539
0.00235419
0.00245564
0.00246999
-5.55323e-05
-6.82607e-05
-4.82451e-05
-1.47015e-05
3.87638e-05
0.000112943
0.000209396
0.000329695
0.000475087
0.000646192
0.000842583
0.00106236
0.0013022
0.0015553
0.00181193
0.00205885
0.00227973
0.00245404
0.00257499
0.00259502
-0.000124102
-0.000139228
-0.000121465
-9.13445e-05
-4.16814e-05
2.86422e-05
0.000121803
0.000240142
0.000385843
0.000560623
0.000765271
0.000999057
0.00125975
0.00154117
0.00183351
0.00212207
0.00238718
0.00260178
0.00275402
0.00278497
-0.000214882
-0.000233057
-0.000218312
-0.000192807
-0.000148403
-8.36033e-05
4.51695e-06
0.000119261
0.000264014
0.000441944
0.000655455
0.000905058
0.00119228
0.00151057
0.00185107
0.00219782
0.00252712
0.00280285
0.00300378
0.00305531
-0.000327315
-0.000349314
-0.000338572
-0.000319284
-0.000282195
-0.000225407
-0.000145142
-3.69748e-05
0.00010396
0.000282741
0.000504294
0.000773182
0.00108751
0.00144986
0.00185173
0.00227656
0.00269653
0.00306433
0.00334107
0.00343288
-0.00046075
-0.000487473
-0.000481938
-0.000470897
-0.00044382
-0.00039844
-0.000330079
-0.000233092
-0.000100954
7.36162e-05
0.00029832
0.000580479
0.000925809
0.00133825
0.00181459
0.0023407
0.00288597
0.00339227
0.00378812
0.00396245
-0.000614246
-0.000646707
-0.00064776
-0.000647405
-0.000633676
-0.000604054
-0.000552995
-0.000473645
-0.000357747
-0.000195577
2.39705e-05
0.000312918
0.000683175
0.00114584
0.00170657
0.00235833
0.00307225
0.00378496
0.00437169
0.00472061
-0.00078652
-0.000825832
-0.000834912
-0.000848009
-0.000851517
-0.000842889
-0.000815871
-0.000762563
-0.000673095
-0.000535286
-0.00033428
-5.23069e-05
0.000331039
0.000833239
0.00147774
0.00227336
0.0032043
0.00421695
0.00510066
0.00585507
-0.000975936
-0.0010233
-0.00104167
-0.00107116
-0.00109612
-0.00111439
-0.00111931
-0.00110229
-0.00105233
-0.000955348
-0.000793467
-0.000544148
-0.000179579
0.000333232
0.00104439
0.00198497
0.00317556
0.0046073
0.00594902
0.00760143
-0.00118061
-0.00123724
-0.00126533
-0.00131405
-0.0013647
-0.00141615
-0.00146161
-0.00149243
-0.00149717
-0.00146082
-0.0013635
-0.0011783
-0.000867995
-0.000380005
0.00034225
0.00136689
0.00280505
0.00476691
0.00671837
0.0101686
-0.00139897
-0.00146874
-0.00150587
-0.00157791
-0.00165645
-0.00174535
-0.00183885
-0.0019291
-0.00200517
-0.0020529
-0.0020539
-0.0019829
-0.00180307
-0.00146118
-0.000877525
5.87219e-05
0.0015698
0.00408139
0.00662203
0.0130029
-0.00162497
-0.00168521
-0.00172872
-0.00181303
-0.00192759
-0.00206901
-0.00222867
-0.00239603
-0.00256112
-0.00271338
-0.00284006
-0.00292344
-0.00293586
-0.00283317
-0.00253875
-0.00192007
-0.000825003
0.00144208
0.00251644
0.0123261
-0.00188159
-0.00203437
-0.00206639
-0.00221988
-0.00235176
-0.00252274
-0.00271938
-0.00294321
-0.0031913
-0.0034594
-0.00374133
-0.00403544
-0.00434119
-0.00466517
-0.00501399
-0.00543039
-0.00623875
-0.00495996
-0.00723159
0.00534185
-0.00218273
-0.00211806
-0.00214258
-0.00220399
-0.00238123
-0.00263073
-0.00294507
-0.00330175
-0.00369235
-0.00411291
-0.00456739
-0.0050747
-0.00567493
-0.00643562
-0.00754714
-0.00911235
-0.0122826
-0.0132885
-0.0178202
-0.00474076
-0.00210413
-0.00269607
-0.00267743
-0.00304962
-0.00318574
-0.00345456
-0.00374707
-0.00410439
-0.00452188
-0.00501598
-0.00557306
-0.00626441
-0.00714503
-0.00832879
-0.0104556
-0.0130469
-0.0193191
-0.0247791
-0.0287202
-0.0104322
-0.0038716
-0.00259144
-0.00249974
-0.00224945
-0.00247675
-0.00286152
-0.00338537
-0.00396861
-0.00460564
-0.00528318
-0.00601482
-0.006819
-0.00787673
-0.0091006
-0.0116265
-0.0149315
-0.021825
-0.0288965
-0.0320307
-8.19084e-05
-0.000554418
-0.00376255
-0.00338002
-0.00421507
-0.00417845
-0.00453675
-0.0048705
-0.00534793
-0.00582289
-0.00656609
-0.007092
-0.00786938
-0.00890253
-0.00964211
-0.0128809
-0.0159264
-0.0227032
-0.0275137
-0.0197889
0.0345797
-0.0142339
-0.00177526
-0.00131429
-0.00140767
-0.00183314
-0.00240429
-0.00319181
-0.00394642
-0.00481454
-0.00560639
-0.00651025
-0.00726334
-0.00840823
-0.00955781
-0.0111805
-0.0126601
-0.0115496
0.00111808
0.0376558
0.129552
1.14059e-05
2.88257e-06
2.58718e-05
6.52884e-05
0.000125746
0.000207509
0.000311193
0.000437226
0.000585525
0.000755218
0.000944342
0.00114952
0.00136569
0.00158579
0.00180077
0.0019999
0.00217134
0.00230186
0.00238852
0.00240016
1.9836e-05
1.06349e-05
3.33292e-05
7.10842e-05
0.000129255
0.000208245
0.000308874
0.000431793
0.000577162
0.000744382
0.000931758
0.001136
0.00135268
0.00157471
0.001793
0.00199651
0.00217289
0.00230802
0.00239909
0.00241143
-6.20118e-06
-1.7313e-05
4.26417e-06
4.02627e-05
9.65454e-05
0.000173653
0.000272705
0.000394726
0.000540312
0.00070934
0.00090062
0.00111173
0.00133814
0.00157291
0.00180662
0.00202738
0.00222125
0.00237154
0.00247407
0.00248855
-5.13099e-05
-6.43112e-05
-4.43807e-05
-1.09606e-05
4.24694e-05
0.000116703
0.000213328
0.000333952
0.000479865
0.000651731
0.000849178
0.00107036
0.001312
0.00156726
0.00182638
0.00207595
0.00229944
0.00247595
0.00259854
0.00261897
-0.000119191
-0.000134608
-0.000116935
-8.69526e-05
-3.73363e-05
3.30348e-05
0.000126374
0.000245068
0.000391357
0.000567023
0.000772923
0.00100842
0.00127141
0.0015557
0.00185142
0.00214375
0.00241271
0.00263074
0.00278564
0.0028175
-0.000209105
-0.000227595
-0.000212951
-0.000187607
-0.00014327
-7.8438e-05
9.85985e-06
0.000124987
0.000270406
0.000449376
0.000664417
0.000916293
0.00120633
0.00152841
0.00187358
0.00222575
0.00256089
0.00284209
0.00304745
0.00310096
-0.000320435
-0.000342782
-0.00033216
-0.000313073
-0.000276091
-0.000219309
-0.000138892
-3.03366e-05
0.000111324
0.000291304
0.000514692
0.000786124
0.00110427
0.00147161
0.0018799
0.00231258
0.00274142
0.00311809
0.00340231
0.00349832
-0.000452449
-0.000479562
-0.000474183
-0.000463411
-0.000436515
-0.000391222
-0.000322783
-0.000225458
-9.25937e-05
8.32699e-05
0.000310071
0.00059541
0.000945309
0.00136418
0.00184921
0.0023865
0.00294516
0.00346588
0.00387452
0.00405767
-0.000604091
-0.000636996
-0.000638266
-0.000638289
-0.000624869
-0.000595482
-0.0005445
-0.000464959
-0.000348448
-0.000185027
3.67077e-05
0.00032918
0.00070485
0.00117551
0.00174764
0.00241491
0.00314865
0.00388449
0.00449331
0.00486056
-0.000773908
-0.000813734
-0.00082313
-0.000836774
-0.000840798
-0.000832654
-0.00080599
-0.000752786
-0.000662998
-0.000524196
-0.000321157
-3.55824e-05
0.000353658
0.000865162
0.00152375
0.00233988
0.00329913
0.00434777
0.0052688
0.00606369
-0.000960015
-0.00100799
-0.00102682
-0.00105712
-0.00108291
-0.00110206
-0.00110777
-0.00109138
-0.00104167
-0.00094432
-0.000781048
-0.000528726
-0.000158648
0.000363527
0.00109037
0.00205599
0.00328484
0.0047698
0.00617449
0.00790917
-0.00116017
-0.00121756
-0.00124631
-0.00129621
-0.00134816
-0.00140106
-0.00144802
-0.00148025
-0.0014862
-0.00145058
-0.00135316
-0.0011664
-0.000852127
-0.000356098
0.00038046
0.00143174
0.00291643
0.00494833
0.00700086
0.0105993
-0.0013723
-0.00144323
-0.00148133
-0.00155523
-0.00163564
-0.00172671
-0.00182259
-0.00191538
-0.00199408
-0.00204433
-0.00204751
-0.00197797
-0.00179824
-0.0014539
-0.000863619
8.94781e-05
0.00164441
0.00423002
0.00691862
0.0135381
-0.00158934
-0.00165069
-0.00169551
-0.00178199
-0.00189925
-0.0020441
-0.00220777
-0.00237958
-0.00254944
-0.00270675
-0.00283868
-0.00292759
-0.00294605
-0.00284986
-0.00256138
-0.0019435
-0.00081257
0.00143624
0.00262947
0.0127254
-0.00183423
-0.00198994
-0.0020237
-0.00218175
-0.00231755
-0.00249355
-0.00269567
-0.00292559
-0.00318051
-0.00345629
-0.00374717
-0.00405248
-0.00437325
-0.00471925
-0.00510506
-0.00558465
-0.00649532
-0.00533502
-0.00736512
0.00534227
-0.00212029
-0.00205842
-0.00208461
-0.00214962
-0.00233107
-0.00258673
-0.00290888
-0.00327465
-0.00367567
-0.00410806
-0.00457596
-0.0050999
-0.00572307
-0.00651819
-0.00769541
-0.00938015
-0.0127393
-0.0141636
-0.0182711
-0.00516313
-0.00201482
-0.00261679
-0.00259763
-0.00297992
-0.00312267
-0.00340157
-0.00370463
-0.00407396
-0.00450541
-0.00501533
-0.00558836
-0.00630056
-0.00720939
-0.00843322
-0.0106523
-0.0134017
-0.0200019
-0.0260005
-0.0294759
-0.0109646
-0.0037654
-0.00249419
-0.00240379
-0.00215827
-0.00238921
-0.00278304
-0.00332008
-0.00391836
-0.00457335
-0.00527129
-0.00602318
-0.00685024
-0.00793798
-0.00919771
-0.0118011
-0.0152705
-0.0223752
-0.0300075
-0.0325016
5.84244e-05
-0.00042363
-0.00365049
-0.00325456
-0.00409767
-0.00406399
-0.00443422
-0.00478327
-0.00528235
-0.00577801
-0.00655458
-0.00709585
-0.00789991
-0.00896051
-0.00969995
-0.0130138
-0.016119
-0.0228937
-0.0278788
-0.0192751
0.0359752
-0.014099
-0.00162686
-0.00115624
-0.00124826
-0.00168498
-0.00227359
-0.00308456
-0.00386549
-0.00475958
-0.00558404
-0.00650954
-0.0072936
-0.00845502
-0.00963867
-0.0112812
-0.0127823
-0.011586
0.00133575
0.0388436
0.131545
1.41509e-05
5.52686e-06
2.84692e-05
6.78466e-05
0.000128335
0.000210209
0.000314103
0.000440465
0.000589231
0.000759551
0.000949477
0.00115564
0.00137297
0.00159437
0.00181073
0.00201123
0.00218393
0.00231543
0.00240276
0.00241455
2.27683e-05
1.347e-05
3.612e-05
7.38338e-05
0.00013203
0.000211123
0.000311955
0.000435197
0.000581033
0.00074889
0.000937094
0.00114237
0.00136028
0.0015837
0.00180349
0.00200853
0.00218631
0.00232256
0.00241442
0.00242696
-2.96947e-06
-1.41801e-05
7.35341e-06
4.33077e-05
9.96131e-05
0.000176823
0.000276082
0.000398441
0.000544527
0.000714249
0.000906448
0.00111873
0.00134656
0.00158298
0.00181852
0.00204118
0.00223685
0.00238864
0.00249225
0.00250705
-4.76178e-05
-6.07218e-05
-4.08365e-05
-7.46732e-06
4.59794e-05
0.000120312
0.00021715
0.000338135
0.000484596
0.000657245
0.000855756
0.00107834
0.00132171
0.00157906
0.00184055
0.00209266
0.00231865
0.00249732
0.00262154
0.00264254
-0.0001149
-0.000130426
-0.000112804
-8.28846e-05
-3.3262e-05
3.72029e-05
0.000130761
0.000249844
0.000396748
0.000573318
0.000780485
0.00101769
0.00128287
0.00156987
0.0018688
0.00216467
0.00243728
0.00265857
0.00281601
0.00284893
-0.000204046
-0.000222652
-0.000208073
-0.000182814
-0.000138491
-7.35821e-05
1.49309e-05
0.00013047
0.000276571
0.000456585
0.000673155
0.000927248
0.00121994
0.00154556
0.00189509
0.0022523
0.00259283
0.0028791
0.00308855
0.00314402
-0.000314392
-0.000336866
-0.000326332
-0.000307368
-0.000270441
-0.000213623
-0.000133021
-2.4059e-05
0.000118325
0.000299465
0.000524582
0.000798401
0.00112016
0.00149216
0.00190638
0.00234619
0.00278305
0.00316769
0.00345859
0.0035583
-0.000445134
-0.000472393
-0.000467142
-0.000456555
-0.000429788
-0.000384541
-0.000315996
-0.000218326
-8.47575e-05
9.23287e-05
0.000321076
0.000609334
0.000963475
0.00138823
0.00188112
0.00242837
0.00299883
0.0035321
0.0039518
0.00414208
-0.000595121
-0.000628198
-0.000629658
-0.000629965
-0.000616798
-0.000587603
-0.000536674
-0.000456945
-0.000339865
-0.000175295
4.84309e-05
0.000344092
0.000724623
0.00120243
0.00178462
0.00246541
0.00321617
0.00397151
0.00459883
0.00497993
-0.000762759
-0.000802797
-0.000812475
-0.000826556
-0.000831024
-0.000823307
-0.00079697
-0.00074388
-0.000653835
-0.000514178
-0.000309365
-2.06326e-05
0.000373815
0.000893335
0.001564
0.00239751
0.00338047
0.00445862
0.00541029
0.00623354
-0.000945975
-0.000994223
-0.00101346
-0.00104442
-0.00107094
-0.00109087
-0.00109734
-0.00108156
-0.00103216
-0.000934586
-0.000770217
-0.000515422
-0.000140765
0.000389225
0.00112898
0.00211522
0.00337543
0.00490324
0.00635931
0.00814983
-0.00114227
-0.00120001
-0.00122935
-0.00128022
-0.00133329
-0.00138748
-0.00143582
-0.00146941
-0.00147656
-0.00144179
-0.00134451
-0.00115675
-0.000839522
-0.000337259
0.000410531
0.001483
0.00300502
0.00509273
0.00722832
0.0109249
-0.00134926
-0.0014208
-0.00145971
-0.00153507
-0.00161708
-0.00171005
-0.00180809
-0.00190326
-0.00198445
-0.00203716
-0.00204255
-0.00197474
-0.00179569
-0.00145015
-0.000855652
0.000108913
0.00169785
0.00434311
0.0071556
0.013933
-0.00155928
-0.00162102
-0.00166691
-0.00175513
-0.00187463
-0.00202238
-0.00218951
-0.00236526
-0.00253945
-0.00270141
-0.00283838
-0.00293282
-0.00295734
-0.0028676
-0.00258499
-0.00196681
-0.000785484
0.00143877
0.0027503
0.0130272
-0.00179565
-0.00195314
-0.00198797
-0.00214929
-0.00228804
-0.00246805
-0.00267473
-0.00290993
-0.00317092
-0.00345378
-0.00375311
-0.00406901
-0.00440364
-0.00476882
-0.00518425
-0.0057124
-0.00671872
-0.00563217
-0.00753534
0.00533879
-0.00206953
-0.00200892
-0.00203665
-0.00210455
-0.00228941
-0.00254999
-0.00287847
-0.00325187
-0.0036618
-0.00410464
-0.00458496
-0.0051246
-0.00576926
-0.00659505
-0.00782686
-0.00960248
-0.0131097
-0.0148183
-0.0186809
-0.00548885
-0.00195076
-0.00255949
-0.00253782
-0.00292638
-0.00307269
-0.00335866
-0.00366956
-0.00404852
-0.00449043
-0.00501311
-0.00560092
-0.00633262
-0.00726878
-0.00852963
-0.0108267
-0.0136921
-0.0205471
-0.0269233
-0.0301715
-0.0113366
-0.00368148
-0.00241509
-0.00232742
-0.00208629
-0.00232062
-0.00272091
-0.00326716
-0.00387736
-0.00454627
-0.0052605
-0.00603099
-0.00687996
-0.00799954
-0.00929439
-0.0119806
-0.0155651
-0.0229018
-0.0309365
-0.0332195
3.99745e-05
-0.000351867
-0.00358558
-0.00317331
-0.00402094
-0.00398473
-0.00436082
-0.00471771
-0.0052295
-0.00573978
-0.00653519
-0.00709568
-0.00792168
-0.00901364
-0.00976666
-0.0131597
-0.0163066
-0.0231884
-0.0283138
-0.0193279
0.0367641
-0.013997
-0.00152019
-0.00104355
-0.00113349
-0.00157537
-0.00217349
-0.00299893
-0.00379688
-0.00471086
-0.00555731
-0.00650805
-0.00731344
-0.00850879
-0.00971021
-0.0114065
-0.0129161
-0.0117591
0.00129459
0.0392559
0.132712
1.65423e-05
7.88844e-06
3.08185e-05
7.01978e-05
0.000130738
0.00021273
0.000316824
0.000443488
0.000592678
0.000763561
0.000954204
0.00116125
0.0013796
0.00160215
0.00181974
0.00202147
0.00219529
0.0023277
0.00241567
0.00242768
2.52713e-05
1.59402e-05
3.85781e-05
7.62933e-05
0.000134542
0.000213752
0.000314784
0.000438334
0.000584604
0.000753044
0.000941997
0.0011482
0.00136721
0.00159187
0.001813
0.00201939
0.00219844
0.00233573
0.00242833
0.00244114
-2.32208e-07
-1.1476e-05
1.00446e-05
4.59979e-05
0.000102354
0.000179682
0.00027915
0.000401832
0.000548385
0.000718744
0.000911778
0.00112511
0.00135421
0.00159211
0.00182926
0.0020536
0.00225089
0.00240402
0.00250863
0.00252381
-4.4514e-05
-5.76523e-05
-3.7783e-05
-4.42013e-06
4.90733e-05
0.000123524
0.000220578
0.000341909
0.000488884
0.000662252
0.000861729
0.00108556
0.00133048
0.00158967
0.00185325
0.00210759
0.00233579
0.00251637
0.00264202
0.00266362
-0.000111301
-0.000126865
-0.000109265
-7.93631e-05
-2.97033e-05
4.08739e-05
0.000134653
0.000254109
0.000401583
0.000578977
0.000787287
0.00102601
0.00129312
0.00158249
0.0018842
0.00218315
0.00245889
0.00268302
0.00284264
0.00287655
-0.000199804
-0.000218452
-0.000203908
-0.000178685
-0.000134345
-6.93405e-05
1.9388e-05
0.000135314
0.000282038
0.000462991
0.000680916
0.000936922
0.00123196
0.00156064
0.00191391
0.00227541
0.00262049
0.00291104
0.0031239
0.00318104
-0.000309321
-0.000331844
-0.000321368
-0.000302473
-0.000265567
-0.000208692
-0.000127907
-1.857e-05
0.000124461
0.000306622
0.000533249
0.000809165
0.00113399
0.00150997
0.00192917
0.00237494
0.00281842
0.00320958
0.00350588
0.0036085
-0.000438994
-0.000466315
-0.000461156
-0.000450693
-0.000424013
-0.000378786
-0.000310135
-0.000212154
-7.79714e-05
0.000100167
0.000330573
0.000621308
0.000979024
0.0014087
0.00190809
0.00246347
0.00304342
0.00358664
0.00401495
0.00421044
-0.000587596
-0.000620753
-0.00062236
-0.000622877
-0.000609906
-0.000580861
-0.000529971
-0.000450082
-0.000332524
-0.000166995
5.83877e-05
0.000356691
0.000741212
0.00122487
0.00181519
0.00250674
0.00327083
0.00404111
0.00468237
0.0050729
-0.000753431
-0.000793575
-0.000803479
-0.000817895
-0.000822723
-0.000815362
-0.000789307
-0.000736332
-0.000646103
-0.000505777
-0.000299545
-8.27365e-06
0.000390342
0.000916253
0.00159639
0.00244333
0.00344431
0.00454445
0.00551852
0.00635955
-0.00093429
-0.000982681
-0.00100225
-0.00103372
-0.00106084
-0.00108142
-0.00108854
-0.00107332
-0.00102425
-0.000926588
-0.000761438
-0.000504768
-0.000126577
0.00040936
0.00115885
0.0021603
0.00344336
0.00500251
0.00649524
0.00831782
-0.00112751
-0.00118544
-0.00121524
-0.00126686
-0.00132084
-0.00137611
-0.00142561
-0.0014604
-0.00146867
-0.00143475
-0.00133784
-0.00114955
-0.000830312
-0.00032365
0.000431915
0.00151823
0.00306432
0.00519443
0.00738967
0.0111388
-0.00133051
-0.00140241
-0.00144193
-0.0015184
-0.00160167
-0.0016962
-0.00179605
-0.00189327
-0.00197667
-0.00203164
-0.00203922
-0.00197319
-0.00179514
-0.00144931
-0.000853511
0.000112295
0.00170489
0.00441466
0.00732277
0.0141841
-0.00153532
-0.00159714
-0.00164384
-0.00173338
-0.00185463
-0.00200467
-0.0021746
-0.00235361
-0.00253148
-0.00269753
-0.00283901
-0.00293836
-0.00296815
-0.00288402
-0.00260851
-0.00200935
-0.000940753
0.00142828
0.00286706
0.0132501
-0.00176581
-0.00192432
-0.00195977
-0.00212332
-0.00226415
-0.00244714
-0.00265737
-0.00289682
-0.00316292
-0.00345185
-0.00375843
-0.00408316
-0.00442869
-0.00480721
-0.00523833
-0.00577066
-0.00667272
-0.00575472
-0.00749774
0.00545753
-0.00203088
-0.00197069
-0.00199952
-0.00206941
-0.00225678
-0.00252102
-0.00285427
-0.00323354
-0.00365071
-0.00410217
-0.00459287
-0.00514542
-0.00580692
-0.00665482
-0.00792075
-0.00974252
-0.0133072
-0.0151838
-0.0188524
-0.00558133
-0.00190662
-0.00251872
-0.00249434
-0.0028864
-0.0030344
-0.00332476
-0.00364077
-0.0040259
-0.0044768
-0.00500991
-0.00561037
-0.00635822
-0.0073163
-0.00860526
-0.010955
-0.0138912
-0.0208922
-0.0275141
-0.030568
-0.0115654
-0.00362239
-0.00235765
-0.00227201
-0.00203346
-0.00226993
-0.00267427
-0.00322661
-0.00384499
-0.00452434
-0.00525118
-0.00603709
-0.00690447
-0.00805026
-0.00937379
-0.0121226
-0.0157849
-0.0232818
-0.031588
-0.0337263
-6.91947e-05
-0.000312005
-0.00354423
-0.00311993
-0.00396809
-0.00392849
-0.00430661
-0.00466731
-0.00518688
-0.00570762
-0.00651542
-0.00709302
-0.00793748
-0.00905588
-0.00982861
-0.0132793
-0.0164695
-0.0234402
-0.028706
-0.0194592
0.037121
-0.0139342
-0.00145562
-0.000974604
-0.00106109
-0.001503
-0.00210432
-0.0029371
-0.00374544
-0.004673
-0.0055351
-0.00650522
-0.00732911
-0.00855121
-0.00977528
-0.0115095
-0.0130461
-0.0119195
0.00115532
0.039432
0.133291
1.8457e-05
9.79823e-06
3.27308e-05
7.21282e-05
0.000132725
0.000214823
0.000319089
0.000446008
0.00059555
0.000766897
0.000958128
0.00116589
0.00138508
0.00160856
0.00182715
0.00202987
0.00220461
0.00233777
0.00242628
0.00243848
2.72565e-05
1.79183e-05
4.0559e-05
7.8293e-05
0.000136599
0.000215917
0.000317126
0.000440936
0.00058757
0.000756493
0.000946061
0.00115302
0.00137292
0.0015986
0.00182081
0.0020283
0.00220838
0.00234653
0.00243973
0.00245279
1.92767e-06
-9.32281e-06
1.21999e-05
4.81707e-05
0.000104584
0.000182022
0.000281672
0.00040463
0.000551573
0.00072246
0.000916179
0.00113037
0.0013605
0.00159958
0.00183805
0.00206374
0.00226232
0.00241656
0.00252197
0.00253749
-4.20783e-05
-5.52233e-05
-3.53544e-05
-1.97778e-06
5.15699e-05
0.000126131
0.000223375
0.000345001
0.000492404
0.000666367
0.000866635
0.00109148
0.00133765
0.00159832
0.00186357
0.0021197
0.00234964
0.00253175
0.00265854
0.00268065
-0.000108486
-0.000124057
-0.000106464
-7.6556e-05
-2.68494e-05
4.38341e-05
0.000137807
0.000257577
0.000405525
0.000583596
0.000792835
0.00103278
0.00130143
0.00159269
0.0018966
0.00219798
0.00247619
0.00270253
0.00286385
0.00289854
-0.00019649
-0.000215149
-0.000200621
-0.000175407
-0.000131037
-6.59408e-05
2.29751e-05
0.000139225
0.000286462
0.000468177
0.000687188
0.000944706
0.00124162
0.00157272
0.00192891
0.00229374
0.00264234
0.00293617
0.00315161
0.00321
-0.000305362
-0.000327901
-0.000317459
-0.0002986
-0.000261695
-0.000204762
-0.000123818
-1.41708e-05
0.000129385
0.000312366
0.000540196
0.000817785
0.001145
0.00152406
0.00194712
0.00239744
0.00284593
0.00324197
0.00354225
0.00364696
-0.000434207
-0.00046155
-0.000456454
-0.000446071
-0.000419447
-0.000374224
-0.000305478
-0.000207245
-7.25723e-05
0.000106396
0.000338103
0.000630768
0.000991245
0.0014247
0.00192902
0.0024905
0.00307749
0.00362797
0.00406248
0.00426147
-0.000581739
-0.000614931
-0.000616645
-0.000617308
-0.000604479
-0.000575544
-0.000524679
-0.000444664
-0.000326735
-0.000160467
6.61897e-05
0.000366513
0.000754068
0.00124214
0.00183854
0.00253801
0.00331177
0.00409266
0.00474367
0.0051402
-0.000746195
-0.000786391
-0.000796462
-0.000811121
-0.00081622
-0.000809132
-0.000783298
-0.000730419
-0.000640064
-0.000499245
-0.000291955
1.21615e-06
0.000402955
0.000933582
0.00162067
0.00247731
0.00349109
0.00460643
0.00559563
0.00644722
-0.000925276
-0.000973741
-0.00099356
-0.0010254
-0.00105297
-0.00107406
-0.00108169
-0.00106691
-0.00101814
-0.000920455
-0.000754775
-0.000496765
-0.000116023
0.00042423
0.00118075
0.00219306
0.00349211
0.00507234
0.00658918
0.00842966
-0.00111621
-0.00117425
-0.00120439
-0.00125656
-0.00131122
-0.0013673
-0.00141771
-0.00145346
-0.00146263
-0.00142945
-0.0013329
-0.00114434
-0.000823754
-0.000313966
0.000447232
0.0015438
0.0031077
0.00526467
0.00749803
0.0112748
-0.00131633
-0.00138844
-0.0014284
-0.00150564
-0.00158986
-0.00168556
-0.0017868
-0.00188561
-0.00197076
-0.00202755
-0.00203686
-0.00197229
-0.00179513
-0.00144918
-0.000851892
0.000118109
0.00172495
0.00446606
0.00743262
0.0143379
-0.0015175
-0.00157928
-0.00162655
-0.00171703
-0.00183956
-0.00199129
-0.00216331
-0.0023448
-0.0025255
-0.00269474
-0.00283974
-0.00294292
-0.00297673
-0.0028967
-0.00262544
-0.00203163
-0.000965567
0.00143369
0.00294599
0.013387
-0.0017441
-0.00190322
-0.00193903
-0.00210401
-0.00224626
-0.00243135
-0.00264418
-0.00288684
-0.00315682
-0.00345041
-0.0037626
-0.00409404
-0.00444757
-0.00483541
-0.00527734
-0.00581869
-0.00671646
-0.00584089
-0.0075063
0.00551182
-0.00200313
-0.00194305
-0.00197263
-0.00204383
-0.00223295
-0.00249978
-0.00283645
-0.00322008
-0.00364257
-0.0041005
-0.0045991
-0.00516141
-0.00583531
-0.00669885
-0.00798741
-0.00983974
-0.0134462
-0.0154092
-0.0189711
-0.00563199
-0.00187666
-0.00249071
-0.00246425
-0.0028583
-0.00300707
-0.00330016
-0.00361968
-0.0040098
-0.00446654
-0.00500716
-0.00561723
-0.0063773
-0.00735177
-0.00866112
-0.0110462
-0.0140285
-0.0211197
-0.0278975
-0.0308364
-0.0117226
-0.00358203
-0.0023178
-0.00223359
-0.00199654
-0.0022345
-0.00264144
-0.00319776
-0.00382171
-0.00450839
-0.00524426
-0.00604177
-0.00692319
-0.00808892
-0.00943428
-0.0122281
-0.015942
-0.0235498
-0.0320234
-0.0341004
-0.000193816
-0.000288038
-0.00351754
-0.00308537
-0.00393333
-0.00389098
-0.00426969
-0.00463222
-0.00515642
-0.00568443
-0.00649981
-0.00709076
-0.00794894
-0.00908771
-0.00987863
-0.0133707
-0.0165974
-0.0236454
-0.0290107
-0.0196323
0.0372465
-0.0138939
-0.00141457
-0.000930518
-0.00101439
-0.00145555
-0.00205792
-0.00289458
-0.00370886
-0.00464546
-0.00551757
-0.00650261
-0.00733986
-0.00858364
-0.00982423
-0.0115876
-0.0131422
-0.0120494
0.00101625
0.0394485
0.133576
1.97982e-05
1.11426e-05
3.40822e-05
7.34996e-05
0.000134142
0.00021632
0.000320713
0.000447814
0.000597607
0.000769283
0.000960929
0.00116919
0.00138897
0.00161311
0.0018324
0.00203582
0.00221121
0.0023449
0.00243379
0.00244614
2.86404e-05
1.93036e-05
4.19517e-05
7.97062e-05
0.000138058
0.000217459
0.000318797
0.000442796
0.000589689
0.000758956
0.00094896
0.00115646
0.00137698
0.00160337
0.00182635
0.00203461
0.00221541
0.00235416
0.0024478
0.00246103
3.42747e-06
-7.82117e-06
1.37083e-05
4.96989e-05
0.000106159
0.000183681
0.000283465
0.000406622
0.000553844
0.000725105
0.00091931
0.00113411
0.00136496
0.00160488
0.00184426
0.00207089
0.00227038
0.00242538
0.00253135
0.00254711
-4.03939e-05
-5.35371e-05
-3.36632e-05
-2.69175e-07
5.33235e-05
0.000127969
0.000225353
0.000347191
0.0004949
0.000669284
0.00087011
0.00109567
0.00134271
0.00160441
0.00187083
0.00212818
0.00235934
0.0025425
0.00267009
0.00269254
-0.000106545
-0.000122114
-0.00010452
-7.46005e-05
-2.48542e-05
4.59105e-05
0.000140026
0.000260022
0.000408305
0.000586854
0.000796744
0.00103755
0.00130727
0.00159984
0.00190527
0.00220831
0.0024882
0.00271605
0.00287852
0.00291374
-0.000194209
-0.000212868
-0.000198346
-0.000173132
-0.000128734
-6.35668e-05
2.54859e-05
0.000141967
0.000289566
0.000471814
0.000691582
0.000950141
0.00124836
0.00158111
0.0019393
0.00230639
0.00265736
0.00295338
0.00317054
0.00322977
-0.000302642
-0.000325184
-0.000314761
-0.00029592
-0.000259009
-0.000202029
-0.000120969
-1.11024e-05
0.000132821
0.000316371
0.000545034
0.000823778
0.00115262
0.00153378
0.00195943
0.00241281
0.00286462
0.00326389
0.00356676
0.00367279
-0.000430922
-0.000458273
-0.000453216
-0.000442881
-0.00041629
-0.000371064
-0.000302249
-0.00020384
-6.88277e-05
0.000110711
0.000343307
0.000637287
0.000999629
0.00143562
0.00194323
0.00250876
0.00310035
0.00365551
0.00409396
0.00429509
-0.00057773
-0.000610937
-0.000612719
-0.000613477
-0.00060074
-0.000571877
-0.000521028
-0.000440926
-0.000322746
-0.000155978
7.15366e-05
0.000373217
0.000762794
0.00125382
0.00185422
0.00255886
0.00333884
0.00412641
0.00478342
0.00518338
-0.000741257
-0.000781478
-0.000791659
-0.000806477
-0.000811757
-0.000804853
-0.00077917
-0.000726363
-0.00063593
-0.00049479
-0.000286803
7.62443e-06
0.000411422
0.000945158
0.00163678
0.00249968
0.00352153
0.00464619
0.00564445
0.00650168
-0.000919154
-0.000967657
-0.000987638
-0.00101973
-0.00104759
-0.00106902
-0.00107701
-0.00106255
-0.00101398
-0.000916312
-0.000750305
-0.000491432
-0.000109025
0.00043403
0.00119513
0.00221444
0.00352351
0.00511625
0.00664702
0.00849631
-0.00110859
-0.00116668
-0.00119705
-0.00124957
-0.00130468
-0.00136131
-0.00141235
-0.00144875
-0.00145855
-0.00142591
-0.00132966
-0.00114096
-0.000819531
-0.000307697
0.000457313
0.0015608
0.00313618
0.00530829
0.00756292
0.0113522
-0.00130685
-0.00137906
-0.0014193
-0.00149705
-0.00158188
-0.00167836
-0.00178055
-0.00188045
-0.00196681
-0.00202486
-0.00203539
-0.00197186
-0.00179531
-0.00144919
-0.000850385
0.000123947
0.00174222
0.0044989
0.00749718
0.0144224
-0.00150572
-0.00156744
-0.00161508
-0.00170615
-0.00182951
-0.00198235
-0.00215577
-0.00233891
-0.00252154
-0.00269295
-0.00284036
-0.00294614
-0.00298262
-0.00290512
-0.00263589
-0.00204249
-0.000971076
0.00144145
0.00299548
0.0134656
-0.00172996
-0.00188943
-0.00192543
-0.00209126
-0.00223441
-0.00242083
-0.00263535
-0.00288014
-0.00315272
-0.00344947
-0.00376543
-0.00410134
-0.00446009
-0.00485385
-0.00530252
-0.00585058
-0.00675063
-0.00588696
-0.00749913
0.00555398
-0.00198525
-0.00192518
-0.00195523
-0.00202721
-0.00221745
-0.00248591
-0.00282479
-0.00321125
-0.00363725
-0.00409948
-0.00460335
-0.00517213
-0.00585412
-0.0067276
-0.00802995
-0.00990058
-0.013531
-0.0155317
-0.0190361
-0.00565341
-0.00185802
-0.00247311
-0.00244529
-0.00284039
-0.00298954
-0.0032842
-0.00360585
-0.003999
-0.00445962
-0.0050052
-0.00562171
-0.00638989
-0.0073751
-0.00869766
-0.0111044
-0.0141147
-0.0212572
-0.0281183
-0.030994
-0.011821
-0.00355708
-0.00229292
-0.00220957
-0.00197329
-0.00221214
-0.00262062
-0.00317933
-0.00380671
-0.00449803
-0.00523974
-0.00604493
-0.00693573
-0.00811462
-0.00947466
-0.0122973
-0.0160452
-0.0237273
-0.0322869
-0.0343373
-0.000294336
-0.00027383
-0.00350109
-0.00306437
-0.00391196
-0.00386785
-0.00424673
-0.00461013
-0.00513693
-0.00566929
-0.00648934
-0.00708918
-0.00795656
-0.0091088
-0.00991328
-0.013432
-0.0166921
-0.023842
-0.0292212
-0.0197717
0.0372825
-0.0138701
-0.00139059
-0.000904743
-0.00098693
-0.0014273
-0.0020298
-0.00286825
-0.00368572
-0.00462773
-0.00550607
-0.00650063
-0.00734698
-0.00860454
-0.00985693
-0.0116359
-0.0131934
-0.0120637
0.000924773
0.0394239
0.133699
2.04976e-05
1.18448e-05
3.4789e-05
7.42177e-05
0.000134884
0.000217105
0.000321563
0.00044876
0.000598682
0.000770529
0.000962389
0.00117091
0.00139099
0.00161547
0.00183512
0.0020389
0.00221462
0.00234859
0.00243768
0.00245011
2.93599e-05
2.00251e-05
4.26778e-05
8.04442e-05
0.000138822
0.000218265
0.000319671
0.000443767
0.000590796
0.00076024
0.00095047
0.00115825
0.00137909
0.00160584
0.00182921
0.00203788
0.00221905
0.00235811
0.00245197
0.0024653
4.20439e-06
-7.04205e-06
1.44919e-05
5.04941e-05
0.000106979
0.000184546
0.0002844
0.00040766
0.000555027
0.000726482
0.000920937
0.00113604
0.00136727
0.00160762
0.00184747
0.00207459
0.00227454
0.00242994
0.00253619
0.00255208
-3.95252e-05
-5.26661e-05
-3.27885e-05
6.1611e-07
5.42334e-05
0.000128923
0.00022638
0.000348329
0.000496197
0.000670798
0.000871912
0.00109784
0.00134532
0.00160755
0.00187457
0.00213255
0.00236433
0.00254803
0.00267601
0.00269864
-0.000105547
-0.000121115
-0.000103519
-7.35912e-05
-2.3823e-05
4.69847e-05
0.000141174
0.000261287
0.000409745
0.00058854
0.000798765
0.00104001
0.00131028
0.00160351
0.00190972
0.0022136
0.00249435
0.00272296
0.00288601
0.00292149
-0.00019304
-0.000211698
-0.000197178
-0.000171961
-0.000127547
-6.23429e-05
2.67811e-05
0.000143383
0.000291167
0.00047369
0.000693845
0.000952933
0.00125181
0.00158541
0.00194461
0.00231284
0.002665
0.00296212
0.00318013
0.00323977
-0.000301252
-0.000323793
-0.000313379
-0.000294545
-0.00025763
-0.000200625
-0.000119504
-9.52437e-06
0.000134588
0.000318429
0.000547517
0.000826854
0.00115652
0.00153873
0.00196569
0.0024206
0.00287406
0.00327492
0.00357906
0.00368572
-0.000429247
-0.0004566
-0.000451562
-0.00044125
-0.000414673
-0.000369446
-0.000300595
-0.000202094
-6.69094e-05
0.000112918
0.000345964
0.000640603
0.00100389
0.00144116
0.00195041
0.00251794
0.0031118
0.00366924
0.0041096
0.00431171
-0.00057569
-0.000608903
-0.000610719
-0.000611522
-0.000598832
-0.000570004
-0.000519162
-0.000439017
-0.000320711
-0.000153692
7.42529e-05
0.00037661
0.000767191
0.00125969
0.00186208
0.00256927
0.00335228
0.00414305
0.00480292
0.00520442
-0.000738752
-0.000778983
-0.000789219
-0.000804116
-0.000809485
-0.000802674
-0.000777069
-0.000724299
-0.00063383
-0.000492531
-0.0002842
1.08486e-05
0.000415644
0.000950949
0.00164481
0.00251077
0.00353652
0.00466557
0.00566805
0.00652771
-0.000916058
-0.000964577
-0.000984639
-0.00101685
-0.00104486
-0.00106647
-0.00107463
-0.00106033
-0.00101188
-0.000914223
-0.00074806
-0.00048876
-0.000105506
0.000438908
0.00120227
0.00222502
0.0035389
0.00513745
0.00667455
0.00852745
-0.00110476
-0.00116287
-0.00119335
-0.00124604
-0.00130138
-0.00135829
-0.00140964
-0.00144637
-0.0014565
-0.00142413
-0.00132804
-0.00113929
-0.000817441
-0.000304595
0.000462355
0.00156933
0.00315029
0.00532923
0.00759334
0.0113874
-0.0013021
-0.00137436
-0.00141474
-0.00149273
-0.00157787
-0.00167474
-0.00177741
-0.00187786
-0.00196482
-0.00202351
-0.00203467
-0.00197167
-0.00179542
-0.00144915
-0.000849481
0.000127354
0.00175152
0.00451487
0.00752709
0.01446
-0.00149987
-0.00156155
-0.00160936
-0.00170073
-0.00182449
-0.00197788
-0.00215199
-0.00233596
-0.00251956
-0.00269206
-0.0028407
-0.00294777
-0.00298558
-0.00290927
-0.00264084
-0.00204717
-0.000971985
0.00144606
0.00301883
0.0135013
-0.00172299
-0.00188261
-0.00191871
-0.00208494
-0.00222851
-0.00241558
-0.00263094
-0.00287679
-0.00315067
-0.003449
-0.00376685
-0.004105
-0.00446632
-0.00486294
-0.00531487
-0.00586629
-0.00676798
-0.00590812
-0.00749611
0.00557476
-0.00197651
-0.00191642
-0.00194669
-0.00201904
-0.00220982
-0.00247908
-0.00281904
-0.00320688
-0.00363462
-0.00409899
-0.0046055
-0.00517749
-0.00586345
-0.00674179
-0.00805075
-0.00993009
-0.0135716
-0.0155871
-0.0190667
-0.0056618
-0.00184906
-0.0024646
-0.00243614
-0.00283169
-0.002981
-0.00327639
-0.00359903
-0.00399363
-0.00445617
-0.00500421
-0.00562392
-0.00639614
-0.00738665
-0.00871572
-0.0111328
-0.0141567
-0.0213229
-0.0282205
-0.0310686
-0.0118686
-0.00354514
-0.00228096
-0.00219802
-0.00196206
-0.00220135
-0.00261055
-0.00317039
-0.00379941
-0.00449297
-0.00523753
-0.00604653
-0.006942
-0.0081274
-0.00949481
-0.0123316
-0.0160965
-0.0238147
-0.0324117
-0.0344523
-0.000348895
-0.000267127
-0.0034932
-0.00305443
-0.0039018
-0.00385685
-0.00423579
-0.00459955
-0.00512753
-0.00566199
-0.00648418
-0.00708843
-0.00796037
-0.00911927
-0.00993081
-0.0134624
-0.0167402
-0.0239395
-0.0293256
-0.0198477
0.0372845
-0.0138589
-0.00137943
-0.000892744
-0.00097412
-0.00141406
-0.00201652
-0.00285571
-0.00367458
-0.00461912
-0.00550038
-0.00649961
-0.00735046
-0.00861481
-0.00987302
-0.0116591
-0.0132169
-0.0120679
0.000879641
0.0394019
0.133748
2.0521e-05
1.18674e-05
3.481e-05
7.42368e-05
0.000134901
0.00021712
0.000321576
0.000448771
0.000598692
0.000770537
0.000962396
0.00117092
0.001391
0.00161548
0.00183512
0.0020389
0.00221463
0.0023486
0.00243768
0.00245011
2.93825e-05
2.0047e-05
4.26982e-05
8.04627e-05
0.000138838
0.00021828
0.000319684
0.000443778
0.000590805
0.000760248
0.000950477
0.00115825
0.0013791
0.00160585
0.00182922
0.00203788
0.00221905
0.00235811
0.00245197
0.0024653
4.22556e-06
-7.02156e-06
1.45111e-05
5.05117e-05
0.000106995
0.00018456
0.000284412
0.00040767
0.000555036
0.000726489
0.000920943
0.00113605
0.00136727
0.00160762
0.00184747
0.00207459
0.00227454
0.00242994
0.0025362
0.00255208
-3.95059e-05
-5.26474e-05
-3.27708e-05
6.32457e-07
5.42481e-05
0.000128936
0.000226391
0.000348339
0.000496205
0.000670805
0.000871917
0.00109785
0.00134533
0.00160756
0.00187457
0.00213255
0.00236433
0.00254803
0.00267601
0.00269864
-0.00010553
-0.000121098
-0.000103503
-7.35764e-05
-2.38097e-05
4.69965e-05
0.000141184
0.000261296
0.000409752
0.000588546
0.00079877
0.00104001
0.00131028
0.00160352
0.00190972
0.0022136
0.00249435
0.00272296
0.00288601
0.00292149
-0.000193026
-0.000211683
-0.000197164
-0.000171948
-0.000127536
-6.23323e-05
2.67904e-05
0.000143391
0.000291174
0.000473696
0.00069385
0.000952937
0.00125181
0.00158541
0.00194461
0.00231284
0.002665
0.00296212
0.00318014
0.00323977
-0.000301239
-0.000323781
-0.000313367
-0.000294534
-0.00025762
-0.000200615
-0.000119496
-9.51684e-06
0.000134594
0.000318434
0.000547522
0.000826857
0.00115652
0.00153873
0.00196569
0.0024206
0.00287406
0.00327492
0.00357906
0.00368572
-0.000429236
-0.000456589
-0.000451552
-0.00044124
-0.000414664
-0.000369437
-0.000300587
-0.000202087
-6.69033e-05
0.000112924
0.000345969
0.000640606
0.00100389
0.00144116
0.00195041
0.00251794
0.0031118
0.00366924
0.0041096
0.00431171
-0.000575681
-0.000608894
-0.00061071
-0.000611514
-0.000598824
-0.000569997
-0.000519156
-0.000439011
-0.000320705
-0.000153688
7.42564e-05
0.000376612
0.000767193
0.00125969
0.00186208
0.00256927
0.00335228
0.00414305
0.00480292
0.00520442
-0.000738744
-0.000778975
-0.000789211
-0.000804109
-0.000809479
-0.000802668
-0.000777063
-0.000724294
-0.000633826
-0.000492528
-0.000284197
1.08513e-05
0.000415646
0.000950951
0.00164481
0.00251077
0.00353652
0.00466557
0.00566805
0.00652771
-0.000916051
-0.00096457
-0.000984633
-0.00101684
-0.00104486
-0.00106646
-0.00107463
-0.00106033
-0.00101188
-0.00091422
-0.000748057
-0.000488757
-0.000105503
0.000438911
0.00120228
0.00222502
0.0035389
0.00513745
0.00667456
0.00852745
-0.00110475
-0.00116286
-0.00119334
-0.00124604
-0.00130137
-0.00135828
-0.00140963
-0.00144636
-0.0014565
-0.00142413
-0.00132804
-0.00113929
-0.000817439
-0.000304593
0.000462358
0.00156933
0.00315029
0.00532923
0.00759334
0.0113874
-0.0013021
-0.00137436
-0.00141474
-0.00149273
-0.00157786
-0.00167474
-0.0017774
-0.00187785
-0.00196482
-0.00202351
-0.00203466
-0.00197167
-0.00179542
-0.00144915
-0.000849479
0.000127356
0.00175152
0.00451487
0.00752709
0.01446
-0.00149987
-0.00156155
-0.00160936
-0.00170072
-0.00182448
-0.00197788
-0.00215199
-0.00233596
-0.00251955
-0.00269206
-0.00284069
-0.00294777
-0.00298557
-0.00290927
-0.00264084
-0.00204717
-0.000971983
0.00144607
0.00301883
0.0135013
-0.00172298
-0.00188261
-0.0019187
-0.00208494
-0.0022285
-0.00241557
-0.00263094
-0.00287678
-0.00315067
-0.00344899
-0.00376685
-0.004105
-0.00446632
-0.00486294
-0.00531487
-0.00586629
-0.00676797
-0.00590812
-0.00749611
0.00557476
-0.00197651
-0.00191642
-0.00194669
-0.00201904
-0.00220982
-0.00247908
-0.00281903
-0.00320688
-0.00363462
-0.00409899
-0.00460549
-0.00517749
-0.00586345
-0.00674179
-0.00805075
-0.00993008
-0.0135716
-0.0155871
-0.0190667
-0.0056618
-0.00184906
-0.0024646
-0.00243613
-0.00283169
-0.002981
-0.00327638
-0.00359903
-0.00399363
-0.00445617
-0.00500421
-0.00562392
-0.00639613
-0.00738665
-0.00871572
-0.0111328
-0.0141567
-0.0213229
-0.0282205
-0.0310686
-0.0118686
-0.00354513
-0.00228096
-0.00219801
-0.00196206
-0.00220135
-0.00261055
-0.00317038
-0.00379941
-0.00449297
-0.00523753
-0.00604653
-0.006942
-0.0081274
-0.00949481
-0.0123316
-0.0160965
-0.0238147
-0.0324117
-0.0344523
-0.00034889
-0.000267125
-0.00349319
-0.00305443
-0.0039018
-0.00385685
-0.00423578
-0.00459955
-0.00512753
-0.00566199
-0.00648418
-0.00708843
-0.00796037
-0.00911927
-0.0099308
-0.0134624
-0.0167401
-0.0239395
-0.0293256
-0.0198477
0.0372845
-0.0138589
-0.00137943
-0.000892742
-0.000974118
-0.00141406
-0.00201652
-0.00285571
-0.00367458
-0.00461912
-0.00550038
-0.0064996
-0.00735046
-0.0086148
-0.00987302
-0.011659
-0.0132169
-0.0120679
0.000879641
0.0394019
0.133748
1.98699e-05
1.12117e-05
3.41465e-05
7.35575e-05
0.000134193
0.000216365
0.000320751
0.000447848
0.000597636
0.000769308
0.00096095
0.00116921
0.00138898
0.00161312
0.00183241
0.00203582
0.00221121
0.00234491
0.00243379
0.00244615
2.87096e-05
1.93704e-05
4.20139e-05
7.97625e-05
0.000138108
0.000217502
0.000318835
0.000442828
0.000589717
0.000758979
0.00094898
0.00115648
0.001377
0.00160338
0.00182636
0.00203462
0.00221542
0.00235416
0.0024478
0.00246104
3.49207e-06
-7.75874e-06
1.37668e-05
4.97523e-05
0.000106206
0.000183723
0.000283501
0.000406652
0.00055387
0.000725127
0.000919328
0.00113412
0.00136497
0.00160489
0.00184427
0.0020709
0.00227039
0.00242539
0.00253136
0.00254712
-4.03354e-05
-5.34803e-05
-3.36095e-05
-2.19735e-07
5.33679e-05
0.000128008
0.000225386
0.000347219
0.000494924
0.000669304
0.000870127
0.00109569
0.00134272
0.00160442
0.00187084
0.00212819
0.00235935
0.00254251
0.0026701
0.00269254
-0.000106493
-0.000122064
-0.000104472
-7.45558e-05
-2.48139e-05
4.59459e-05
0.000140056
0.000260047
0.000408327
0.000586873
0.00079676
0.00103756
0.00130728
0.00159985
0.00190528
0.00220832
0.00248821
0.00271606
0.00287853
0.00291374
-0.000194164
-0.000212824
-0.000198304
-0.000173093
-0.000128698
-6.3535e-05
2.55136e-05
0.000141991
0.000289586
0.000471832
0.000691597
0.000950153
0.00124837
0.00158112
0.00193931
0.0023064
0.00265737
0.00295339
0.00317055
0.00322978
-0.000302603
-0.000325146
-0.000314724
-0.000295886
-0.000258978
-0.000202001
-0.000120944
-1.108e-05
0.000132841
0.000316388
0.000545048
0.000823789
0.00115263
0.00153379
0.00195944
0.00241282
0.00286463
0.00326389
0.00356677
0.00367279
-0.000430889
-0.00045824
-0.000453186
-0.000442852
-0.000416263
-0.00037104
-0.000302227
-0.000203819
-6.88094e-05
0.000110726
0.00034332
0.000637296
0.000999636
0.00143563
0.00194324
0.00250876
0.00310035
0.00365552
0.00409397
0.00429509
-0.000577702
-0.00061091
-0.000612693
-0.000613452
-0.000600717
-0.000571855
-0.000521008
-0.000440908
-0.00032273
-0.000155965
7.15473e-05
0.000373225
0.000762801
0.00125382
0.00185422
0.00255887
0.00333885
0.00412641
0.00478343
0.00518339
-0.000741234
-0.000781455
-0.000791637
-0.000806457
-0.000811738
-0.000804835
-0.000779154
-0.000726348
-0.000635917
-0.000494779
-0.000286794
7.63275e-06
0.00041143
0.000945166
0.00163679
0.00249969
0.00352154
0.00464619
0.00564446
0.00650168
-0.000919134
-0.000967637
-0.00098762
-0.00101971
-0.00104757
-0.00106901
-0.001077
-0.00106253
-0.00101397
-0.000916303
-0.000750296
-0.000491423
-0.000109017
0.000434038
0.00119514
0.00221445
0.00352352
0.00511626
0.00664703
0.00849632
-0.00110858
-0.00116666
-0.00119703
-0.00124955
-0.00130467
-0.0013613
-0.00141234
-0.00144874
-0.00145855
-0.0014259
-0.00132965
-0.00114095
-0.000819523
-0.000307688
0.00045732
0.0015608
0.00313619
0.0053083
0.00756292
0.0113522
-0.00130684
-0.00137905
-0.00141929
-0.00149704
-0.00158187
-0.00167835
-0.00178054
-0.00188044
-0.0019668
-0.00202485
-0.00203538
-0.00197185
-0.00179531
-0.00144919
-0.000850379
0.000123954
0.00174223
0.0044989
0.00749719
0.0144224
-0.00150571
-0.00156743
-0.00161507
-0.00170614
-0.0018295
-0.00198234
-0.00215576
-0.0023389
-0.00252153
-0.00269294
-0.00284035
-0.00294613
-0.00298262
-0.00290512
-0.00263588
-0.00204249
-0.000971073
0.00144145
0.00299548
0.0134656
-0.00172995
-0.00188942
-0.00192542
-0.00209125
-0.0022344
-0.00242082
-0.00263534
-0.00288014
-0.00315271
-0.00344946
-0.00376542
-0.00410134
-0.00446009
-0.00485384
-0.00530252
-0.00585057
-0.00675062
-0.00588696
-0.00749912
0.00555399
-0.00198525
-0.00192517
-0.00195522
-0.0020272
-0.00221744
-0.00248591
-0.00282478
-0.00321124
-0.00363724
-0.00409947
-0.00460335
-0.00517213
-0.00585411
-0.0067276
-0.00802995
-0.00990058
-0.013531
-0.0155317
-0.0190361
-0.00565341
-0.00185801
-0.0024731
-0.00244528
-0.00284039
-0.00298954
-0.0032842
-0.00360584
-0.00399899
-0.00445961
-0.0050052
-0.0056217
-0.00638988
-0.00737509
-0.00869765
-0.0111044
-0.0141147
-0.0212572
-0.0281183
-0.030994
-0.011821
-0.00355707
-0.00229291
-0.00220956
-0.00197328
-0.00221214
-0.00262061
-0.00317932
-0.00380671
-0.00449803
-0.00523974
-0.00604493
-0.00693573
-0.00811462
-0.00947466
-0.0122973
-0.0160452
-0.0237273
-0.0322869
-0.0343373
-0.000294333
-0.000273823
-0.00350108
-0.00306436
-0.00391195
-0.00386784
-0.00424673
-0.00461013
-0.00513693
-0.00566929
-0.00648934
-0.00708918
-0.00795655
-0.00910879
-0.00991327
-0.013432
-0.0166921
-0.023842
-0.0292212
-0.0197717
0.0372825
-0.0138701
-0.00139059
-0.000904737
-0.000986925
-0.00142729
-0.0020298
-0.00286825
-0.00368572
-0.00462772
-0.00550606
-0.00650063
-0.00734698
-0.00860453
-0.00985693
-0.0116359
-0.0131934
-0.0120637
0.000924774
0.039424
0.133699
1.85819e-05
9.91822e-06
3.28416e-05
7.22274e-05
0.000132812
0.000214898
0.000319155
0.000446064
0.000595598
0.000766938
0.000958163
0.00116592
0.0013851
0.00160858
0.00182716
0.00202988
0.00220462
0.00233778
0.00242629
0.00243849
2.73767e-05
1.80338e-05
4.0666e-05
7.83892e-05
0.000136683
0.00021599
0.000317189
0.00044099
0.000587616
0.000756532
0.000946095
0.00115305
0.00137294
0.00159862
0.00182083
0.00202832
0.00220839
0.00234654
0.00243974
0.0024528
2.03914e-06
-9.2154e-06
1.23001e-05
4.82616e-05
0.000104664
0.000182092
0.000281732
0.000404681
0.000551616
0.000722496
0.00091621
0.0011304
0.00136052
0.0015996
0.00183807
0.00206376
0.00226234
0.00241657
0.00252198
0.0025375
-4.1978e-05
-5.51263e-05
-3.52631e-05
-1.89406e-06
5.16446e-05
0.000126196
0.000223431
0.000345048
0.000492444
0.0006664
0.000866663
0.00109151
0.00133767
0.00159834
0.00186359
0.00211971
0.00234966
0.00253176
0.00265856
0.00268066
-0.000108398
-0.000123971
-0.000106382
-7.64807e-05
-2.67818e-05
4.38933e-05
0.000137858
0.00025762
0.000405561
0.000583626
0.00079286
0.00103281
0.00130145
0.00159271
0.00189662
0.002198
0.0024762
0.00270254
0.00286386
0.00289854
-0.000196414
-0.000215074
-0.00020055
-0.000175341
-0.000130977
-6.58878e-05
2.30213e-05
0.000139265
0.000286496
0.000468205
0.000687212
0.000944727
0.00124164
0.00157273
0.00192892
0.00229375
0.00264235
0.00293617
0.00315161
0.00321001
-0.000305297
-0.000327837
-0.000317398
-0.000298543
-0.000261643
-0.000204715
-0.000123776
-1.41339e-05
0.000129417
0.000312393
0.000540219
0.000817804
0.00114502
0.00152407
0.00194712
0.00239745
0.00284593
0.00324198
0.00354226
0.00364697
-0.000434152
-0.000461496
-0.000456403
-0.000446023
-0.000419403
-0.000374183
-0.000305441
-0.000207212
-7.25427e-05
0.000106421
0.000338124
0.000630784
0.000991257
0.00142471
0.00192902
0.00249051
0.0030775
0.00362798
0.00406249
0.00426148
-0.000581693
-0.000614886
-0.000616602
-0.000617268
-0.000604442
-0.000575509
-0.000524647
-0.000444635
-0.000326709
-0.000160445
6.62077e-05
0.000366528
0.000754079
0.00124215
0.00183855
0.00253802
0.00331178
0.00409267
0.00474368
0.00514021
-0.000746156
-0.000786352
-0.000796426
-0.000811087
-0.000816188
-0.000809102
-0.00078327
-0.000730394
-0.000640042
-0.000499226
-0.00029194
1.23002e-06
0.000402968
0.000933594
0.00162068
0.00247732
0.0034911
0.00460644
0.00559564
0.00644723
-0.000925243
-0.000973709
-0.00099353
-0.00102537
-0.00105294
-0.00107403
-0.00108167
-0.00106689
-0.00101812
-0.00092044
-0.000754761
-0.000496751
-0.000116009
0.000424244
0.00118076
0.00219307
0.00349212
0.00507234
0.00658918
0.00842967
-0.00111619
-0.00117422
-0.00120437
-0.00125653
-0.00131119
-0.00136728
-0.0014177
-0.00145344
-0.00146261
-0.00142944
-0.00133289
-0.00114432
-0.000823741
-0.000313952
0.000447243
0.0015438
0.0031077
0.00526468
0.00749804
0.0112748
-0.00131631
-0.00138841
-0.00142837
-0.00150562
-0.00158984
-0.00168554
-0.00178679
-0.0018856
-0.00197075
-0.00202753
-0.00203684
-0.00197228
-0.00179512
-0.00144917
-0.000851886
0.000118116
0.00172496
0.00446607
0.00743263
0.0143379
-0.00151748
-0.00157926
-0.00162653
-0.00171701
-0.00183954
-0.00199127
-0.0021633
-0.00234478
-0.00252549
-0.00269473
-0.00283973
-0.00294291
-0.00297672
-0.00289669
-0.00262543
-0.00203162
-0.000965562
0.0014337
0.002946
0.013387
-0.00174409
-0.00190321
-0.00193901
-0.00210399
-0.00224625
-0.00243134
-0.00264417
-0.00288683
-0.0031568
-0.0034504
-0.00376259
-0.00409403
-0.00444756
-0.0048354
-0.00527733
-0.00581868
-0.00671645
-0.00584088
-0.0075063
0.00551182
-0.00200311
-0.00194303
-0.00197262
-0.00204382
-0.00223294
-0.00249977
-0.00283644
-0.00322007
-0.00364256
-0.00410049
-0.0045991
-0.0051614
-0.0058353
-0.00669884
-0.0079874
-0.00983974
-0.0134462
-0.0154092
-0.0189711
-0.00563198
-0.00187664
-0.0024907
-0.00246424
-0.00285828
-0.00300706
-0.00330014
-0.00361967
-0.00400979
-0.00446653
-0.00500715
-0.00561722
-0.0063773
-0.00735176
-0.00866111
-0.0110462
-0.0140285
-0.0211197
-0.0278975
-0.0308364
-0.0117226
-0.00358202
-0.00231779
-0.00223358
-0.00199653
-0.00223449
-0.00264143
-0.00319775
-0.00382171
-0.00450838
-0.00524425
-0.00604176
-0.00692319
-0.00808891
-0.00943428
-0.012228
-0.015942
-0.0235498
-0.0320234
-0.0341004
-0.000193812
-0.000288027
-0.00351753
-0.00308536
-0.00393332
-0.00389097
-0.00426968
-0.00463221
-0.00515641
-0.00568442
-0.00649981
-0.00709075
-0.00794893
-0.0090877
-0.00987863
-0.0133707
-0.0165974
-0.0236454
-0.0290107
-0.0196323
0.0372465
-0.0138939
-0.00141456
-0.000930508
-0.00101438
-0.00145554
-0.00205791
-0.00289457
-0.00370886
-0.00464545
-0.00551756
-0.0065026
-0.00733986
-0.00858364
-0.00982422
-0.0115876
-0.0131422
-0.0120494
0.00101625
0.0394485
0.133576
1.67299e-05
8.06748e-06
3.09822e-05
7.03426e-05
0.000130864
0.000212837
0.000316916
0.000443566
0.000592745
0.000763618
0.000954253
0.00116129
0.00137964
0.00160218
0.00181977
0.00202149
0.00219531
0.00232771
0.00241569
0.00242769
2.54507e-05
1.61116e-05
3.87353e-05
7.64331e-05
0.000134664
0.000213856
0.000314874
0.00043841
0.000584669
0.000753099
0.000942043
0.00114824
0.00136724
0.0015919
0.00181302
0.00201941
0.00219846
0.00233575
0.00242835
0.00244116
-6.76298e-08
-1.13182e-05
1.01906e-05
4.61291e-05
0.000102469
0.000179782
0.000279234
0.000401903
0.000548445
0.000718795
0.000911821
0.00112515
0.00135424
0.00159213
0.00182929
0.00205362
0.0022509
0.00240404
0.00250864
0.00252383
-4.43677e-05
-5.75112e-05
-3.76511e-05
-4.3002e-06
4.91796e-05
0.000123616
0.000220656
0.000341975
0.000488938
0.000662298
0.000861768
0.00108559
0.00133051
0.0015897
0.00185328
0.00210761
0.00233581
0.00251638
0.00264204
0.00266364
-0.000111174
-0.000126741
-0.000109149
-7.92561e-05
-2.96076e-05
4.09573e-05
0.000134724
0.000254169
0.000401633
0.000579019
0.000787322
0.00102604
0.00129314
0.00158251
0.00188422
0.00218317
0.00245891
0.00268303
0.00284265
0.00287656
-0.000199695
-0.000218347
-0.000203807
-0.000178592
-0.000134261
-6.92664e-05
1.94523e-05
0.000135369
0.000282085
0.00046303
0.000680948
0.00093695
0.00123198
0.00156066
0.00191393
0.00227542
0.00262051
0.00291105
0.00312391
0.00318105
-0.000309229
-0.000331755
-0.000321282
-0.000302393
-0.000265494
-0.000208627
-0.000127849
-1.85194e-05
0.000124505
0.000306659
0.000533279
0.000809191
0.00113401
0.00150998
0.00192918
0.00237495
0.00281843
0.00320959
0.00350588
0.00360851
-0.000438917
-0.00046624
-0.000461084
-0.000450626
-0.000423952
-0.00037873
-0.000310083
-0.000212109
-7.79315e-05
0.000100201
0.000330602
0.000621332
0.000979043
0.00140871
0.0019081
0.00246348
0.00304343
0.00358665
0.00401497
0.00421045
-0.000587531
-0.00062069
-0.0006223
-0.000622821
-0.000609853
-0.000580812
-0.000529926
-0.000450042
-0.000332488
-0.000166965
5.84132e-05
0.000356712
0.000741228
0.00122488
0.00181521
0.00250675
0.00327084
0.00404112
0.00468239
0.00507292
-0.000753376
-0.000793522
-0.000803429
-0.000817848
-0.000822679
-0.000815321
-0.00078927
-0.000736298
-0.000646073
-0.000505751
-0.000299523
-8.25461e-06
0.000390359
0.000916269
0.00159641
0.00244334
0.00344432
0.00454447
0.00551853
0.00635956
-0.000934245
-0.000982637
-0.00100221
-0.00103368
-0.0010608
-0.00108139
-0.00108851
-0.00107329
-0.00102423
-0.000926566
-0.000761418
-0.000504749
-0.000126559
0.000409379
0.00115887
0.00216032
0.00344337
0.00500252
0.00649525
0.00831783
-0.00112747
-0.0011854
-0.00121521
-0.00126683
-0.00132081
-0.00137608
-0.00142558
-0.00146038
-0.00146864
-0.00143473
-0.00133782
-0.00114953
-0.000830294
-0.000323633
0.00043193
0.00151824
0.00306433
0.00519444
0.00738968
0.0111388
-0.00133048
-0.00140238
-0.0014419
-0.00151837
-0.00160165
-0.00169618
-0.00179603
-0.00189325
-0.00197665
-0.00203162
-0.0020392
-0.00197317
-0.00179513
-0.0014493
-0.000853502
0.000112304
0.0017049
0.00441467
0.00732278
0.0141841
-0.00153529
-0.00159711
-0.00164381
-0.00173336
-0.00185461
-0.00200465
-0.00217458
-0.00235359
-0.00253146
-0.00269752
-0.002839
-0.00293834
-0.00296813
-0.00288401
-0.00260851
-0.00200934
-0.000940743
0.00142829
0.00286707
0.0132501
-0.00176579
-0.0019243
-0.00195975
-0.00212329
-0.00226413
-0.00244712
-0.00265735
-0.00289681
-0.0031629
-0.00345183
-0.00375842
-0.00408315
-0.00442868
-0.0048072
-0.00523832
-0.00577065
-0.00667271
-0.00575472
-0.00749773
0.00545753
-0.00203086
-0.00197067
-0.0019995
-0.00206939
-0.00225676
-0.00252101
-0.00285425
-0.00323352
-0.0036507
-0.00410216
-0.00459286
-0.00514541
-0.00580691
-0.00665481
-0.00792074
-0.00974251
-0.0133072
-0.0151838
-0.0188524
-0.00558132
-0.0019066
-0.0025187
-0.00249432
-0.00288638
-0.00303439
-0.00332475
-0.00364076
-0.00402588
-0.00447679
-0.00500989
-0.00561035
-0.00635821
-0.00731629
-0.00860525
-0.010955
-0.0138912
-0.0208922
-0.0275141
-0.030568
-0.0115654
-0.00362238
-0.00235763
-0.002272
-0.00203345
-0.00226992
-0.00267425
-0.0032266
-0.00384497
-0.00452433
-0.00525117
-0.00603708
-0.00690446
-0.00805025
-0.00937378
-0.0121225
-0.0157848
-0.0232818
-0.031588
-0.0337263
-6.91867e-05
-0.000311991
-0.00354422
-0.00311992
-0.00396807
-0.00392848
-0.00430659
-0.0046673
-0.00518687
-0.00570761
-0.00651541
-0.00709301
-0.00793747
-0.00905587
-0.00982861
-0.0132793
-0.0164695
-0.0234402
-0.028706
-0.0194591
0.037121
-0.0139342
-0.00145561
-0.00097459
-0.00106108
-0.00150299
-0.0021043
-0.00293709
-0.00374543
-0.00467299
-0.00553509
-0.00650521
-0.0073291
-0.0085512
-0.00977528
-0.0115095
-0.0130461
-0.0119195
0.00115533
0.0394321
0.133291
1.44176e-05
5.77867e-06
2.86955e-05
6.80431e-05
0.000128502
0.00021035
0.000314222
0.000440566
0.000589317
0.000759623
0.000949539
0.0011557
0.00137301
0.0015944
0.00181076
0.00201126
0.00218395
0.00231544
0.00240278
0.00241456
2.30205e-05
1.37089e-05
3.63358e-05
7.40225e-05
0.000132192
0.00021126
0.00031207
0.000435294
0.000581115
0.00074896
0.000937153
0.00114242
0.00136032
0.00158374
0.00180352
0.00200855
0.00218633
0.00232258
0.00241444
0.00242698
-2.7419e-06
-1.39634e-05
7.55144e-06
4.34831e-05
9.9765e-05
0.000176953
0.000276191
0.000398532
0.000544604
0.000714314
0.000906503
0.00111878
0.0013466
0.00158302
0.00181855
0.0020412
0.00223688
0.00238866
0.00249227
0.00250707
-4.74193e-05
-6.05314e-05
-4.06602e-05
-7.30869e-06
4.61186e-05
0.000120432
0.000217251
0.000338218
0.000484666
0.000657304
0.000855805
0.00107838
0.00132175
0.00157909
0.00184058
0.00209269
0.00231868
0.00249734
0.00262156
0.00264256
-0.00011473
-0.000130262
-0.00011265
-8.27445e-05
-3.31377e-05
3.73104e-05
0.000130852
0.000249921
0.000396811
0.00057337
0.000780528
0.00101772
0.0012829
0.0015699
0.00186882
0.0021647
0.0024373
0.00265859
0.00281602
0.00284895
-0.000203903
-0.000222514
-0.000207941
-0.000182693
-0.000138383
-7.34871e-05
1.50126e-05
0.000130539
0.000276629
0.000456634
0.000673195
0.000927283
0.00121997
0.00154559
0.00189512
0.00225233
0.00259285
0.00287912
0.00308856
0.00314403
-0.000314272
-0.00033675
-0.000326221
-0.000307265
-0.000270348
-0.00021354
-0.000132948
-2.39958e-05
0.000118379
0.00029951
0.00052462
0.000798434
0.00112019
0.00149219
0.0019064
0.00234621
0.00278306
0.00316771
0.00345861
0.00355832
-0.000445035
-0.000472296
-0.00046705
-0.000456469
-0.000429709
-0.000384469
-0.000315932
-0.000218269
-8.47081e-05
9.23709e-05
0.000321112
0.000609365
0.000963501
0.00138825
0.00188114
0.00242838
0.00299884
0.00353212
0.00395181
0.00414209
-0.000595038
-0.000628118
-0.000629581
-0.000629894
-0.000616732
-0.000587541
-0.000536618
-0.000456895
-0.000339821
-0.000175257
4.84641e-05
0.00034412
0.000724644
0.00120244
0.00178463
0.00246542
0.00321619
0.00397152
0.00459884
0.00497994
-0.00076269
-0.00080273
-0.000812411
-0.000826496
-0.000830968
-0.000823255
-0.000796923
-0.000743837
-0.000653797
-0.000514145
-0.000309336
-2.06081e-05
0.000373835
0.000893353
0.00156402
0.00239753
0.00338049
0.00445863
0.0054103
0.00623355
-0.000945917
-0.000994167
-0.00101341
-0.00104437
-0.00107089
-0.00109082
-0.0010973
-0.00108152
-0.00103213
-0.000934557
-0.000770192
-0.000515399
-0.000140744
0.000389246
0.001129
0.00211524
0.00337545
0.00490325
0.00635932
0.00814984
-0.00114222
-0.00119996
-0.0012293
-0.00128017
-0.00133325
-0.00138745
-0.00143578
-0.00146938
-0.00147653
-0.00144176
-0.00134449
-0.00115673
-0.000839502
-0.000337239
0.000410548
0.00148302
0.00300502
0.00509274
0.00722833
0.0109249
-0.00134922
-0.00142076
-0.00145967
-0.00153503
-0.00161705
-0.00171002
-0.00180806
-0.00190323
-0.00198443
-0.00203714
-0.00204253
-0.00197472
-0.00179567
-0.00145013
-0.00085564
0.000108923
0.00169786
0.00434312
0.00715561
0.013933
-0.00155924
-0.00162098
-0.00166687
-0.0017551
-0.0018746
-0.00202235
-0.00218949
-0.00236524
-0.00253943
-0.0027014
-0.00283837
-0.00293281
-0.00295733
-0.00286759
-0.00258498
-0.0019668
-0.000785467
0.00143879
0.00275031
0.0130272
-0.00179562
-0.00195311
-0.00198794
-0.00214926
-0.00228801
-0.00246803
-0.00267471
-0.00290991
-0.0031709
-0.00345377
-0.0037531
-0.00406899
-0.00440363
-0.00476881
-0.00518424
-0.00571238
-0.00671871
-0.00563217
-0.00753533
0.0053388
-0.0020695
-0.00200889
-0.00203662
-0.00210452
-0.00228938
-0.00254997
-0.00287845
-0.00325185
-0.00366179
-0.00410462
-0.00458495
-0.00512459
-0.00576924
-0.00659504
-0.00782684
-0.00960246
-0.0131097
-0.0148183
-0.0186809
-0.00548884
-0.00195074
-0.00255947
-0.00253779
-0.00292635
-0.00307267
-0.00335864
-0.00366955
-0.00404851
-0.00449042
-0.00501309
-0.0056009
-0.0063326
-0.00726877
-0.00852962
-0.0108267
-0.0136921
-0.0205471
-0.0269233
-0.0301715
-0.0113366
-0.00368146
-0.00241507
-0.0023274
-0.00208627
-0.0023206
-0.00272089
-0.00326714
-0.00387734
-0.00454626
-0.00526048
-0.00603097
-0.00687995
-0.00799953
-0.00929438
-0.0119806
-0.0155651
-0.0229018
-0.0309365
-0.0332195
3.99799e-05
-0.000351849
-0.00358556
-0.00317329
-0.00402092
-0.00398472
-0.0043608
-0.00471769
-0.00522949
-0.00573976
-0.00653518
-0.00709567
-0.00792167
-0.00901363
-0.00976665
-0.0131597
-0.0163066
-0.0231884
-0.0283138
-0.0193279
0.0367641
-0.013997
-0.00152018
-0.00104353
-0.00113348
-0.00157535
-0.00217347
-0.00299891
-0.00379687
-0.00471084
-0.00555729
-0.00650803
-0.00731343
-0.00850878
-0.0097102
-0.0114065
-0.0129161
-0.0117591
0.0012946
0.0392559
0.132712
1.17804e-05
3.22984e-06
2.61756e-05
6.5545e-05
0.000125959
0.000207685
0.000311339
0.000437349
0.000585629
0.000755306
0.000944416
0.00114959
0.00136574
0.00158583
0.00180081
0.00199993
0.00217137
0.00230188
0.00238853
0.00240018
2.01838e-05
1.09593e-05
3.36157e-05
7.13287e-05
0.00012946
0.000208415
0.000309016
0.000431912
0.000577262
0.000744466
0.000931829
0.00113606
0.00135273
0.00157475
0.00179303
0.00199654
0.00217291
0.00230804
0.00239911
0.00241145
-5.89581e-06
-1.70254e-05
4.52237e-06
4.04869e-05
9.67363e-05
0.000173813
0.000272839
0.000394837
0.000540405
0.000709418
0.000900685
0.00111179
0.00133819
0.00157295
0.00180665
0.00202741
0.00222128
0.00237157
0.00247409
0.00248857
-5.10508e-05
-6.40646e-05
-4.41552e-05
-1.07607e-05
4.26424e-05
0.000116849
0.000213451
0.000334053
0.000479949
0.000651801
0.000849236
0.00107041
0.00131204
0.0015673
0.00182641
0.00207598
0.00229947
0.00247597
0.00259857
0.00261899
-0.000118975
-0.000134401
-0.000116742
-8.67785e-05
-3.71834e-05
3.31658e-05
0.000126484
0.000245159
0.000391432
0.000567085
0.000772975
0.00100846
0.00127145
0.00155574
0.00185146
0.00214378
0.00241274
0.00263076
0.00278566
0.00281752
-0.000208926
-0.000227422
-0.000212788
-0.000187458
-0.000143138
-7.83232e-05
9.95769e-06
0.000125069
0.000270475
0.000449433
0.000664465
0.000916334
0.00120637
0.00152845
0.00187361
0.00222578
0.00256091
0.00284211
0.00304747
0.00310098
-0.000320289
-0.000342639
-0.000332024
-0.000312949
-0.000275979
-0.00021921
-0.000138806
-3.0262e-05
0.000111388
0.000291358
0.000514737
0.000786163
0.0011043
0.00147164
0.00187993
0.0023126
0.00274144
0.00311811
0.00340233
0.00349833
-0.000452328
-0.000479445
-0.000474072
-0.000463308
-0.00043642
-0.000391136
-0.000322707
-0.000225391
-9.25358e-05
8.33196e-05
0.000310114
0.000595447
0.00094534
0.0013642
0.00184923
0.00238652
0.00294518
0.0034659
0.00387454
0.00405769
-0.000603991
-0.000636899
-0.000638174
-0.000638203
-0.00062479
-0.000595409
-0.000544434
-0.0004649
-0.000348397
-0.000184982
3.67471e-05
0.000329213
0.000704876
0.00117553
0.00174766
0.00241493
0.00314867
0.00388451
0.00449332
0.00486058
-0.000773825
-0.000813654
-0.000823054
-0.000836703
-0.000840732
-0.000832592
-0.000805934
-0.000752735
-0.000662954
-0.000524157
-0.000321123
-3.55538e-05
0.000353681
0.000865182
0.00152377
0.0023399
0.00329915
0.00434779
0.00526881
0.0060637
-0.000959946
-0.00100793
-0.00102676
-0.00105706
-0.00108286
-0.001102
-0.00110773
-0.00109134
-0.00104163
-0.000944285
-0.000781018
-0.000528701
-0.000158625
0.000363549
0.00109039
0.00205601
0.00328486
0.00476981
0.0061745
0.00790918
-0.00116011
-0.0012175
-0.00124626
-0.00129616
-0.00134812
-0.00140102
-0.00144798
-0.00148022
-0.00148616
-0.00145055
-0.00135313
-0.00116638
-0.000852105
-0.000356076
0.000380479
0.00143175
0.00291644
0.00494834
0.00700088
0.0105993
-0.00137225
-0.00144319
-0.00148129
-0.00155519
-0.00163561
-0.00172668
-0.00182256
-0.00191535
-0.00199405
-0.00204431
-0.00204749
-0.00197795
-0.00179822
-0.00145388
-0.000863606
8.94881e-05
0.00164442
0.00423004
0.00691864
0.0135382
-0.0015893
-0.00165065
-0.00169547
-0.00178195
-0.00189921
-0.00204407
-0.00220774
-0.00237955
-0.00254941
-0.00270673
-0.00283866
-0.00292757
-0.00294604
-0.00284984
-0.00256137
-0.00194349
-0.000812551
0.00143626
0.00262949
0.0127255
-0.00183419
-0.00198991
-0.00202367
-0.00218172
-0.00231752
-0.00249353
-0.00269564
-0.00292557
-0.00318049
-0.00345627
-0.00374715
-0.00405247
-0.00437323
-0.00471923
-0.00510504
-0.00558463
-0.00649531
-0.00533501
-0.00736511
0.00534229
-0.00212026
-0.00205839
-0.00208458
-0.00214959
-0.00233104
-0.00258671
-0.00290886
-0.00327463
-0.00367565
-0.00410804
-0.00457595
-0.00509989
-0.00572305
-0.00651818
-0.0076954
-0.00938014
-0.0127392
-0.0141636
-0.0182711
-0.00516311
-0.00201479
-0.00261677
-0.0025976
-0.0029799
-0.00312265
-0.00340155
-0.0037046
-0.00407394
-0.0045054
-0.00501531
-0.00558834
-0.00630055
-0.00720938
-0.00843321
-0.0106523
-0.0134017
-0.0200019
-0.0260005
-0.0294759
-0.0109646
-0.00376538
-0.00249416
-0.00240377
-0.00215824
-0.00238919
-0.00278302
-0.00332006
-0.00391834
-0.00457333
-0.00527128
-0.00602316
-0.00685023
-0.00793797
-0.0091977
-0.0118011
-0.0152704
-0.0223752
-0.0300075
-0.0325016
5.84332e-05
-0.00042361
-0.00365047
-0.00325454
-0.00409765
-0.00406397
-0.0044342
-0.00478325
-0.00528234
-0.005778
-0.00655457
-0.00709583
-0.0078999
-0.0089605
-0.00969994
-0.0130138
-0.016119
-0.0228937
-0.0278788
-0.0192751
0.0359752
-0.0140989
-0.00162684
-0.00115622
-0.00124824
-0.00168496
-0.00227357
-0.00308455
-0.00386548
-0.00475956
-0.00558403
-0.00650952
-0.00729359
-0.00845501
-0.00963866
-0.0112811
-0.0127823
-0.011586
0.00133576
0.0388436
0.131545
8.9778e-06
6.33938e-07
2.36368e-05
6.30766e-05
0.000123474
0.000205098
0.000308546
0.000434226
0.000582034
0.000751071
0.000939352
0.0011435
0.00135845
0.00157718
0.00179071
0.0019884
0.00215857
0.00228812
0.00237413
0.00238581
1.70107e-05
8.02014e-06
3.07366e-05
6.85342e-05
0.000126668
0.000205544
0.000305965
0.000428557
0.000573454
0.000740029
0.000926563
0.00112974
0.00134516
0.00156574
0.00178246
0.00198441
0.00215935
0.00229338
0.00238368
0.002396
-9.46484e-06
-2.0344e-05
1.27011e-06
3.73313e-05
9.3593e-05
0.000170598
0.000269445
0.00039113
0.000536217
0.000704548
0.000894897
0.00110481
0.00132975
0.0015628
0.00179461
0.00201341
0.00220542
0.00235422
0.00245567
0.00247001
-5.52028e-05
-6.79503e-05
-4.79662e-05
-1.44587e-05
3.89705e-05
0.000113116
0.000209539
0.000329812
0.000475184
0.000646272
0.00084265
0.00106242
0.00130225
0.00155534
0.00181197
0.00205888
0.00227976
0.00245407
0.00257502
0.00259505
-0.000123836
-0.000138974
-0.000121231
-9.11365e-05
-4.15008e-05
2.87953e-05
0.00012193
0.000240247
0.000385929
0.000560695
0.000765331
0.000999109
0.00125979
0.00154121
0.00183355
0.00212211
0.00238722
0.00260181
0.00275404
0.00278499
-0.000214668
-0.00023285
-0.000218119
-0.000192632
-0.000148249
-8.34704e-05
4.62926e-06
0.000119355
0.000264093
0.000442009
0.00065551
0.000905106
0.00119233
0.00151061
0.00185111
0.00219785
0.00252715
0.00280287
0.00300381
0.00305533
-0.000327142
-0.000349146
-0.000338413
-0.000319139
-0.000282065
-0.000225293
-0.000145044
-3.68901e-05
0.000104032
0.000282802
0.000504346
0.000773227
0.00108755
0.00144989
0.00185175
0.00227659
0.00269655
0.00306435
0.00334109
0.0034329
-0.000460609
-0.000487336
-0.000481808
-0.000470778
-0.000443711
-0.000398342
-0.000329993
-0.000233016
-0.000100889
7.36724e-05
0.000298368
0.000580521
0.000925843
0.00133828
0.00181461
0.00234072
0.00288599
0.00339229
0.00378814
0.00396247
-0.000614131
-0.000646595
-0.000647653
-0.000647307
-0.000633586
-0.000603971
-0.00055292
-0.000473578
-0.000357689
-0.000195526
2.40142e-05
0.000312955
0.000683203
0.00114587
0.00170659
0.00235835
0.00307227
0.00378498
0.00437171
0.00472062
-0.000786425
-0.000825739
-0.000834825
-0.000847928
-0.000851441
-0.000842819
-0.000815807
-0.000762506
-0.000673044
-0.000535242
-0.000334242
-5.22752e-05
0.000331065
0.000833262
0.00147776
0.00227339
0.00320432
0.00421696
0.00510067
0.00585508
-0.000975858
-0.00102322
-0.00104159
-0.00107109
-0.00109606
-0.00111433
-0.00111925
-0.00110224
-0.00105229
-0.00095531
-0.000793433
-0.00054412
-0.000179554
0.000333255
0.00104442
0.00198499
0.00317558
0.00460732
0.00594904
0.00760144
-0.00118054
-0.00123718
-0.00126527
-0.00131399
-0.00136465
-0.0014161
-0.00146157
-0.00149239
-0.00149713
-0.00146079
-0.00136347
-0.00117828
-0.000867972
-0.000379982
0.00034227
0.00136691
0.00280506
0.00476692
0.00671839
0.0101686
-0.00139891
-0.00146869
-0.00150582
-0.00157786
-0.00165641
-0.00174531
-0.00183881
-0.00192906
-0.00200514
-0.00205287
-0.00205387
-0.00198288
-0.00180305
-0.00146116
-0.000877509
5.87357e-05
0.00156982
0.00408141
0.00662205
0.013003
-0.00162492
-0.00168517
-0.00172867
-0.00181299
-0.00192755
-0.00206898
-0.00222863
-0.002396
-0.00256109
-0.00271335
-0.00284004
-0.00292342
-0.00293584
-0.00283316
-0.00253874
-0.00192006
-0.000824981
0.0014421
0.00251645
0.0123261
-0.00188155
-0.00203433
-0.00206635
-0.00221984
-0.00235173
-0.00252271
-0.00271935
-0.00294318
-0.00319127
-0.00345938
-0.00374131
-0.00403542
-0.00434117
-0.00466515
-0.00501397
-0.00543037
-0.00623873
-0.00495995
-0.00723158
0.00534187
-0.0021827
-0.00211802
-0.00214255
-0.00220395
-0.0023812
-0.00263071
-0.00294504
-0.00330172
-0.00369233
-0.00411289
-0.00456737
-0.00507468
-0.00567492
-0.00643561
-0.00754712
-0.00911234
-0.0122825
-0.0132885
-0.0178202
-0.00474074
-0.0021041
-0.00269604
-0.0026774
-0.0030496
-0.00318572
-0.00345453
-0.00374704
-0.00410437
-0.00452186
-0.00501597
-0.00557305
-0.0062644
-0.00714502
-0.00832878
-0.0104556
-0.0130469
-0.0193191
-0.024779
-0.0287202
-0.0104322
-0.00387157
-0.00259141
-0.00249971
-0.00224943
-0.00247672
-0.0028615
-0.00338535
-0.0039686
-0.00460562
-0.00528317
-0.00601481
-0.00681898
-0.00787672
-0.00910058
-0.0116265
-0.0149315
-0.0218249
-0.0288965
-0.0320307
-8.19032e-05
-0.000554396
-0.00376252
-0.00337999
-0.00421505
-0.00417843
-0.00453673
-0.00487048
-0.00534791
-0.00582288
-0.00656607
-0.00709198
-0.00786937
-0.00890251
-0.00964209
-0.0128809
-0.0159264
-0.0227032
-0.0275137
-0.0197889
0.0345797
-0.0142339
-0.00177523
-0.00131426
-0.00140765
-0.00183312
-0.00240427
-0.00319179
-0.0039464
-0.00481452
-0.00560638
-0.00651024
-0.00726333
-0.00840821
-0.00955779
-0.0111805
-0.0126601
-0.0115496
0.0011181
0.0376558
0.129552
6.18929e-06
-1.50251e-06
2.16377e-05
6.12347e-05
0.000121646
0.000203169
0.000306401
0.000431732
0.000579035
0.000747394
0.000934813
0.0011379
0.00135162
0.00156896
0.00178102
0.00197728
0.00214621
0.00227495
0.00236049
0.00237281
1.33853e-05
5.03101e-06
2.788e-05
6.58705e-05
0.000124079
0.000202935
0.000303233
0.000425577
0.000570076
0.000736077
0.000921832
0.00112401
0.00133821
0.00155739
0.0017726
0.00197304
0.00214665
0.00227977
0.00236948
0.00238249
-1.36387e-05
-2.38382e-05
-2.0831e-06
3.41947e-05
9.05495e-05
0.000167553
0.000266291
0.000387734
0.000532415
0.000700138
0.000889644
0.00109844
0.00132198
0.00155338
0.00178336
0.00200027
0.00219054
0.00233807
0.00243865
0.00245365
-6.01207e-05
-7.21496e-05
-5.20177e-05
-1.8269e-05
3.52771e-05
0.000109443
0.000205771
0.000325799
0.000470739
0.000641161
0.000836588
0.00105505
0.00129316
0.00154415
0.00179838
0.00204274
0.00226116
0.00243351
0.00255305
0.00257358
-0.00012957
-0.000143945
-0.000126048
-9.56908e-05
-4.59229e-05
2.4404e-05
0.000117441
0.000235488
0.000380675
0.000554663
0.000758195
0.000990522
0.00124883
0.00152743
0.00181646
0.00210135
0.00236273
0.00257415
0.00272396
0.00275495
-0.000221372
-0.000238739
-0.000223847
-0.000198073
-0.00015354
-8.87203e-05
-7.23987e-07
0.000113697
0.000257858
0.000434849
0.000647077
0.000895711
0.00117897
0.00149338
0.00182922
0.00217055
0.00249404
0.00276444
0.00296112
0.0030116
-0.000335054
-0.00035618
-0.000345273
-0.000325673
-0.000288417
-0.000231576
-0.000151419
-4.35928e-05
9.66643e-05
0.000274276
0.000493883
0.000759057
0.0010708
0.00142831
0.00182366
0.00224048
0.0026513
0.00301004
0.00327914
0.00336725
-0.000470062
-0.000495836
-0.000490105
-0.000478686
-0.000451373
-0.00040587
-0.00033756
-0.000240889
-0.000109464
6.38092e-05
0.000286357
0.000565134
0.000905954
0.00131181
0.00177905
0.00229332
0.00282423
0.00331497
0.00369699
0.00386132
-0.000625592
-0.000657008
-0.000657814
-0.000656971
-0.000642886
-0.000613005
-0.000561865
-0.00048272
-0.000367473
-0.000206623
1.06122e-05
0.000295809
0.000660223
0.00111444
0.0016628
0.00229748
0.00298918
0.00367529
0.00423656
0.00456147
-0.00080056
-0.000838704
-0.000847449
-0.000859879
-0.000862826
-0.000853703
-0.000826352
-0.000772998
-0.000683956
-0.000547312
-0.00034861
-7.06558e-05
0.000306138
0.000797992
0.00142651
0.00219851
0.00309615
0.00406476
0.00490279
0.00559589
-0.000993634
-0.00103967
-0.00105755
-0.00108609
-0.00111016
-0.00112754
-0.00113169
-0.00111417
-0.00106415
-0.000967848
-0.000807837
-0.000562234
-0.000204194
0.000297453
0.000989582
0.00190002
0.00304352
0.00440594
0.00566645
0.0071769
-0.00120342
-0.00125849
-0.00128587
-0.00133319
-0.00138241
-0.00143234
-0.00147633
-0.00150587
-0.00150971
-0.00147311
-0.00137666
-0.00119415
-0.000889509
-0.000412216
0.000291607
0.00128374
0.00266292
0.00452699
0.00634708
0.00951395
-0.00142906
-0.00149666
-0.00153265
-0.0016024
-0.00167881
-0.00176539
-0.00185649
-0.00194432
-0.00201812
-0.00206394
-0.00206372
-0.00199252
-0.0018142
-0.00147667
-0.000902177
1.49522e-05
0.0014753
0.00387994
0.00624389
0.0121421
-0.00166633
-0.00172422
-0.0017661
-0.00184777
-0.00195903
-0.00209649
-0.0022517
-0.00241443
-0.00257494
-0.00272288
-0.00284553
-0.00292469
-0.00293227
-0.00282299
-0.00251837
-0.00188811
-0.000801086
0.00148079
0.00253221
0.0118155
-0.00193909
-0.0020859
-0.00211507
-0.00226186
-0.0023885
-0.00255327
-0.00274377
-0.0029613
-0.00320279
-0.00346369
-0.00373762
-0.00402122
-0.00431082
-0.00460622
-0.00489899
-0.00519806
-0.00578246
-0.00423818
-0.00635818
0.00591223
-0.00226231
-0.00219064
-0.00221256
-0.0022691
-0.00244005
-0.00268139
-0.00298587
-0.00333172
-0.00371093
-0.00411928
-0.00456063
-0.0050515
-0.00562648
-0.00634249
-0.00735383
-0.00871321
-0.0114859
-0.0117443
-0.0162737
-0.00305519
-0.0022398
-0.00280671
-0.00277995
-0.0031331
-0.00325601
-0.00350845
-0.00378574
-0.00412812
-0.00453148
-0.00500925
-0.00555178
-0.00622259
-0.00707351
-0.00820773
-0.0102016
-0.0125433
-0.0182951
-0.0227051
-0.0266716
-0.00910564
-0.00402747
-0.00272115
-0.00263031
-0.00237229
-0.00259051
-0.00295896
-0.00346205
-0.00402216
-0.00463638
-0.00529006
-0.00600096
-0.00678408
-0.00781326
-0.00899756
-0.011433
-0.0144902
-0.0210688
-0.0273707
-0.0305522
-0.000439437
-0.000870267
-0.00397117
-0.00358406
-0.00438164
-0.00432349
-0.0046489
-0.00495205
-0.00539813
-0.00585178
-0.00654551
-0.00706443
-0.00781736
-0.00882674
-0.00959732
-0.0127429
-0.0157157
-0.0225642
-0.0272268
-0.0200552
0.0318269
-0.0145263
-0.00207284
-0.00161556
-0.00168416
-0.00206393
-0.00259065
-0.00333225
-0.00404582
-0.00487553
-0.00562457
-0.00650255
-0.00722545
-0.0083606
-0.00948168
-0.0110962
-0.0125507
-0.0114898
0.000384809
0.0359611
0.125005
3.74444e-06
-3.00872e-06
2.02654e-05
6.00335e-05
0.000120461
0.000201897
0.000304935
0.000429953
0.000576863
0.000744656
0.000931312
0.00113344
0.00134599
0.00156204
0.00177276
0.00196771
0.00213554
0.00226366
0.0023489
0.0023627
9.58507e-06
2.3051e-06
2.52763e-05
6.35213e-05
0.000121847
0.000200744
0.000300999
0.000423202
0.000567442
0.000733037
0.000918212
0.0011196
0.00133281
0.00155081
0.00176475
0.0019639
0.0021364
0.00226887
0.00235821
0.00237261
-1.80456e-05
-2.70723e-05
-5.18837e-06
3.13697e-05
8.78742e-05
0.000164951
0.000263675
0.000384996
0.000529419
0.000696713
0.000885586
0.0010935
0.00131591
0.00154595
0.0017744
0.0019897
0.00217852
0.00232511
0.0024251
0.00244159
-6.53119e-05
-7.60899e-05
-5.5825e-05
-2.17706e-05
3.19489e-05
0.000106215
0.000202555
0.00032248
0.000467158
0.000637113
0.000831821
0.00104924
0.00128599
0.00153527
0.0017875
0.00202973
0.00224612
0.00241701
0.00253553
0.00255754
-0.000135572
-0.000148604
-0.000130575
-9.98928e-05
-4.99397e-05
2.04944e-05
0.00011354
0.00023146
0.000376336
0.000549761
0.000752392
0.000983254
0.00123997
0.00151633
0.00180262
0.00208444
0.00234275
0.00255173
0.00269973
0.00273203
-0.000228326
-0.000244238
-0.000229219
-0.0002031
-0.000158371
-9.34407e-05
-5.44764e-06
0.000108809
0.000252579
0.000428875
0.000640043
0.000887295
0.00116796
0.00147923
0.00181119
0.00214797
0.00246664
0.00273286
0.00292628
0.00297734
-0.000343189
-0.000362724
-0.000351694
-0.000331718
-0.000294244
-0.000237275
-0.000157123
-4.94939e-05
9.02853e-05
0.000267016
0.000485169
0.000748116
0.00105693
0.00141027
0.0018001
0.00221009
0.00261319
0.0029646
0.00322776
0.00331427
-0.000479699
-0.000503714
-0.00049786
-0.00048601
-0.00045843
-0.000412752
-0.000344412
-0.000247935
-0.000117039
5.52184e-05
0.000276065
0.000552263
0.000889181
0.0012893
0.00174867
0.00225273
0.00277133
0.00324907
0.00362012
0.00377749
-0.000637178
-0.000666629
-0.000667293
-0.000665929
-0.000651479
-0.000621318
-0.00057005
-0.000491024
-0.000376279
-0.00021651
-1.211e-06
0.000280779
0.000639901
0.0010871
0.00162465
0.00224445
0.00291697
0.00358045
0.00412138
0.00442566
-0.000814728
-0.000850646
-0.000859203
-0.000870959
-0.000873367
-0.000863764
-0.00083608
-0.00078265
-0.000693948
-0.000558301
-0.000361616
-8.71989e-05
0.000284145
0.000766807
0.00138108
0.00213232
0.0030011
0.00393217
0.00473507
0.00537146
-0.00101132
-0.00105478
-0.00107238
-0.00109999
-0.00112322
-0.00113979
-0.00114323
-0.00112524
-0.00107517
-0.000979497
-0.000821194
-0.000578999
-0.000227018
0.000264132
0.000938923
0.00182265
0.00292553
0.00422927
0.00543035
0.00680698
-0.00122605
-0.00127812
-0.00130505
-0.00135105
-0.00139892
-0.00144744
-0.0014901
-0.0015185
-0.00152157
-0.00148485
-0.00138934
-0.00120959
-0.000910762
-0.000443953
0.000241683
0.00120589
0.00253424
0.00431204
0.00604542
0.00894784
-0.00145883
-0.00152242
-0.00155759
-0.00162513
-0.00169957
-0.00178404
-0.00187298
-0.00195868
-0.00203051
-0.00207477
-0.00207376
-0.0020031
-0.00182746
-0.00149597
-0.000933986
-3.79385e-05
0.0013731
0.00366841
0.00594466
0.0114265
-0.00170762
-0.00176127
-0.00180176
-0.00188102
-0.00198894
-0.0021226
-0.00227359
-0.00243201
-0.00258842
-0.00273267
-0.00285224
-0.00292913
-0.00293537
-0.00282611
-0.00252288
-0.00189032
-0.000796896
0.00143721
0.0026602
0.0114033
-0.00199789
-0.00213715
-0.00216321
-0.00230368
-0.00242456
-0.00258293
-0.00276721
-0.00297846
-0.00321384
-0.00346846
-0.0037364
-0.00401345
-0.00429467
-0.00457608
-0.00484273
-0.00507638
-0.00553982
-0.00393963
-0.00596016
0.00622645
-0.00234066
-0.00225844
-0.00227919
-0.00233204
-0.00249699
-0.00273063
-0.00302546
-0.00336091
-0.00372911
-0.00412657
-0.00455796
-0.0050388
-0.0056014
-0.00629583
-0.00726474
-0.00848709
-0.0110378
-0.0107559
-0.0158425
-0.00186413
-0.00239786
-0.00294716
-0.00289774
-0.00323417
-0.00333869
-0.00357307
-0.00383388
-0.00415695
-0.00454194
-0.00500098
-0.00553145
-0.0061891
-0.00702771
-0.0081383
-0.0100698
-0.0121978
-0.0176722
-0.0209026
-0.0263639
-0.00793763
-0.00414424
-0.00282241
-0.00274845
-0.00249692
-0.00270829
-0.00305902
-0.00353834
-0.00407452
-0.00466325
-0.00529257
-0.00598649
-0.00675931
-0.007788
-0.00895414
-0.0114364
-0.014172
-0.0210319
-0.0259451
-0.032903
-0.000982086
-0.00132975
-0.00437468
-0.00390149
-0.00465624
-0.00455868
-0.00483592
-0.00508604
-0.00547289
-0.0058858
-0.00650039
-0.00701484
-0.00775035
-0.00875417
-0.00959
-0.012772
-0.0155061
-0.023062
-0.0280403
-0.0234996
0.0287274
-0.0147107
-0.00233975
-0.00191533
-0.00195467
-0.00229105
-0.00277844
-0.00347051
-0.00414086
-0.00492172
-0.00562921
-0.00649115
-0.00718379
-0.00837653
-0.00939403
-0.0112462
-0.0125819
-0.0121496
-0.00151918
0.0313025
0.119343
1.86151e-06
-1.31885e-06
2.21548e-05
6.21806e-05
0.000122515
0.00020368
0.000306317
0.000430806
0.000576928
0.000743808
0.000929417
0.00113029
0.00134145
0.00155592
0.00176498
0.00195834
0.00212487
0.00225256
0.00233784
0.0023567
3.52385e-06
-1.65362e-07
2.29438e-05
6.16426e-05
0.000120198
0.000199247
0.0002996
0.00042183
0.00056599
0.000731386
0.000916218
0.00111719
0.00132945
0.00154647
0.00175931
0.00195734
0.00212892
0.00226119
0.00235055
0.00237023
-2.51077e-05
-3.02208e-05
-8.18804e-06
2.88798e-05
8.56612e-05
0.000162945
0.000261822
0.00038322
0.000527606
0.000694717
0.000883245
0.00109055
0.00131212
0.00154106
0.00176823
0.00198215
0.0021698
0.00231603
0.00241595
0.00243837
-7.35096e-05
-8.01501e-05
-5.97458e-05
-2.51404e-05
2.88994e-05
0.000103422
0.00019997
0.000320022
0.000464711
0.000634518
0.000828887
0.0010458
0.00128137
0.00152933
0.00177998
0.0020205
0.00223534
0.00240561
0.0025239
0.00255251
-0.00014472
-0.000153358
-0.000135218
-0.000103973
-5.37001e-05
1.69869e-05
0.000110229
0.000228256
0.000373097
0.000546288
0.000748429
0.000978609
0.00123386
0.00150852
0.00179269
0.00207209
0.00232811
0.00253587
0.0026833
0.002723
-0.000238506
-0.000249717
-0.000234631
-0.000207952
-0.000162923
-9.77668e-05
-9.61874e-06
0.000104683
0.000248329
0.000424242
0.000634626
0.000880283
0.00115961
0.00146864
0.00179759
0.00213075
0.00244573
0.00270956
0.00290158
0.00296076
-0.000354619
-0.000369083
-0.000358045
-0.000337512
-0.000299759
-0.000242598
-0.000162342
-5.47479e-05
8.47857e-05
0.00026096
0.000478109
0.000739487
0.00104594
0.00139592
0.00178123
0.00218556
0.0025824
0.0029289
0.00318883
0.00328314
-0.000492677
-0.000511181
-0.000505387
-0.000492976
-0.000465129
-0.000419281
-0.000350884
-0.000254524
-0.000124006
4.74939e-05
0.000267067
0.000541391
0.000875943
0.00127014
0.00172248
0.00221742
0.00272504
0.00319228
0.00355614
0.0037158
-0.000652092
-0.00067551
-0.000676308
-0.000674358
-0.000659629
-0.000629294
-0.00057799
-0.000499143
-0.000384901
-0.000226121
-1.2522e-05
0.000266817
0.000622209
0.00106163
0.00158831
0.00219344
0.00284668
0.0034878
0.00401223
0.00429802
-0.000832101
-0.000861365
-0.000870128
-0.000881236
-0.000883298
-0.000873462
-0.000845709
-0.000792468
-0.000704358
-0.000569934
-0.000375504
-0.000105114
0.000258768
0.000733587
0.00133258
0.00206046
0.00289527
0.00378086
0.00454465
0.0050938
-0.00103191
-0.00106796
-0.00108581
-0.00111264
-0.00113536
-0.00115153
-0.00115477
-0.00113687
-0.00108736
-0.000992992
-0.000837187
-0.000599369
-0.000254346
0.000227688
0.000873931
0.0017221
0.00276817
0.00398822
0.00510181
0.00619149
-0.00125107
-0.00129484
-0.00132204
-0.00136703
-0.00141402
-0.00146173
-0.00150382
-0.00153202
-0.00153545
-0.00149998
-0.00140723
-0.00123292
-0.00094453
-0.00049849
0.000162427
0.00108657
0.00232707
0.00394937
0.00553567
0.0076492
-0.00149025
-0.00154319
-0.00157845
-0.00164406
-0.00171733
-0.00180077
-0.00188884
-0.00197386
-0.00204545
-0.00209027
-0.00209121
-0.00202501
-0.00185818
-0.00154197
-0.00100374
-0.000142872
0.00115299
0.00322862
0.00537149
0.00928897
-0.00175133
-0.00179595
-0.00183544
-0.00191342
-0.00201764
-0.00214778
-0.00229523
-0.0024507
-0.00260514
-0.00274881
-0.00286963
-0.00295035
-0.00296399
-0.00286693
-0.00258476
-0.0019723
-0.000866605
0.00137579
0.00361682
0.0102671
-0.0020595
-0.00217176
-0.00219802
-0.00232976
-0.00244712
-0.0026016
-0.00278299
-0.00299148
-0.00322425
-0.0034768
-0.00374355
-0.00402019
-0.00430027
-0.00457169
-0.00480767
-0.00486324
-0.00480625
-0.00297897
-0.00154363
0.00883557
-0.00243908
-0.00233423
-0.00235244
-0.00240533
-0.00255868
-0.00278276
-0.00306607
-0.00339118
-0.00375038
-0.00414082
-0.00456703
-0.00504472
-0.00560136
-0.00626752
-0.00715499
-0.00803407
-0.00967761
-0.00869829
-0.00934774
0.00456787
-0.00265284
-0.00309999
-0.00299879
-0.003294
-0.00337816
-0.00359282
-0.00383806
-0.00414842
-0.00452405
-0.00497237
-0.00550048
-0.0061541
-0.00699019
-0.00806013
-0.00986354
-0.0115687
-0.0158467
-0.0174769
-0.0192375
-0.000924261
-0.00437095
-0.00294047
-0.00291039
-0.00268996
-0.00286613
-0.00317477
-0.00361016
-0.00411018
-0.00467044
-0.00527771
-0.00596056
-0.00673953
-0.00778419
-0.00893511
-0.0114443
-0.0136334
-0.0200793
-0.0237405
-0.025807
0.00245979
-0.00293685
-0.00517656
-0.00436876
-0.00489525
-0.00467772
-0.00484091
-0.00500907
-0.00532557
-0.00572863
-0.00626238
-0.0068195
-0.00758987
-0.00860359
-0.00971406
-0.0128018
-0.015175
-0.0231372
-0.026187
-0.0220159
0.0251636
-0.0155556
-0.00312237
-0.00272396
-0.00250833
-0.00263772
-0.0030295
-0.00362781
-0.00424426
-0.00495101
-0.00563161
-0.00644687
-0.007181
-0.00840053
-0.00934241
-0.0114801
-0.0122947
-0.0130221
-0.00330631
0.0238627
0.101754
)
;

boundaryField
{
    movingWall
    {
        type            zeroGradient;
    }
    fixedWalls
    {
        type            zeroGradient;
    }
}


// ************************************************************************* //
