/*--------------------------------*- C++ -*----------------------------------*\
  =========                 |
  \\      /  F ield         | OpenFOAM: The Open Source CFD Toolbox
   \\    /   O peration     | Website:  https://openfoam.org
    \\  /    A nd           | Version:  9
     \\/     M anipulation  |
\*---------------------------------------------------------------------------*/
FoamFile
{
    format      ascii;
    class       volScalarField;
    location    "7";
    object      p;
}
// * * * * * * * * * * * * * * * * * * * * * * * * * * * * * * * * * * * * * //

dimensions      [0 2 -2 0 0 0 0];

internalField   nonuniform List<scalar> 
8000
(
-1.70951e-06
4.05154e-06
4.66321e-05
0.000116452
0.000218058
0.000352706
0.000521989
0.000727853
0.000971434
0.00125302
0.00157143
0.00192328
0.0023021
0.0026976
0.00309484
0.00347391
0.0038113
0.00407835
0.00426152
0.004316
-8.65094e-06
-3.38781e-06
3.90653e-05
0.000107534
0.000207182
0.000339292
0.000505826
0.000708719
0.000949437
0.00122864
0.00154564
0.00189737
0.0022778
0.00267738
0.0030821
0.00347137
0.00382077
0.00409947
0.00429298
0.00435025
-5.90849e-05
-5.55839e-05
-1.48255e-05
5.09368e-05
0.000147292
0.000275647
0.000438327
0.000637733
0.000876001
0.0011546
0.0014738
0.00183201
0.00222462
0.00264286
0.00307315
0.0034939
0.00387818
0.00418989
0.00440981
0.0044766
-0.000142277
-0.000140425
-0.000102251
-4.06163e-05
5.05718e-05
0.000172942
0.000329345
0.000522901
0.000756768
0.00103377
0.00135582
0.00172309
0.00213275
0.00257735
0.00304784
0.00351934
0.00396184
0.00433116
0.00459749
0.00468511
-0.000260834
-0.000261104
-0.000226574
-0.000170647
-8.66795e-05
2.72209e-05
0.00017453
0.000359261
0.000585854
0.000858921
0.00118269
0.00156003
0.00199067
0.00246617
0.00299568
0.00353883
0.00406604
0.00452376
0.00486466
0.0049921
-0.000413619
-0.000416555
-0.00038683
-0.00033845
-0.000264207
-0.000161982
-2.76621e-05
0.000143711
0.00035801
0.000621938
0.000942717
0.00132743
0.00178213
0.00231277
0.00289229
0.00352452
0.00416775
0.00475586
0.00521239
0.00541456
-0.000599028
-0.000605235
-0.000581589
-0.000542865
-0.000481332
-0.000394781
-0.000278574
-0.000126905
6.74919e-05
0.000313484
0.000621519
0.00100328
0.00147046
0.00203165
0.00268582
0.00342938
0.00422444
0.00499877
0.00563129
0.00597661
-0.00081499
-0.000825103
-0.000808846
-0.000782051
-0.000736564
-0.000670338
-0.000578514
-0.000454737
-0.000290666
-7.55304e-05
0.000204269
0.000565426
0.00102752
0.00161115
0.00233179
0.00318609
0.00416068
0.00518758
0.00607611
0.00671294
-0.00105891
-0.00107353
-0.00106585
-0.00105322
-0.0010272
-0.000986295
-0.000925892
-0.000839718
-0.000719078
-0.00055211
-0.000322963
-1.07842e-05
0.000411189
0.000975808
0.00171901
0.00267093
0.00383502
0.00517915
0.00643004
0.00760282
-0.00132781
-0.00134742
-0.00134912
-0.00135248
-0.00134902
-0.00133826
-0.00131647
-0.00127826
-0.00121578
-0.00111771
-0.000967856
-0.000743342
-0.000412357
6.80639e-05
0.000754446
0.00171343
0.00301578
0.00467676
0.0063895
0.00846558
-0.00161857
-0.00164348
-0.0016546
-0.00167497
-0.00169614
-0.00171938
-0.00174262
-0.00176232
-0.00177294
-0.00176587
-0.00172797
-0.00163944
-0.00147054
-0.00117626
-0.000689866
8.62525e-05
0.00130592
0.00315184
0.0051754
0.00837069
-0.00192848
-0.00195802
-0.00197666
-0.00201312
-0.0020592
-0.00211859
-0.00219137
-0.00227687
-0.00237324
-0.00247694
-0.00258174
-0.00267724
-0.00274677
-0.00276057
-0.00267112
-0.00239453
-0.00175109
-0.000224016
0.00191329
0.00705818
-0.00225901
-0.00229876
-0.0023236
-0.00237891
-0.00244645
-0.00253841
-0.00265766
-0.00280902
-0.00299692
-0.00322585
-0.00350055
-0.00382668
-0.0042136
-0.00466668
-0.00519472
-0.00573376
-0.00617241
-0.00513337
-0.00248634
0.00504511
-0.00259839
-0.00262343
-0.00264042
-0.00268991
-0.00277303
-0.00289987
-0.00307392
-0.00330039
-0.00358655
-0.00394354
-0.00438994
-0.00495139
-0.00567574
-0.00660199
-0.0078642
-0.00935967
-0.0112739
-0.0109824
-0.00829965
2.83368e-05
-0.0029802
-0.0030619
-0.00306682
-0.00316443
-0.00324492
-0.00338401
-0.00357263
-0.00383305
-0.00418127
-0.00463866
-0.00523827
-0.00601633
-0.00708799
-0.00844551
-0.0105878
-0.0129821
-0.0171738
-0.0190407
-0.0178198
-0.00892174
-0.00348172
-0.00335857
-0.00331385
-0.0032815
-0.00334963
-0.00350671
-0.00375326
-0.00409294
-0.00453753
-0.00510311
-0.00584376
-0.00676919
-0.00812467
-0.00965305
-0.0126783
-0.0155799
-0.0224946
-0.0265872
-0.0280727
-0.0146781
-0.00366802
-0.00407558
-0.00392965
-0.00414267
-0.00411995
-0.00424768
-0.0044055
-0.00468039
-0.00507952
-0.00562719
-0.00638824
-0.00732457
-0.00877732
-0.0104696
-0.0136357
-0.0170006
-0.024797
-0.0294522
-0.030831
-0.01021
-0.00560739
-0.00418321
-0.00402982
-0.00361466
-0.00359506
-0.00372608
-0.00400979
-0.00440225
-0.00492836
-0.00554173
-0.00640606
-0.0073675
-0.00879703
-0.0103787
-0.0131191
-0.0157151
-0.0215107
-0.0237011
-0.0223822
0.00786126
-0.00405801
-0.0063763
-0.00540063
-0.00575884
-0.00529532
-0.00526247
-0.00520502
-0.00533989
-0.00564816
-0.00610034
-0.00679706
-0.00759095
-0.0089446
-0.0102618
-0.0129764
-0.0149518
-0.0196239
-0.0170352
-0.00810558
0.0389454
-0.017229
-0.0046396
-0.0039888
-0.00348022
-0.00330208
-0.00340101
-0.00375191
-0.0041198
-0.00470824
-0.00527286
-0.00620155
-0.00702087
-0.00849772
-0.00963636
-0.0115164
-0.0114196
-0.0097126
0.00580456
0.0372094
0.115151
1.24313e-06
2.66746e-06
4.48518e-05
0.00011426
0.000215924
0.000350767
0.000520764
0.00072742
0.000972038
0.00125501
0.00157524
0.00192938
0.00231102
0.00271014
0.00311152
0.003495
0.00383651
0.00410594
0.00429006
0.00433697
-8.53825e-07
2.08819e-07
4.26659e-05
0.000110711
0.000210204
0.000342216
0.000508752
0.000711739
0.000952719
0.00123245
0.00155033
0.00190339
0.00228549
0.00268817
0.00309618
0.00348924
0.0038424
0.00412336
0.00431812
0.00436779
-4.99868e-05
-5.11241e-05
-1.03259e-05
5.49766e-05
0.00015114
0.000279347
0.000441943
0.000641366
0.000879838
0.00115895
0.0014791
0.00183883
0.00223379
0.0026554
0.00308961
0.00351515
0.0039044
0.00421956
0.00444158
0.00450005
-0.000131908
-0.000134938
-9.66736e-05
-3.55159e-05
5.54597e-05
0.000177651
0.000333926
0.000527462
0.000761509
0.00103904
0.00136215
0.0017313
0.00214432
0.00259354
0.00306856
0.00354647
0.00399631
0.00437112
0.0046412
0.00472069
-0.000249635
-0.000255024
-0.000220354
-0.000164885
-8.10964e-05
3.26676e-05
0.000179909
0.000364711
0.000591623
0.000865419
0.00119058
0.00157043
0.00200568
0.00249237
0.00302368
0.00357575
0.00411442
0.00458256
0.00493064
0.00505266
-0.000401669
-0.000409995
-0.00038007
-0.000332117
-0.000257995
-0.000155828
-2.14665e-05
0.000150131
0.000364962
0.000629923
0.000952504
0.00134007
0.00179841
0.00232954
0.00292722
0.00357576
0.00423833
0.00484686
0.00531892
0.00552875
-0.000586258
-0.000598175
-0.000574265
-0.000535937
-0.000474471
-0.000387897
-0.000271531
-0.000119468
7.57104e-05
0.000323109
0.000633537
0.00101919
0.00149221
0.00206088
0.00273531
0.00350228
0.00432962
0.00514391
0.00581327
0.00620734
-0.00080128
-0.000817491
-0.000800909
-0.000774494
-0.000729042
-0.00066274
-0.000570658
-0.000446329
-0.000281232
-6.42919e-05
0.000218591
0.000584986
0.00105609
0.00165617
0.00239389
0.00328546
0.00431553
0.00542019
0.00639011
0.00721062
-0.0010441
-0.00106529
-0.00105724
-0.00104499
-0.00101902
-0.000978035
-0.000917341
-0.000830527
-0.000708679
-0.000539586
-0.000306792
1.16216e-05
0.0004443
0.00102698
0.00180055
0.00279751
0.00405222
0.00554021
0.00697568
0.00871536
-0.00131164
-0.00133839
-0.0013397
-0.0013435
-0.00134016
-0.00132939
-0.00130738
-0.00126857
-0.00120485
-0.0011045
-0.000950617
-0.000719061
-0.000375723
0.000126887
0.000850911
0.00186688
0.00328904
0.00519301
0.00722159
0.010642
-0.0016007
-0.00163358
-0.0016444
-0.00166537
-0.00168679
-0.00171011
-0.00173327
-0.00175254
-0.00176213
-0.00175301
-0.00171135
-0.00161614
-0.00143577
-0.00112195
-0.00060236
0.000225352
0.0015208
0.00360596
0.00564849
0.0110255
-0.00190785
-0.0019457
-0.00196392
-0.00200092
-0.0020478
-0.00210798
-0.00218128
-0.00226685
-0.00236261
-0.00246468
-0.00256633
-0.0026568
-0.00271932
-0.0027263
-0.00264247
-0.00243239
-0.00191502
-0.000539238
-0.000363824
0.00710707
-0.00223578
-0.00228734
-0.00231229
-0.00236916
-0.00243772
-0.0025303
-0.00264987
-0.00280127
-0.00298886
-0.003217
-0.00349052
-0.00381658
-0.00420831
-0.004688
-0.00531437
-0.00619626
-0.00736181
-0.00710615
-0.00796973
0.000721393
-0.00256506
-0.00260048
-0.00261789
-0.00266763
-0.0027534
-0.00288246
-0.00305902
-0.00328756
-0.00357524
-0.00393316
-0.0043797
-0.00494427
-0.00568147
-0.0066701
-0.00811089
-0.01019
-0.0133469
-0.0144395
-0.0157223
-0.00749262
-0.00293465
-0.0030409
-0.00304724
-0.00315012
-0.00323453
-0.00337582
-0.00356611
-0.00382765
-0.00417651
-0.00463465
-0.00523359
-0.00602118
-0.00710086
-0.00856694
-0.0108917
-0.0139873
-0.01959
-0.0229174
-0.0258893
-0.0165886
-0.00341006
-0.00331454
-0.00327093
-0.00323257
-0.00330757
-0.00346978
-0.00372299
-0.00406771
-0.00451584
-0.00508559
-0.00581818
-0.00675822
-0.00808083
-0.00977343
-0.0127759
-0.0163946
-0.0242329
-0.0289482
-0.0348942
-0.0206192
-0.00343205
-0.00393406
-0.00385956
-0.00409957
-0.00409346
-0.00422603
-0.00438909
-0.00466798
-0.00506792
-0.00561808
-0.00635526
-0.00730598
-0.00873495
-0.0103805
-0.0136118
-0.0173156
-0.0251471
-0.0306871
-0.0350501
-0.0126001
-0.00545699
-0.00415637
-0.00395931
-0.00345005
-0.00344928
-0.00360629
-0.0039182
-0.00433437
-0.00486927
-0.0055141
-0.00633114
-0.00728699
-0.00865601
-0.0101965
-0.012776
-0.0156574
-0.0209868
-0.0239481
-0.0237705
0.00827987
-0.00251029
-0.00563027
-0.0049757
-0.00551173
-0.00511271
-0.00515922
-0.00515401
-0.00533128
-0.00564087
-0.00612109
-0.00674761
-0.00756687
-0.00875888
-0.010074
-0.0126691
-0.0149672
-0.0199011
-0.0184256
-0.00940869
0.0413713
-0.0165669
-0.00392251
-0.00320223
-0.00293202
-0.00292446
-0.00308977
-0.0035078
-0.00392145
-0.00451396
-0.00515944
-0.00598044
-0.00689875
-0.00817693
-0.00940214
-0.0110363
-0.0112379
-0.00953371
0.00642137
0.0441295
0.132426
5.47269e-06
5.45162e-06
4.75287e-05
0.000116843
0.000218676
0.000353921
0.000524402
0.000731889
0.000977716
0.00126236
0.00158484
0.00194195
0.00232737
0.00273091
0.00313735
0.00352618
0.0038728
0.00414602
0.00433254
0.00437744
5.37263e-06
4.83772e-06
4.72677e-05
0.000115129
0.000214658
0.000346853
0.000513749
0.000717352
0.000959288
0.00124043
0.0015603
0.00191608
0.00230186
0.00270897
0.00312218
0.00352092
0.00387967
0.00416498
0.00436274
0.00441056
-4.2863e-05
-4.5773e-05
-4.98546e-06
6.00985e-05
0.000156263
0.000284616
0.000447548
0.00064758
0.000887035
0.00116764
0.00148996
0.00185274
0.00225186
0.00267889
0.00311948
0.0035522
0.00394888
0.00427024
0.00449677
0.00455385
-0.000123772
-0.000128699
-9.04292e-05
-2.95158e-05
6.14409e-05
0.00018376
0.000340369
0.000534539
0.000769647
0.00104883
0.00137443
0.00174711
0.00216463
0.00262143
0.00310468
0.00359239
0.00405295
0.00443732
0.00471477
0.00479457
-0.000240611
-0.000248024
-0.000213327
-0.000158107
-7.43294e-05
3.95798e-05
0.000187201
0.000372726
0.000600862
0.000876604
0.00120475
0.00158902
0.002031
0.00252692
0.00306877
0.00363465
0.00418947
0.00467351
0.00503421
0.00516139
-0.000391712
-0.0004022
-0.000372225
-0.000324523
-0.000250401
-0.000148064
-1.32689e-05
0.000159156
0.000375399
0.000642635
0.000968761
0.00136172
0.00182792
0.00236919
0.00298285
0.00365182
0.00433915
0.0049745
0.00546887
0.00569551
-0.000575228
-0.000589464
-0.000565479
-0.000527419
-0.000465962
-0.000379217
-0.000262393
-0.000109433
8.73035e-05
0.000337258
0.000651741
0.00104368
0.00152637
0.0021107
0.00280416
0.00359941
0.00446405
0.00532293
0.0060328
0.00647127
-0.000788964
-0.00080767
-0.000791
-0.000764895
-0.000719501
-0.000653081
-0.000560584
-0.000435378
-0.000268692
-4.90714e-05
0.000238166
0.00061148
0.00109323
0.00170832
0.00247204
0.00340362
0.00448881
0.00566531
0.00670616
0.00763448
-0.00103018
-0.00105406
-0.00104593
-0.00103408
-0.00100828
-0.000967315
-0.00090636
-0.000818836
-0.000695574
-0.000523964
-0.000286921
3.85037e-05
0.000482568
0.00108298
0.0018818
0.00292981
0.00425849
0.00585524
0.00741146
0.00936395
-0.00129567
-0.00132532
-0.00132657
-0.00133091
-0.00132794
-0.00131745
-0.00129548
-0.00125633
-0.00119166
-0.00108939
-0.000932072
-0.000694658
-0.000341246
0.000179244
0.000936159
0.00199614
0.00349698
0.00554701
0.00775934
0.0114577
-0.00158197
-0.00161803
-0.00162891
-0.00165068
-0.00167276
-0.0016967
-0.00172035
-0.00173989
-0.00174934
-0.00173949
-0.00169626
-0.00159822
-0.00141285
-0.00108991
-0.000554695
0.000290004
0.0016375
0.00384034
0.00595237
0.0116727
-0.00188491
-0.00192612
-0.00194452
-0.00198254
-0.00203059
-0.00209203
-0.00216658
-0.00225331
-0.00235008
-0.00245301
-0.00255568
-0.00264783
-0.00271352
-0.00272702
-0.00266123
-0.00250529
-0.00207105
-0.000627203
-2.32306e-05
0.0072126
-0.00220721
-0.00226322
-0.00228875
-0.00234747
-0.00241787
-0.00251234
-0.00263378
-0.00278716
-0.00297701
-0.00320794
-0.00348565
-0.00381902
-0.0042239
-0.00472836
-0.00540584
-0.00639939
-0.00787451
-0.00775486
-0.00816683
-0.000560593
-0.00252645
-0.00256736
-0.00258575
-0.00263716
-0.00272532
-0.00285692
-0.00303644
-0.00326822
-0.0035596
-0.00392206
-0.00437468
-0.00494966
-0.00570497
-0.00673675
-0.0082663
-0.0105858
-0.0142647
-0.0158606
-0.0169743
-0.00964376
-0.00287851
-0.00299237
-0.00300151
-0.00310827
-0.00319757
-0.00334329
-0.00353783
-0.00380376
-0.00415725
-0.00462081
-0.00522558
-0.00602436
-0.00711783
-0.00863153
-0.011038
-0.0143583
-0.020461
-0.0241411
-0.0270759
-0.0181348
-0.00333967
-0.00325765
-0.00321571
-0.00317742
-0.0032554
-0.00342119
-0.00367928
-0.00402932
-0.00448298
-0.00505843
-0.00579311
-0.0067404
-0.00804983
-0.00977995
-0.0127486
-0.0164702
-0.0241782
-0.0283728
-0.0334047
-0.020475
-0.00326638
-0.00379531
-0.00374923
-0.00400031
-0.0040081
-0.00414926
-0.00432037
-0.00460785
-0.00501522
-0.00557312
-0.00630904
-0.00726733
-0.0086458
-0.0102733
-0.0134289
-0.0171276
-0.0241206
-0.0289273
-0.0316121
-0.0117313
-0.00537465
-0.00409342
-0.00387574
-0.00333156
-0.00332774
-0.0034922
-0.00381422
-0.00424461
-0.00478932
-0.00544972
-0.00625786
-0.00722542
-0.00853905
-0.010034
-0.0124164
-0.0152882
-0.0196933
-0.0220513
-0.0206188
0.00943006
-0.00203969
-0.00522532
-0.0046837
-0.00524991
-0.00486831
-0.00494352
-0.00494762
-0.00514854
-0.00547816
-0.00599504
-0.00662519
-0.00745597
-0.00861952
-0.0099336
-0.0123659
-0.0148142
-0.0192945
-0.017492
-0.00754595
0.0428188
-0.0164473
-0.00369119
-0.00292629
-0.00268654
-0.00269278
-0.00287899
-0.00330245
-0.00375394
-0.00433185
-0.00503984
-0.00580887
-0.00677486
-0.00799847
-0.00919194
-0.0106559
-0.0108408
-0.00865449
0.00777909
0.0476065
0.136854
1.01005e-05
9.26336e-06
5.12574e-05
0.000120531
0.000222599
0.000358323
0.00052956
0.000738166
0.000985565
0.00127235
0.00159765
0.00195837
0.00234829
0.00275719
0.00316968
0.00356491
0.00391768
0.00419577
0.00438564
0.00443018
1.11085e-05
9.78954e-06
5.21939e-05
0.000119991
0.000219691
0.000352267
0.000519803
0.000724391
0.000967761
0.00125091
0.0015735
0.00193286
0.00232323
0.00273592
0.00315557
0.0035613
0.00392694
0.00421789
0.0044197
0.00446751
-3.64263e-05
-4.01824e-05
5.88791e-07
6.55919e-05
0.000161912
0.000290631
0.000454201
0.000655238
0.000896188
0.00117894
0.00150422
0.001871
0.00227536
0.00270906
0.00315754
0.00359907
0.00400482
0.00433408
0.00456654
0.0046245
-0.000116481
-0.000122294
-8.403e-05
-2.3208e-05
6.78967e-05
0.000190578
0.00034784
0.000543065
0.000779781
0.00106133
0.00139028
0.00176756
0.00219123
0.00265662
0.00315019
0.00364996
0.00412356
0.00451993
0.00480691
0.00488979
-0.000232501
-0.000240847
-0.000206144
-0.00015102
-6.70868e-05
4.72045e-05
0.000195527
0.000382206
0.000612137
0.000890574
0.00122264
0.00161229
0.0020602
0.00256891
0.00312471
0.00370759
0.00428194
0.00478554
0.00516241
0.00529798
-0.00038272
-0.000394196
-0.000364206
-0.000316608
-0.000242326
-0.000139588
-4.04254e-06
0.00016964
0.000387878
0.000658182
0.000988952
0.00138898
0.00186686
0.00241969
0.0030517
0.00374488
0.00446181
0.00512969
0.00565242
0.00590001
-0.000565212
-0.000580506
-0.000556506
-0.000518573
-0.000456973
-0.000369839
-0.000252254
-9.79855e-05
0.000100877
0.000354178
0.00067383
0.00107367
0.00156833
0.00217001
0.00288723
0.0037162
0.00462513
0.00553734
0.00629837
0.00678657
-0.000777701
-0.000797557
-0.000780887
-0.000754964
-0.000709484
-0.000642743
-0.000549557
-0.000423106
-0.000254324
-3.13101e-05
0.000261299
0.000642996
0.00113761
0.00177213
0.0025661
0.00354305
0.00469236
0.00595375
0.00708746
0.00813032
-0.00101734
-0.00104249
-0.0010344
-0.00102283
-0.000997064
-0.000955928
-0.000894477
-0.000805952
-0.000680896
-0.000506253
-0.000264231
6.92521e-05
0.000526258
0.00114717
0.0019791
0.00308111
0.0044948
0.00621713
0.00793472
0.0101089
-0.00128074
-0.00131182
-0.00131319
-0.00131796
-0.00131523
-0.00130483
-0.00128271
-0.00124303
-0.00117723
-0.00107288
-0.000911978
-0.000668513
-0.000304904
0.000233021
0.00101954
0.0021279
0.00371945
0.00592058
0.00837853
0.012416
-0.00156419
-0.00160193
-0.00161308
-0.00163553
-0.00165812
-0.00168252
-0.00170653
-0.00172626
-0.00173565
-0.00172539
-0.00168127
-0.00158169
-0.00139395
-0.00106737
-0.000526892
0.000323686
0.00169801
0.00397123
0.00628419
0.012374
-0.001863
-0.00190612
-0.00192494
-0.00196388
-0.00201286
-0.00207533
-0.00215095
-0.00223883
-0.00233693
-0.00244165
-0.00254713
-0.00264455
-0.00272092
-0.00275706
-0.00274059
-0.00268869
-0.00241087
-0.00120177
-0.000573482
0.00678292
-0.00217975
-0.00223841
-0.00226478
-0.00232521
-0.00239714
-0.00249324
-0.00261641
-0.00277183
-0.00296443
-0.00319966
-0.00348491
-0.00383327
-0.00426944
-0.00484123
-0.00566423
-0.00697536
-0.00888558
-0.00943979
-0.00970036
-0.00247671
-0.00248984
-0.002534
-0.0025535
-0.0026065
-0.00269646
-0.00283022
-0.00301241
-0.00324747
-0.00354323
-0.00391216
-0.00437574
-0.00497168
-0.00576984
-0.00689021
-0.0086044
-0.0112983
-0.0157752
-0.0183038
-0.0196512
-0.0123527
-0.00282716
-0.0029462
-0.00295798
-0.00306885
-0.00316176
-0.00331119
-0.00350937
-0.00377934
-0.00413771
-0.00460819
-0.00522413
-0.00604383
-0.00717815
-0.00877559
-0.011371
-0.0149897
-0.0219531
-0.0261054
-0.0299455
-0.0204698
-0.00327232
-0.00319826
-0.00315903
-0.00312292
-0.00320287
-0.00337174
-0.00363393
-0.00398882
-0.00444804
-0.00503002
-0.00577287
-0.00673456
-0.00806472
-0.00984611
-0.0129318
-0.0167607
-0.0250071
-0.0287872
-0.0347207
-0.0211359
-0.0031468
-0.00369293
-0.00365771
-0.00392114
-0.00393702
-0.00408572
-0.00426289
-0.00455645
-0.00496882
-0.00553144
-0.00626879
-0.00723043
-0.00859913
-0.0102206
-0.0134114
-0.0171097
-0.0239762
-0.0283735
-0.0315198
-0.0108695
-0.00524321
-0.00399675
-0.00377642
-0.00323106
-0.00322474
-0.00339266
-0.00372069
-0.0041593
-0.00471084
-0.00537993
-0.00618611
-0.00715726
-0.00844477
-0.00991136
-0.0122286
-0.015004
-0.0191432
-0.0210082
-0.020094
0.011058
-0.00174426
-0.00505012
-0.00451576
-0.00511009
-0.00472717
-0.0048157
-0.00482773
-0.00504249
-0.00537979
-0.00589723
-0.00653158
-0.00735455
-0.00851242
-0.00981331
-0.0122102
-0.0146527
-0.0190677
-0.0167785
-0.00729764
0.0449289
-0.0162327
-0.00346259
-0.00267417
-0.00244932
-0.00247754
-0.0026846
-0.00312542
-0.00359806
-0.00418376
-0.00491602
-0.0056827
-0.00664937
-0.00787699
-0.00901424
-0.0104478
-0.0105175
-0.00823395
0.00905089
0.0489183
0.140695
1.4778e-05
1.37065e-05
5.57584e-05
0.000125152
0.000227557
0.000363851
0.000535954
0.000745806
0.000994934
0.00128404
0.00161239
0.001977
0.0023717
0.00278627
0.00320514
0.00360712
0.00396644
0.00424997
0.00444371
0.00448905
1.62574e-05
1.46662e-05
5.71387e-05
0.000125044
0.000225062
0.000358183
0.000526558
0.000732367
0.00097745
0.00126293
0.00158863
0.00195198
0.00234737
0.00276606
0.00319262
0.00360578
0.00397879
0.00427599
0.00448239
0.00453138
-3.08071e-05
-3.48624e-05
5.97935e-06
7.10826e-05
0.00016772
0.000296987
0.000461417
0.000663723
0.000906484
0.00119174
0.00152041
0.00189168
0.0023018
0.00274259
0.00319942
0.00365026
0.00406557
0.00440333
0.00464225
0.00470232
-0.000110229
-0.00011636
-7.80227e-05
-1.71077e-05
7.43135e-05
0.000197554
0.000355709
0.000552278
0.000790949
0.00107527
0.00140806
0.00179055
0.00222117
0.00269532
0.00319964
0.00371191
0.00419895
0.00460785
0.00490474
0.00499172
-0.000225564
-0.000234251
-0.000199474
-0.000144262
-6.00075e-05
5.48612e-05
0.000204123
0.000392246
0.000624321
0.000905869
0.00124237
0.00163829
0.00209536
0.00261449
0.00318438
0.00378453
0.00437843
0.00490152
0.00529441
0.00543838
-0.000375001
-0.000386848
-0.000356786
-0.000309113
-0.000234515
-0.000131193
5.32452e-06
0.000180533
0.000401088
0.00067483
0.00101061
0.00141778
0.00190509
0.00247269
0.0031235
0.00384063
0.00458621
0.00528492
0.00583433
0.00609941
-0.000556566
-0.000572267
-0.000548209
-0.000510233
-0.000448347
-0.00036066
-0.000242122
-8.63127e-05
0.000114948
0.000371902
0.000697033
0.001105
0.00161155
0.0022307
0.00297152
0.00383284
0.00478315
0.00574351
0.00654996
0.00707489
-0.000767916
-0.000788226
-0.000771529
-0.000745625
-0.000699934
-0.000632733
-0.000538703
-0.000410829
-0.000239757
-1.31502e-05
0.000285006
0.000675173
0.0011826
0.00183646
0.00265931
0.00367808
0.00488493
0.0062195
0.0074311
0.00854969
-0.00100611
-0.00103177
-0.00102371
-0.00101226
-0.000986419
-0.000945002
-0.000882943
-0.000793309
-0.00066637
-0.000488648
-0.00024169
9.96357e-05
0.000569064
0.00120945
0.00207212
0.00322225
0.00470931
0.00653504
0.00838545
0.010685
-0.0012676
-0.00129926
-0.00130075
-0.0013058
-0.0013032
-0.0012928
-0.00127046
-0.00123022
-0.00116332
-0.00105704
-0.000892864
-0.00064396
-0.000271297
0.000281846
0.00109399
0.00224474
0.0039132
0.00623798
0.00890684
0.0130971
-0.00154848
-0.00158691
-0.00159832
-0.00162127
-0.00164427
-0.00166906
-0.00169338
-0.00171334
-0.00172282
-0.00171247
-0.00166801
-0.0015677
-0.00137857
-0.00104925
-0.00050372
0.000356413
0.00175871
0.00409757
0.0066726
0.0128423
-0.00184367
-0.00188758
-0.00190681
-0.00194648
-0.00199621
-0.00205955
-0.00213618
-0.00222526
-0.00232494
-0.00243189
-0.00254088
-0.00264414
-0.0027306
-0.00278462
-0.00280354
-0.0028224
-0.00265697
-0.00155699
-0.000375393
0.0067057
-0.0021556
-0.00221534
-0.00224241
-0.00230412
-0.00237728
-0.00247483
-0.00259968
-0.00275727
-0.00295293
-0.00319292
-0.00348607
-0.00384769
-0.00430715
-0.00491956
-0.00582213
-0.00730525
-0.00958877
-0.0105611
-0.0102671
-0.00330556
-0.00245844
-0.00250406
-0.00252447
-0.00257877
-0.00267009
-0.00280561
-0.0029901
-0.00322828
-0.00352846
-0.0039041
-0.00437862
-0.00499354
-0.00582686
-0.00701333
-0.00886687
-0.0118403
-0.0169295
-0.0200056
-0.02106
-0.013548
-0.00278537
-0.00290619
-0.00291937
-0.00303296
-0.00312817
-0.00328041
-0.00348155
-0.00375518
-0.00411841
-0.00459609
-0.00522364
-0.00606284
-0.00723394
-0.00889646
-0.0116489
-0.0154999
-0.0231174
-0.0275036
-0.0312237
-0.0212781
-0.00321865
-0.00314784
-0.00311038
-0.00307656
-0.00315773
-0.0033287
-0.00359366
-0.00395225
-0.00441631
-0.00500483
-0.00575671
-0.00673196
-0.00808607
-0.0099018
-0.0131092
-0.0170115
-0.0257116
-0.0290337
-0.0345959
-0.0211142
-0.00307292
-0.00362349
-0.00358775
-0.00385764
-0.00387654
-0.00402953
-0.00420988
-0.00450705
-0.00492304
-0.00548965
-0.00623216
-0.00719639
-0.00856612
-0.0101382
-0.0134688
-0.0171188
-0.0239248
-0.0278987
-0.0302936
-0.0101959
-0.00514803
-0.00391707
-0.00369771
-0.00315728
-0.00314835
-0.00331703
-0.00364682
-0.00408886
-0.00464418
-0.00531745
-0.00612466
-0.00709598
-0.00837387
-0.00981416
-0.0121007
-0.0147697
-0.0186719
-0.0201283
-0.0186332
0.0121325
-0.00163353
-0.00496343
-0.00441981
-0.00502169
-0.00463295
-0.00472345
-0.00473462
-0.00495001
-0.00529198
-0.00580818
-0.00644947
-0.00726794
-0.0084285
-0.00971569
-0.0121054
-0.0145054
-0.0187599
-0.016054
-0.00610351
0.0461913
-0.016136
-0.00335698
-0.00255223
-0.00232371
-0.00235386
-0.0025648
-0.00300894
-0.00348766
-0.00407802
-0.00481818
-0.00558894
-0.00655411
-0.00778874
-0.0089022
-0.0103059
-0.0102874
-0.00776572
0.00986954
0.0502577
0.142414
1.91677e-05
1.80395e-05
6.01967e-05
0.00012979
0.000232591
0.000369511
0.000542538
0.000753696
0.00100461
0.00129609
0.00162752
0.001996
0.00239544
0.00281558
0.00324071
0.00364927
0.00401499
0.0043039
0.00450152
0.00454798
2.08634e-05
1.92117e-05
6.17954e-05
0.0001299
0.000230311
0.000364053
0.000533349
0.000740465
0.000987349
0.00127524
0.0016041
0.00197147
0.00237187
0.00279649
0.00322981
0.00365022
0.00403041
0.00433376
0.00454467
0.00459512
-2.58627e-05
-2.99841e-05
1.09714e-05
7.62737e-05
0.000173308
0.00030321
0.000468589
0.000672258
0.000916921
0.00120477
0.00153689
0.00191265
0.00232847
0.00277619
0.00324116
0.00370098
0.00412548
0.00447141
0.00471652
0.00477885
-0.000104805
-0.000111008
-7.25548e-05
-1.14415e-05
8.03838e-05
0.000204276
0.000363421
0.000561433
0.000802153
0.00108933
0.001426
0.00181368
0.00225109
0.00273373
0.00324839
0.00377257
0.00427226
0.00469294
0.00499905
0.00508991
-0.000219578
-0.000228344
-0.000193451
-0.000138045
-5.33816e-05
6.2156e-05
0.000212452
0.00040211
0.000636408
0.000921116
0.00126204
0.0016641
0.00212965
0.00265911
0.00324241
0.00385873
0.0044707
0.00501158
0.00541894
0.00557004
-0.000368347
-0.000380282
-0.000350113
-0.000302259
-0.000227261
-0.000123269
1.43046e-05
0.000191115
0.000414039
0.00069122
0.00103192
0.00144598
0.00194269
0.00252385
0.00319222
0.00393142
0.00470293
0.00542896
0.00600175
0.00628048
-0.000549107
-0.000564909
-0.000540763
-0.000502638
-0.000440388
-0.00035207
-0.000232507
-7.51035e-05
0.000128574
0.000389128
0.000719553
0.00113523
0.0016529
0.0022881
0.0030508
0.00394142
0.00492839
0.0059303
0.00677545
0.00732696
-0.000759459
-0.00077989
-0.000763142
-0.000737148
-0.00069117
-0.000623439
-0.000528506
-0.000399178
-0.000225832
4.26399e-06
0.000307709
0.000705815
0.00122505
0.00189638
0.00274565
0.00380147
0.00505821
0.00645448
0.0077306
0.00890027
-0.000996378
-0.00102219
-0.00101414
-0.0010027
-0.000976699
-0.000934932
-0.000872215
-0.000781456
-0.00065268
-0.000472025
-0.000220441
0.000128149
0.000608991
0.00126725
0.00215668
0.00334861
0.00489807
0.00680917
0.0087682
0.011147
-0.0012562
-0.00128805
-0.00128964
-0.00129483
-0.00129227
-0.00128179
-0.00125918
-0.00121837
-0.00115043
-0.00104239
-0.000875279
-0.000621541
-0.000240889
0.000325526
0.00115969
0.00234676
0.00407981
0.00650495
0.00934671
0.0136334
-0.00153487
-0.00157353
-0.00158517
-0.00160845
-0.00163174
-0.0016568
-0.00168138
-0.00170154
-0.00171117
-0.00170089
-0.0016564
-0.00155588
-0.00136609
-0.00103514
-0.000485893
0.000383534
0.00180986
0.00420727
0.00701606
0.0132234
-0.00182702
-0.0018712
-0.00189078
-0.00193098
-0.00198129
-0.00204534
-0.00212284
-0.00221307
-0.00231433
-0.00242365
-0.00253639
-0.0026459
-0.00274272
-0.00281445
-0.00286492
-0.00294014
-0.00286378
-0.00184798
-0.000301978
0.0066664
-0.00213505
-0.00219521
-0.00222283
-0.00228546
-0.00235955
-0.00245829
-0.00258463
-0.00274424
-0.00294294
-0.0031878
-0.00348925
-0.00386582
-0.00435039
-0.00500968
-0.00599815
-0.00763698
-0.0102131
-0.0114695
-0.0107057
-0.00389123
-0.00243222
-0.00247836
-0.00249948
-0.00255477
-0.00264717
-0.00278414
-0.00297061
-0.00321164
-0.0035161
-0.0038985
-0.00438433
-0.00501899
-0.00588841
-0.00713963
-0.00911988
-0.0123249
-0.017931
-0.0213827
-0.022182
-0.0144971
-0.00275234
-0.00287382
-0.00288773
-0.00300319
-0.00309987
-0.00325418
-0.00345767
-0.00373449
-0.00410234
-0.0045873
-0.00522683
-0.00608674
-0.00729763
-0.00902549
-0.0119186
-0.015974
-0.024159
-0.0288296
-0.0325076
-0.0220987
-0.00317577
-0.00310625
-0.00307009
-0.00303821
-0.0031204
-0.00329305
-0.00356019
-0.00392193
-0.00439053
-0.00498573
-0.00574817
-0.00674031
-0.00813034
-0.0100001
-0.0132987
-0.0173041
-0.0266052
-0.0295934
-0.0353012
-0.02134
-0.0030237
-0.00357626
-0.00353749
-0.00381119
-0.00383077
-0.00398628
-0.00416842
-0.00446794
-0.00488703
-0.0054575
-0.00620704
-0.00717955
-0.00857985
-0.0102497
-0.0134359
-0.017215
-0.02419
-0.0280279
-0.0303238
-0.00978644
-0.00507407
-0.00385173
-0.00363465
-0.00310022
-0.00309059
-0.0032599
-0.00359061
-0.00403419
-0.00459234
-0.00526862
-0.0060801
-0.00705414
-0.00834416
-0.00978
-0.0120462
-0.0146562
-0.0185355
-0.0197658
-0.0181343
0.012958
-0.00158387
-0.00492256
-0.00436249
-0.00496973
-0.00457496
-0.00466378
-0.00467316
-0.00488526
-0.00522936
-0.00574151
-0.00639003
-0.0072035
-0.00837815
-0.00965072
-0.012069
-0.0144125
-0.01863
-0.0156227
-0.00548899
0.0472105
-0.016062
-0.00328424
-0.00247117
-0.0022385
-0.00226997
-0.00248038
-0.00292792
-0.00340577
-0.00400252
-0.00474165
-0.00552184
-0.00648241
-0.00773196
-0.00882887
-0.0102404
-0.0101441
-0.00753576
0.0104358
0.0511038
0.143628
2.30186e-05
2.19155e-05
6.42053e-05
0.000134034
0.000237239
0.000374773
0.000548683
0.00076107
0.00101365
0.00130732
0.00164157
0.00201358
0.00241732
0.00284248
0.00327322
0.00368769
0.00405914
0.00435289
0.00455401
0.00460159
2.48207e-05
2.31843e-05
6.59021e-05
0.000134243
0.000235061
0.00036942
0.000539607
0.000747967
0.000996543
0.00128668
0.00161845
0.00198949
0.00239441
0.00282437
0.00326375
0.00369064
0.00407721
0.00438605
0.00460098
0.00465283
-2.16642e-05
-2.57714e-05
1.53197e-05
8.08603e-05
0.000178309
0.000308842
0.000475141
0.000680107
0.000926554
0.0012168
0.00155208
0.00193192
0.00235286
0.00280679
0.00327897
0.00374673
0.00417929
0.00453237
0.00478285
0.00484722
-0.000100251
-0.000106441
-6.78519e-05
-6.49934e-06
8.57473e-05
0.000210289
0.000370392
0.000569774
0.000812408
0.00110221
0.00144241
0.00183476
0.0022782
0.00276836
0.0032921
0.00382663
0.00433725
0.00476798
0.00508187
0.00517596
-0.000214581
-0.000223335
-0.000188309
-0.000132667
-4.75795e-05
6.86213e-05
0.000219912
0.000411017
0.000647374
0.000934963
0.00127987
0.00168734
0.0021602
0.00269877
0.00329373
0.00392392
0.00455114
0.00510682
0.00552599
0.00568259
-0.000362807
-0.000374735
-0.000344442
-0.000296364
-0.000220953
-0.000116303
2.22794e-05
0.000200585
0.000425677
0.000705954
0.00105101
0.0014711
0.001976
0.00256861
0.00325204
0.00400987
0.00480281
0.00555087
0.00614218
0.00643068
-0.000542903
-0.000558706
-0.000534455
-0.000496136
-0.000433508
-0.000344574
-0.00022404
-6.51648e-05
0.000140701
0.000404455
0.0007395
0.00116176
0.00168874
0.00233723
0.00311861
0.00403363
0.00505026
0.00608473
0.00695952
0.00752869
-0.00075243
-0.000772873
-0.000756055
-0.000729921
-0.000683639
-0.000615385
-0.000519604
-0.000388945
-0.000213562
1.96074e-05
0.000327628
0.000732463
0.00126145
0.00194681
0.00281852
0.00390461
0.00520081
0.00664431
0.00796825
0.00916986
-0.000988299
-0.00101414
-0.00100607
-0.000994574
-0.000968392
-0.000926269
-0.000862931
-0.000771151
-0.000640744
-0.000457522
-0.000201922
0.000152955
0.000643702
0.00131745
0.00222805
0.00345309
0.005051
0.00702661
0.00906499
0.0114902
-0.00124676
-0.00127866
-0.0012803
-0.00128556
-0.00128298
-0.00127239
-0.00124951
-0.00120818
-0.00113934
-0.00102978
-0.000860141
-0.000602221
-0.000214641
0.000363078
0.00121504
0.0024312
0.00421481
0.00671721
0.00968655
0.0140266
-0.00152364
-0.00156238
-0.00157417
-0.00159767
-0.00162117
-0.00164643
-0.00167119
-0.00169152
-0.0017013
-0.00169112
-0.00164661
-0.00154582
-0.00135517
-0.00102216
-0.000468439
0.000411883
0.00186274
0.00431671
0.00731433
0.0135401
-0.00181341
-0.00185768
-0.00187752
-0.00191809
-0.00196884
-0.00203344
-0.00211167
-0.00220289
-0.00230555
-0.00241696
-0.00253287
-0.00264732
-0.002752
-0.00283616
-0.0029076
-0.00301747
-0.00299212
-0.00199381
-0.000131063
0.00676654
-0.00211847
-0.00217882
-0.00220681
-0.00227008
-0.00234488
-0.00244454
-0.00257211
-0.00273348
-0.00293483
-0.00318388
-0.00349206
-0.0038795
-0.00438284
-0.00507265
-0.00611486
-0.0078479
-0.0106206
-0.0120084
-0.0108577
-0.00407872
-0.00241143
-0.00245768
-0.00247931
-0.00253533
-0.00262856
-0.0027667
-0.00295481
-0.00319826
-0.0035064
-0.00389456
-0.0043898
-0.00504014
-0.00593713
-0.00723487
-0.00930344
-0.0126642
-0.0186114
-0.0223231
-0.022814
-0.0148658
-0.00272736
-0.00284899
-0.0028632
-0.00297988
-0.00307746
-0.00323323
-0.0034385
-0.00371791
-0.00408969
-0.0045809
-0.00523074
-0.00610768
-0.00735008
-0.00912659
-0.0121219
-0.0163196
-0.0248773
-0.0299037
-0.0333549
-0.0226051
-0.00314337
-0.00307416
-0.00303885
-0.00300832
-0.00309136
-0.00326532
-0.00353416
-0.00389842
-0.00437082
-0.00497181
-0.00574372
-0.00675034
-0.00816978
-0.0100773
-0.0134543
-0.0175108
-0.0268716
-0.0307265
-0.035781
-0.0216052
-0.0029914
-0.00354391
-0.00350216
-0.00377803
-0.00379732
-0.00395415
-0.00413713
-0.00443811
-0.00485945
-0.0054333
-0.00618954
-0.00716973
-0.00859298
-0.01029
-0.0134864
-0.017325
-0.024421
-0.0283483
-0.0302725
-0.0096143
-0.00502254
-0.00380399
-0.00358875
-0.00305871
-0.00304908
-0.00321881
-0.00354993
-0.00399424
-0.00455419
-0.00523256
-0.00604838
-0.00702619
-0.00833235
-0.00975866
-0.0120309
-0.0146125
-0.0184796
-0.0196338
-0.0176477
0.0134947
-0.00156084
-0.00489859
-0.00432681
-0.00493636
-0.00453708
-0.00462411
-0.00463122
-0.00484005
-0.00518397
-0.00569376
-0.00634674
-0.00715829
-0.00834573
-0.0096112
-0.0120526
-0.0143676
-0.0185465
-0.0153467
-0.00484897
0.0479212
-0.0160151
-0.00324159
-0.00242466
-0.00218873
-0.00221981
-0.00242824
-0.00287595
-0.0033515
-0.00395048
-0.00468884
-0.0054739
-0.00643578
-0.00769522
-0.00879117
-0.0102054
-0.0100726
-0.00737672
0.0107649
0.051793
0.144419
2.61105e-05
2.50529e-05
6.74688e-05
0.000137518
0.00024108
0.000379144
0.000553808
0.000767234
0.00102121
0.00131671
0.00165329
0.00202821
0.00243547
0.00286473
0.00330004
0.0037193
0.00409538
0.00439307
0.00459701
0.00464554
2.79681e-05
2.63697e-05
6.92147e-05
0.000137777
0.000238957
0.000373852
0.000544802
0.000754216
0.00100421
0.00129622
0.0016304
0.00200445
0.00241308
0.00284739
0.00329169
0.00372381
0.00411552
0.00442878
0.00464693
0.00469994
-1.83482e-05
-2.24172e-05
1.88024e-05
8.45676e-05
0.000182385
0.000313466
0.000480553
0.000686617
0.000934559
0.0012268
0.00156468
0.00194786
0.00237296
0.0028319
0.00330991
0.00378403
0.004223
0.00458175
0.00483646
0.00490241
-9.66814e-05
-0.000102833
-6.41149e-05
-2.53594e-06
9.00857e-05
0.000215192
0.000376114
0.000576652
0.000820883
0.00111285
0.00145594
0.00185206
0.00230035
0.00279652
0.00332752
0.00387027
0.00438944
0.00482801
0.00514786
0.00524436
-0.000210681
-0.000219398
-0.000184245
-0.000128379
-4.29148e-05
7.38606e-05
0.000225998
0.000418317
0.000656378
0.000946323
0.00129443
0.00170622
0.00218481
0.00273058
0.00333478
0.00397588
0.00461489
0.0051818
0.00560981
0.0057703
-0.000358497
-0.000370388
-0.000339977
-0.000291686
-0.000215908
-0.000110689
2.87458e-05
0.000208296
0.00043517
0.000717951
0.00106647
0.00149125
0.00200241
0.00260369
0.00329911
0.00407151
0.00488076
0.00564515
0.0062499
0.00654489
-0.000538086
-0.000553856
-0.000529504
-0.000490996
-0.000428033
-0.000338566
-0.000217216
-5.71224e-05
0.000150526
0.000416842
0.000755498
0.00118272
0.00171632
0.00237399
0.00317086
0.00410499
0.00514383
0.00620184
0.00709748
0.00767756
-0.000746981
-0.000767397
-0.000750507
-0.000724228
-0.000677671
-0.000608967
-0.000512472
-0.000380717
-0.000203682
3.19383e-05
0.000343527
0.000753375
0.00128886
0.00198177
0.00287375
0.00398342
0.00530853
0.00678533
0.00814178
0.00936155
-0.000982049
-0.00100787
-0.000999776
-0.000988201
-0.000961842
-0.000919405
-0.000855543
-0.000762921
-0.000631192
-0.000445903
-0.000187061
0.000173013
0.000672502
0.00136131
0.00228448
0.00353271
0.00516491
0.00718514
0.0092757
0.0117254
-0.00123948
-0.00127137
-0.00127305
-0.00127832
-0.0012757
-0.00126499
-0.00124187
-0.00120011
-0.00113054
-0.00101974
-0.000848033
-0.000586591
-0.000192995
0.000394424
0.00125857
0.00249535
0.00431469
0.00687017
0.00992263
0.0142911
-0.00151503
-0.00155377
-0.00156567
-0.00158931
-0.00161293
-0.00163832
-0.00166321
-0.00168367
-0.00169356
-0.00168344
-0.00163886
-0.00153768
-0.00134601
-0.00101095
-0.000453787
0.000435181
0.00190531
0.00440398
0.00753037
0.0137675
-0.00180305
-0.00184732
-0.00186734
-0.00190817
-0.00195923
-0.00202424
-0.00210303
-0.00219502
-0.00229879
-0.00241183
-0.00253019
-0.00264834
-0.00275868
-0.00285158
-0.00293728
-0.00306957
-0.00307113
-0.00207082
-3.51431e-06
0.00686827
-0.00210602
-0.00216643
-0.00219467
-0.00225838
-0.00233366
-0.002434
-0.00256251
-0.00272525
-0.0029287
-0.00318106
-0.00349451
-0.00389045
-0.00440782
-0.00512077
-0.00620369
-0.00800856
-0.0108973
-0.0123423
-0.0109383
-0.00417125
-0.00239603
-0.00244223
-0.00246421
-0.00252072
-0.00261456
-0.00275357
-0.00294294
-0.00318829
-0.00349934
-0.00389211
-0.00439463
-0.00505702
-0.00597471
-0.00730647
-0.00943818
-0.0129081
-0.0190677
-0.0229582
-0.0232307
-0.0151901
-0.00270947
-0.0028311
-0.00284543
-0.00296287
-0.00306098
-0.00321774
-0.00342431
-0.00370569
-0.00408053
-0.00457669
-0.00523465
-0.00612485
-0.0073915
-0.00920492
-0.0122767
-0.016591
-0.025422
-0.0306503
-0.0339703
-0.023
-0.00312028
-0.00305104
-0.00301626
-0.0029866
-0.0030703
-0.00324523
-0.00351535
-0.00388154
-0.00435693
-0.00496252
-0.00574201
-0.00676017
-0.00820316
-0.0101415
-0.0135872
-0.0177349
-0.0272965
-0.0314561
-0.0362153
-0.0218714
-0.00297023
-0.00352233
-0.00347838
-0.00375546
-0.00377428
-0.00393185
-0.00411523
-0.00441716
-0.00484016
-0.00541665
-0.00617821
-0.00716457
-0.00860679
-0.010323
-0.0135547
-0.0174558
-0.0246793
-0.0286707
-0.0304076
-0.00957898
-0.0049881
-0.00377109
-0.00355718
-0.0030298
-0.00302052
-0.00319065
-0.0035221
-0.00396688
-0.00452814
-0.00520809
-0.00602735
-0.00700803
-0.00833318
-0.00975096
-0.0120455
-0.0146219
-0.0185041
-0.0196457
-0.0174405
0.0138008
-0.00154928
-0.00488394
-0.00430444
-0.00491527
-0.00451305
-0.00459877
-0.00460425
-0.00481052
-0.00515374
-0.00566215
-0.00631838
-0.00712824
-0.00832764
-0.00959157
-0.0120568
-0.0143556
-0.0185198
-0.0152112
-0.00448901
0.0483802
-0.015985
-0.00321483
-0.00239594
-0.00215787
-0.00218884
-0.00239546
-0.00284316
-0.0033163
-0.00391645
-0.00465375
-0.00544237
-0.00640573
-0.00767421
-0.00877249
-0.0101952
-0.0100421
-0.00729522
0.010956
0.0522553
0.144937
2.82733e-05
2.72563e-05
6.97695e-05
0.000139986
0.000243815
0.000382267
0.000557478
0.000771655
0.00102663
0.00132343
0.00166168
0.00203867
0.00244841
0.00288056
0.00331909
0.00374171
0.00412104
0.00442148
0.00462739
0.0046766
3.01599e-05
2.85968e-05
7.15395e-05
0.000140271
0.00024172
0.000377008
0.000548513
0.000758689
0.0010097
0.00130305
0.00163894
0.00201513
0.00242638
0.00286375
0.0033115
0.00374728
0.00414258
0.00445891
0.00467929
0.00473311
-1.60492e-05
-2.00825e-05
2.12358e-05
8.71725e-05
0.000185263
0.000316748
0.000484407
0.000691262
0.000940275
0.00123393
0.00157366
0.00195919
0.0023872
0.00284966
0.00333173
0.00381028
0.00425368
0.00461633
0.00487392
0.00494095
-9.42181e-05
-0.000100334
-6.15169e-05
2.34912e-07
9.31352e-05
0.000218655
0.000380171
0.00058154
0.000826911
0.00112041
0.00146553
0.00186429
0.00231593
0.00281628
0.00335231
0.00390072
0.00442577
0.00486963
0.0051935
0.00529157
-0.000208
-0.00021668
-0.000181431
-0.000125394
-3.96498e-05
7.75457e-05
0.000230295
0.000423483
0.000662755
0.000954355
0.00130469
0.00171944
0.00220191
0.00275256
0.0033632
0.00401179
0.00465878
0.0052332
0.00566702
0.00582995
-0.000355541
-0.000367397
-0.000336894
-0.00028844
-0.00021239
-0.000106757
3.32928e-05
0.00021373
0.00044186
0.000726384
0.00107727
0.00150517
0.00202032
0.002627
0.00333108
0.00411359
0.0049338
0.00570888
0.00632228
0.00662118
-0.000534788
-0.000550525
-0.000526094
-0.00048744
-0.000424228
-0.000334374
-0.000212438
-5.14799e-05
0.000157417
0.000425501
0.000766575
0.00119688
0.00173383
0.00239434
0.003205
0.00415302
0.0052067
0.00627985
0.00718858
0.00777484
-0.000743257
-0.000763643
-0.000746694
-0.000720301
-0.000673539
-0.000604506
-0.0005075
-0.00037497
-0.000196779
4.05303e-05
0.000354497
0.000767285
0.00130399
0.00197909
0.00290748
0.00403585
0.00538007
0.00687787
0.00825408
0.00948351
-0.000977786
-0.00100358
-0.000995461
-0.000983818
-0.000957323
-0.000914655
-0.000850416
-0.000757198
-0.000624539
-0.000437797
-0.000176635
0.000187497
0.000696147
0.00141796
0.00232646
0.00358654
0.00524008
0.0072879
0.00940949
0.0118718
-0.00123453
-0.0012664
-0.00126809
-0.00127336
-0.0012707
-0.0012599
-0.0012366
-0.00119453
-0.00112443
-0.00101276
-0.000839533
-0.000575345
-0.000176467
0.000420843
0.00128977
0.0025389
0.00438079
0.00696939
0.0100712
0.0144553
-0.0015092
-0.00154793
-0.00155989
-0.0015836
-0.0016073
-0.00163277
-0.00165775
-0.00167829
-0.00168823
-0.00167813
-0.00163343
-0.00153179
-0.00133896
-0.00100172
-0.000442252
0.000453039
0.0019372
0.00446706
0.00767238
0.0139213
-0.00179609
-0.00184034
-0.00186047
-0.00190145
-0.00195271
-0.002018
-0.00209716
-0.00218967
-0.0022942
-0.00240834
-0.0025283
-0.00264878
-0.00276253
-0.0028604
-0.00295385
-0.00309748
-0.00311046
-0.00209756
9.42876e-05
0.00696254
-0.00209773
-0.00215816
-0.00218654
-0.00225051
-0.00232611
-0.0024269
-0.00255604
-0.00271972
-0.0029246
-0.00317918
-0.00349614
-0.00389758
-0.00442364
-0.00514993
-0.00625393
-0.0080974
-0.0110518
-0.0125152
-0.01096
-0.00418163
-0.00238587
-0.00243199
-0.00245419
-0.002511
-0.00260524
-0.00274484
-0.00293507
-0.00318171
-0.00349474
-0.00389057
-0.004398
-0.00506828
-0.00599931
-0.00735241
-0.00952244
-0.0130589
-0.0193377
-0.0233284
-0.0234574
-0.0153427
-0.00269794
-0.00281954
-0.0028339
-0.00295179
-0.00305022
-0.0032076
-0.00341501
-0.00369771
-0.00407463
-0.00457413
-0.00523754
-0.00613654
-0.00741929
-0.00925751
-0.0123788
-0.0167733
-0.0257738
-0.0311128
-0.0343454
-0.0232471
-0.0031055
-0.00303615
-0.00300167
-0.00297251
-0.00305666
-0.00323224
-0.00350322
-0.00387073
-0.00434812
-0.0049568
-0.00574133
-0.00676705
-0.00822595
-0.0101879
-0.0136815
-0.017902
-0.0276079
-0.0319355
-0.0365134
-0.0220658
-0.00295732
-0.00350901
-0.00346367
-0.00374139
-0.00375983
-0.0039178
-0.00410141
-0.00440393
-0.00482796
-0.00540614
-0.00617087
-0.00716003
-0.00861225
-0.0103546
-0.0136122
-0.0175625
-0.0248777
-0.0289133
-0.0305195
-0.0095901
-0.00496709
-0.00375063
-0.00353758
-0.00301167
-0.00300273
-0.00317315
-0.00350482
-0.0039499
-0.00451191
-0.00519273
-0.00601326
-0.0069902
-0.00829709
-0.00979121
-0.012072
-0.0146484
-0.0185422
-0.0196953
-0.017329
0.013969
-0.00154293
-0.0048749
-0.004291
-0.00490248
-0.00449858
-0.00458357
-0.00458802
-0.00479277
-0.00513507
-0.00564292
-0.00630038
-0.00710817
-0.00831226
-0.00958987
-0.0120672
-0.0143609
-0.0185147
-0.0151503
-0.00425431
0.0486575
-0.015967
-0.00319917
-0.00237941
-0.00214023
-0.00217122
-0.00237676
-0.00282417
-0.00329587
-0.00389601
-0.00463294
-0.00542298
-0.00638813
-0.00766213
-0.00876707
-0.0101949
-0.0100344
-0.00725334
0.0110539
0.0525417
0.145253
2.93881e-05
2.83939e-05
7.09595e-05
0.000141266
0.000245235
0.000383892
0.000559391
0.00077396
0.00102946
0.00132694
0.00166605
0.00204411
0.00245514
0.00288879
0.00332896
0.00375331
0.00413432
0.00443617
0.00464309
0.00469264
3.12872e-05
2.97441e-05
7.27395e-05
0.000141562
0.000243154
0.000378649
0.000550445
0.000761019
0.00101257
0.00130661
0.00164339
0.00202068
0.00243328
0.00287223
0.00332175
0.00375942
0.00415655
0.00447446
0.00469598
0.00475021
-1.48696e-05
-1.88826e-05
2.24886e-05
8.85174e-05
0.000186753
0.00031845
0.00048641
0.000693679
0.000943249
0.00123765
0.00157832
0.00196506
0.00239458
0.00285884
0.003343
0.00382381
0.00426947
0.0046341
0.00489315
0.00496072
-9.2958e-05
-9.90534e-05
-6.01833e-05
1.66138e-06
9.47094e-05
0.000220447
0.000382275
0.000584078
0.000830041
0.00112433
0.0014705
0.00187061
0.00232398
0.00282646
0.00336506
0.00391635
0.00444436
0.0048909
0.00521677
0.00531562
-0.000206631
-0.000215291
-0.00017999
-0.000123861
-3.79685e-05
7.94483e-05
0.000232518
0.000426159
0.000666057
0.000958509
0.00130999
0.00172625
0.00221071
0.00276387
0.00337775
0.00403011
0.00468111
0.00525926
0.00569595
0.00586006
-0.000354035
-0.00036587
-0.000335319
-0.000286777
-0.000210583
-0.000104731
3.56394e-05
0.000216538
0.000445315
0.000730733
0.00108283
0.00151233
0.00202962
0.0026393
0.00334747
0.00413496
0.00496059
0.00574092
0.00635853
0.00665924
-0.000533111
-0.000548828
-0.000524354
-0.000485622
-0.000422277
-0.00033222
-0.000209978
-4.85729e-05
0.000160967
0.000429957
0.000772276
0.00120425
0.00174348
0.00240768
0.00322301
0.00417734
0.00523823
0.0063187
0.00723366
0.00782266
-0.000741365
-0.000761733
-0.000744752
-0.000718297
-0.000671425
-0.00060222
-0.000504947
-0.000372016
-0.000193232
4.49455e-05
0.000360154
0.000774701
0.00131426
0.00199884
0.00292705
0.00406242
0.00541568
0.00692347
0.00830889
0.00954239
-0.000975624
-0.00100141
-0.000993267
-0.000981586
-0.000955017
-0.000912227
-0.000847791
-0.000754265
-0.000621127
-0.000433645
-0.000171329
0.000194592
0.000705609
0.00142555
0.00234501
0.0036131
0.00527716
0.00733804
0.00947379
0.0119412
-0.00123203
-0.00126389
-0.00126558
-0.00127084
-0.00126816
-0.00125731
-0.00123391
-0.00119168
-0.00112131
-0.00100918
-0.000835192
-0.000569707
-0.000168749
0.000431271
0.0013048
0.00256054
0.00441337
0.00701753
0.0101417
0.0145325
-0.00150626
-0.00154498
-0.00155697
-0.00158071
-0.00160445
-0.00162995
-0.00165497
-0.00167554
-0.00168552
-0.00167541
-0.00163064
-0.00152877
-0.00133542
-0.000997311
-0.000436352
0.0004624
0.00195372
0.00449901
0.00774069
0.013996
-0.00179259
-0.00183683
-0.00185701
-0.00189806
-0.00194942
-0.00201485
-0.00209419
-0.00218697
-0.00229188
-0.00240656
-0.00252731
-0.00264893
-0.00276434
-0.00286463
-0.00296171
-0.00310987
-0.00312595
-0.00210616
0.000142495
0.00701257
-0.00209358
-0.00215402
-0.00218247
-0.00224657
-0.00232232
-0.00242333
-0.00255279
-0.00271694
-0.00292255
-0.00317825
-0.00349694
-0.00390112
-0.00443148
-0.00516454
-0.00628012
-0.00814014
-0.0111178
-0.0125919
-0.0109667
-0.00417971
-0.00238084
-0.00242691
-0.0024492
-0.00250616
-0.0026006
-0.0027405
-0.00293116
-0.00317845
-0.00349247
-0.00388985
-0.00439972
-0.00507395
-0.00601157
-0.00737518
-0.00956387
-0.013132
-0.019464
-0.023501
-0.0235604
-0.01541
-0.0026923
-0.00281386
-0.00282824
-0.00294634
-0.00304491
-0.00320259
-0.00341042
-0.00369378
-0.00407175
-0.00457292
-0.00523907
-0.00614251
-0.00743334
-0.00928406
-0.0124297
-0.0168648
-0.0259454
-0.0313368
-0.034526
-0.0233674
-0.00309829
-0.00302886
-0.00299453
-0.0029656
-0.00304997
-0.00322588
-0.0034973
-0.00386546
-0.00434386
-0.00495409
-0.00574118
-0.00677078
-0.00823788
-0.0102122
-0.01373
-0.0179888
-0.0277658
-0.0321764
-0.0366672
-0.0221694
-0.00295117
-0.00350264
-0.00345665
-0.00373464
-0.00375288
-0.00391104
-0.00409474
-0.00439756
-0.00482209
-0.0054011
-0.00616745
-0.00715846
-0.00861695
-0.010371
-0.0136433
-0.017621
-0.0249825
-0.0290441
-0.0305884
-0.00960796
-0.00495714
-0.00374084
-0.00352821
-0.00300293
-0.00299421
-0.00316478
-0.00349656
-0.00394179
-0.00450415
-0.00518541
-0.00600665
-0.00698346
-0.00829265
-0.00980128
-0.0120867
-0.0146676
-0.0185688
-0.019733
-0.0172898
0.0140391
-0.00154003
-0.00487054
-0.00428466
-0.00489642
-0.00449178
-0.00457645
-0.00458045
-0.00478448
-0.00512618
-0.00563383
-0.00629195
-0.00709913
-0.00830713
-0.00958934
-0.0120741
-0.0143673
-0.018517
-0.0151294
-0.00415033
0.0487852
-0.0159585
-0.00319188
-0.00237178
-0.00213213
-0.00216317
-0.0023682
-0.00281546
-0.00328644
-0.00388647
-0.00462319
-0.00541389
-0.00638005
-0.00765709
-0.00876609
-0.010197
-0.0100342
-0.00723726
0.0110946
0.0526763
0.145403
2.93939e-05
2.83995e-05
7.09646e-05
0.000141271
0.000245239
0.000383895
0.000559393
0.000773961
0.00102946
0.00132694
0.00166605
0.00204411
0.00245514
0.00288879
0.00332896
0.00375331
0.00413432
0.00443617
0.00464309
0.00469264
3.12929e-05
2.97495e-05
7.27443e-05
0.000141566
0.000243157
0.000378652
0.000550447
0.00076102
0.00101257
0.00130661
0.00164339
0.00202069
0.00243328
0.00287223
0.00332175
0.00375942
0.00415655
0.00447446
0.00469598
0.00475021
-1.48643e-05
-1.88776e-05
2.24931e-05
8.85212e-05
0.000186756
0.000318453
0.000486412
0.00069368
0.000943251
0.00123765
0.00157832
0.00196506
0.00239458
0.00285884
0.003343
0.00382381
0.00426947
0.0046341
0.00489315
0.00496072
-9.29531e-05
-9.90488e-05
-6.01792e-05
1.66475e-06
9.47122e-05
0.00022045
0.000382277
0.000584081
0.000830043
0.00112433
0.0014705
0.00187061
0.00232398
0.00282646
0.00336506
0.00391635
0.00444436
0.0048909
0.00521677
0.00531562
-0.000206627
-0.000215287
-0.000179987
-0.000123858
-3.7966e-05
7.94506e-05
0.00023252
0.000426161
0.000666059
0.00095851
0.00130999
0.00172625
0.0022107
0.00276387
0.00337775
0.00403011
0.00468111
0.00525926
0.00569595
0.00586006
-0.000354031
-0.000365867
-0.000335316
-0.000286774
-0.00021058
-0.000104729
3.56417e-05
0.00021654
0.000445316
0.000730733
0.00108283
0.00151233
0.00202962
0.0026393
0.00334747
0.00413496
0.00496059
0.00574092
0.00635853
0.00665924
-0.000533107
-0.000548825
-0.000524351
-0.000485619
-0.000422275
-0.000332217
-0.000209976
-4.85717e-05
0.000160968
0.000429957
0.000772276
0.00120425
0.00174348
0.00240768
0.00322301
0.00417735
0.00523823
0.0063187
0.00723366
0.00782266
-0.000741362
-0.000761731
-0.00074475
-0.000718294
-0.000671423
-0.000602218
-0.000504946
-0.000372015
-0.000193231
4.49461e-05
0.000360154
0.000774703
0.00131426
0.00199884
0.00292705
0.00406243
0.00541568
0.00692347
0.00830889
0.00954239
-0.000975622
-0.0010014
-0.000993265
-0.000981584
-0.000955015
-0.000912226
-0.00084779
-0.000754265
-0.000621127
-0.000433644
-0.000171327
0.000194593
0.00070561
0.00142555
0.00234502
0.00361311
0.00527716
0.00733804
0.00947379
0.0119412
-0.00123203
-0.00126388
-0.00126557
-0.00127084
-0.00126815
-0.0012573
-0.00123391
-0.00119168
-0.00112131
-0.00100918
-0.000835192
-0.000569706
-0.000168748
0.000431273
0.0013048
0.00256054
0.00441337
0.00701753
0.0101417
0.0145325
-0.00150625
-0.00154497
-0.00155697
-0.00158071
-0.00160444
-0.00162995
-0.00165497
-0.00167554
-0.00168552
-0.00167541
-0.00163064
-0.00152877
-0.00133541
-0.000997309
-0.000436351
0.000462402
0.00195372
0.00449901
0.00774069
0.013996
-0.00179259
-0.00183683
-0.00185701
-0.00189806
-0.00194942
-0.00201485
-0.00209419
-0.00218697
-0.00229188
-0.00240656
-0.00252731
-0.00264893
-0.00276434
-0.00286463
-0.00296171
-0.00310987
-0.00312595
-0.00210616
0.000142498
0.00701257
-0.00209359
-0.00215402
-0.00218247
-0.00224657
-0.00232231
-0.00242333
-0.00255279
-0.00271694
-0.00292255
-0.00317824
-0.00349694
-0.00390112
-0.00443148
-0.00516454
-0.00628012
-0.00814013
-0.0111178
-0.0125919
-0.0109667
-0.00417971
-0.00238084
-0.00242691
-0.0024492
-0.00250616
-0.0026006
-0.0027405
-0.00293116
-0.00317845
-0.00349247
-0.00388985
-0.00439972
-0.00507395
-0.00601157
-0.00737517
-0.00956387
-0.013132
-0.019464
-0.023501
-0.0235604
-0.01541
-0.0026923
-0.00281386
-0.00282824
-0.00294634
-0.00304491
-0.00320259
-0.00341042
-0.00369378
-0.00407175
-0.00457292
-0.00523907
-0.00614251
-0.00743333
-0.00928406
-0.0124297
-0.0168648
-0.0259454
-0.0313368
-0.034526
-0.0233674
-0.00309829
-0.00302886
-0.00299453
-0.0029656
-0.00304997
-0.00322588
-0.0034973
-0.00386546
-0.00434386
-0.00495409
-0.00574117
-0.00677077
-0.00823788
-0.0102122
-0.01373
-0.0179888
-0.0277658
-0.0321764
-0.0366672
-0.0221694
-0.00295117
-0.00350264
-0.00345665
-0.00373464
-0.00375288
-0.00391104
-0.00409474
-0.00439756
-0.00482209
-0.00540109
-0.00616745
-0.00715846
-0.00861695
-0.010371
-0.0136433
-0.017621
-0.0249825
-0.0290441
-0.0305884
-0.00960796
-0.00495714
-0.00374084
-0.00352821
-0.00300293
-0.00299421
-0.00316478
-0.00349657
-0.00394179
-0.00450415
-0.00518541
-0.00600665
-0.00698346
-0.00829265
-0.00980128
-0.0120867
-0.0146676
-0.0185688
-0.019733
-0.0172898
0.0140391
-0.00154003
-0.00487054
-0.00428466
-0.00489642
-0.00449178
-0.00457645
-0.00458045
-0.00478448
-0.00512618
-0.00563383
-0.00629194
-0.00709913
-0.00830713
-0.00958935
-0.0120741
-0.0143673
-0.018517
-0.0151294
-0.00415033
0.0487852
-0.0159585
-0.00319188
-0.00237178
-0.00213213
-0.00216317
-0.0023682
-0.00281546
-0.00328644
-0.00388647
-0.00462319
-0.00541389
-0.00638005
-0.00765709
-0.0087661
-0.010197
-0.0100342
-0.00723726
0.0110947
0.0526763
0.145403
2.82913e-05
2.72735e-05
6.97851e-05
0.00014
0.000243826
0.000382275
0.000557484
0.000771658
0.00102663
0.00132344
0.00166168
0.00203867
0.00244842
0.00288057
0.00331909
0.00374171
0.00412104
0.00442148
0.00462739
0.00467659
3.01772e-05
2.86133e-05
7.15544e-05
0.000140284
0.000241731
0.000377017
0.000548519
0.000758693
0.00100971
0.00130306
0.00163894
0.00201514
0.00242638
0.00286375
0.0033115
0.00374728
0.00414258
0.00445891
0.00467929
0.00473311
-1.60329e-05
-2.0067e-05
2.12495e-05
8.71842e-05
0.000185273
0.000316755
0.000484413
0.000691267
0.000940279
0.00123394
0.00157366
0.00195919
0.0023872
0.00284966
0.00333173
0.00381028
0.00425368
0.00461633
0.00487392
0.00494095
-9.42032e-05
-0.00010032
-6.15047e-05
2.45178e-07
9.31437e-05
0.000218662
0.000380178
0.000581547
0.000826917
0.00112041
0.00146553
0.00186429
0.00231593
0.00281628
0.00335231
0.00390072
0.00442577
0.00486963
0.0051935
0.00529157
-0.000207987
-0.000216668
-0.000181421
-0.000125385
-3.96423e-05
7.75527e-05
0.000230302
0.00042349
0.00066276
0.000954358
0.00130469
0.00171944
0.0022019
0.00275255
0.0033632
0.00401179
0.00465878
0.0052332
0.00566702
0.00582995
-0.000355529
-0.000367386
-0.000336885
-0.000288432
-0.000212383
-0.00010675
3.32995e-05
0.000213736
0.000441864
0.000726385
0.00107727
0.00150516
0.00202032
0.002627
0.00333108
0.00411359
0.0049338
0.00570888
0.00632229
0.00662118
-0.000534778
-0.000550515
-0.000526085
-0.000487433
-0.000424221
-0.000334368
-0.000212433
-5.14765e-05
0.000157419
0.000425501
0.000766574
0.00119688
0.00173383
0.00239434
0.003205
0.00415302
0.0052067
0.00627986
0.00718858
0.00777484
-0.000743248
-0.000763635
-0.000746687
-0.000720294
-0.000673533
-0.000604501
-0.000507496
-0.000374968
-0.000196779
4.05301e-05
0.000354498
0.000767287
0.00130399
0.00197909
0.00290748
0.00403585
0.00538007
0.00687787
0.00825408
0.00948351
-0.000977779
-0.00100358
-0.000995454
-0.000983812
-0.000957317
-0.000914651
-0.000850414
-0.000757198
-0.000624538
-0.000437797
-0.000176634
0.000187498
0.000696147
0.00141796
0.00232646
0.00358654
0.00524008
0.0072879
0.00940949
0.0118718
-0.00123453
-0.0012664
-0.00126808
-0.00127336
-0.0012707
-0.0012599
-0.0012366
-0.00119453
-0.00112443
-0.00101275
-0.00083953
-0.000575343
-0.000176467
0.000420843
0.00128977
0.0025389
0.00438079
0.00696939
0.0100712
0.0144553
-0.00150919
-0.00154792
-0.00155989
-0.0015836
-0.0016073
-0.00163277
-0.00165774
-0.00167828
-0.00168823
-0.00167813
-0.00163342
-0.00153179
-0.00133896
-0.00100172
-0.000442253
0.00045304
0.0019372
0.00446705
0.00767238
0.0139213
-0.00179609
-0.00184034
-0.00186047
-0.00190145
-0.00195271
-0.002018
-0.00209715
-0.00218966
-0.0022942
-0.00240833
-0.00252829
-0.00264877
-0.00276253
-0.0028604
-0.00295385
-0.00309747
-0.00311046
-0.00209756
9.42883e-05
0.00696255
-0.00209773
-0.00215816
-0.00218654
-0.00225051
-0.0023261
-0.00242689
-0.00255604
-0.00271971
-0.0029246
-0.00317918
-0.00349613
-0.00389758
-0.00442364
-0.00514992
-0.00625392
-0.00809739
-0.0110518
-0.0125152
-0.01096
-0.00418162
-0.00238588
-0.002432
-0.00245419
-0.002511
-0.00260524
-0.00274484
-0.00293507
-0.00318171
-0.00349473
-0.00389056
-0.00439799
-0.00506828
-0.0059993
-0.0073524
-0.00952243
-0.0130589
-0.0193377
-0.0233284
-0.0234574
-0.0153427
-0.00269795
-0.00281954
-0.0028339
-0.00295179
-0.00305022
-0.0032076
-0.00341501
-0.00369771
-0.00407463
-0.00457412
-0.00523753
-0.00613654
-0.00741928
-0.00925751
-0.0123788
-0.0167733
-0.0257738
-0.0311128
-0.0343454
-0.0232471
-0.0031055
-0.00303615
-0.00300167
-0.00297251
-0.00305666
-0.00323224
-0.00350322
-0.00387073
-0.00434812
-0.00495679
-0.00574133
-0.00676705
-0.00822594
-0.0101879
-0.0136815
-0.017902
-0.0276079
-0.0319355
-0.0365134
-0.0220658
-0.00295732
-0.00350901
-0.00346367
-0.00374139
-0.00375983
-0.0039178
-0.00410141
-0.00440393
-0.00482796
-0.00540614
-0.00617086
-0.00716003
-0.00861225
-0.0103546
-0.0136122
-0.0175625
-0.0248777
-0.0289133
-0.0305195
-0.0095901
-0.00496709
-0.00375063
-0.00353758
-0.00301167
-0.00300273
-0.00317315
-0.00350482
-0.0039499
-0.00451191
-0.00519273
-0.00601326
-0.00699019
-0.00829708
-0.0097912
-0.012072
-0.0146484
-0.0185422
-0.0196953
-0.017329
0.013969
-0.00154293
-0.0048749
-0.004291
-0.00490248
-0.00449858
-0.00458357
-0.00458802
-0.00479277
-0.00513507
-0.00564292
-0.00630038
-0.00710817
-0.00831225
-0.00958987
-0.0120672
-0.0143609
-0.0185147
-0.0151503
-0.00425431
0.0486575
-0.015967
-0.00319917
-0.00237941
-0.00214023
-0.00217122
-0.00237676
-0.00282417
-0.00329587
-0.00389601
-0.00463294
-0.00542297
-0.00638813
-0.00766213
-0.00876708
-0.0101949
-0.0100344
-0.00725334
0.0110539
0.0525417
0.145253
2.61418e-05
2.50828e-05
6.7496e-05
0.000137541
0.0002411
0.000379159
0.000553819
0.000767241
0.00102121
0.00131671
0.00165329
0.00202822
0.00243548
0.00286474
0.00330004
0.0037193
0.00409538
0.00439307
0.00459701
0.00464554
2.79982e-05
2.63984e-05
6.92406e-05
0.0001378
0.000238976
0.000373867
0.000544812
0.000754224
0.00100422
0.00129623
0.0016304
0.00200446
0.00241309
0.00284739
0.00329169
0.00372381
0.00411552
0.00442878
0.00464693
0.00469994
-1.83201e-05
-2.23905e-05
1.88261e-05
8.45878e-05
0.000182401
0.00031348
0.000480564
0.000686626
0.000934567
0.00122681
0.00156469
0.00194786
0.00237296
0.0028319
0.00330991
0.00378403
0.004223
0.00458175
0.00483645
0.0049024
-9.66559e-05
-0.000102809
-6.40938e-05
-2.51826e-06
9.01004e-05
0.000215204
0.000376126
0.000576663
0.000820893
0.00111285
0.00145594
0.00185206
0.00230035
0.00279652
0.00332752
0.00387026
0.00438944
0.004828
0.00514786
0.00524435
-0.000210659
-0.000219376
-0.000184227
-0.000128364
-4.2902e-05
7.38722e-05
0.000226009
0.000418328
0.000656388
0.000946329
0.00129444
0.00170622
0.00218481
0.00273058
0.00333478
0.00397588
0.00461488
0.0051818
0.00560981
0.0057703
-0.000358477
-0.00037037
-0.000339961
-0.000291673
-0.000215896
-0.000110678
2.87566e-05
0.000208306
0.000435177
0.000717954
0.00106647
0.00149125
0.00200241
0.00260369
0.00329911
0.00407151
0.00488076
0.00564515
0.0062499
0.00654489
-0.000538069
-0.00055384
-0.000529489
-0.000490984
-0.000428022
-0.000338556
-0.000217208
-5.71164e-05
0.000150529
0.000416843
0.000755498
0.00118272
0.00171633
0.002374
0.00317086
0.00410499
0.00514383
0.00620185
0.00709748
0.00767756
-0.000746967
-0.000767383
-0.000750494
-0.000724217
-0.000677661
-0.000608959
-0.000512466
-0.000380715
-0.000203682
3.19383e-05
0.000343529
0.00075338
0.00128887
0.00198177
0.00287375
0.00398342
0.00530853
0.00678533
0.00814178
0.00936155
-0.000982037
-0.00100786
-0.000999765
-0.00098819
-0.000961833
-0.000919399
-0.000855539
-0.00076292
-0.00063119
-0.0004459
-0.000187057
0.000173018
0.000672505
0.00136131
0.00228448
0.00353271
0.00516491
0.00718514
0.0092757
0.0117254
-0.00123947
-0.00127136
-0.00127304
-0.00127831
-0.00127569
-0.00126499
-0.00124187
-0.00120011
-0.00113053
-0.00101973
-0.000848027
-0.000586587
-0.000192993
0.000394426
0.00125857
0.00249535
0.00431469
0.00687017
0.00992263
0.0142911
-0.00151502
-0.00155376
-0.00156566
-0.0015893
-0.00161292
-0.00163831
-0.00166321
-0.00168367
-0.00169355
-0.00168343
-0.00163885
-0.00153768
-0.001346
-0.00101095
-0.000453787
0.000435182
0.00190531
0.00440398
0.00753037
0.0137675
-0.00180305
-0.00184732
-0.00186734
-0.00190816
-0.00195922
-0.00202424
-0.00210302
-0.00219501
-0.00229879
-0.00241182
-0.00253018
-0.00264833
-0.00275868
-0.00285157
-0.00293727
-0.00306957
-0.00307112
-0.00207081
-3.50663e-06
0.00686828
-0.00210602
-0.00216643
-0.00219467
-0.00225837
-0.00233365
-0.00243399
-0.0025625
-0.00272524
-0.0029287
-0.00318105
-0.00349451
-0.00389045
-0.00440781
-0.00512076
-0.00620368
-0.00800855
-0.0108973
-0.0123423
-0.0109383
-0.00417124
-0.00239603
-0.00244223
-0.00246421
-0.00252072
-0.00261455
-0.00275357
-0.00294294
-0.00318829
-0.00349933
-0.0038921
-0.00439462
-0.00505701
-0.0059747
-0.00730646
-0.00943817
-0.0129081
-0.0190677
-0.0229582
-0.0232307
-0.0151901
-0.00270948
-0.00283111
-0.00284543
-0.00296287
-0.00306098
-0.00321774
-0.00342431
-0.00370569
-0.00408053
-0.00457669
-0.00523464
-0.00612484
-0.00739149
-0.00920491
-0.0122767
-0.016591
-0.025422
-0.0306503
-0.0339703
-0.023
-0.00312029
-0.00305105
-0.00301626
-0.0029866
-0.0030703
-0.00324522
-0.00351534
-0.00388154
-0.00435693
-0.00496252
-0.005742
-0.00676016
-0.00820315
-0.0101415
-0.0135872
-0.0177349
-0.0272965
-0.0314561
-0.0362153
-0.0218714
-0.00297023
-0.00352233
-0.00347839
-0.00375546
-0.00377428
-0.00393184
-0.00411523
-0.00441716
-0.00484016
-0.00541665
-0.00617821
-0.00716457
-0.00860678
-0.010323
-0.0135547
-0.0174558
-0.0246793
-0.0286707
-0.0304076
-0.00957897
-0.0049881
-0.00377109
-0.00355718
-0.0030298
-0.00302052
-0.00319065
-0.0035221
-0.00396688
-0.00452814
-0.00520809
-0.00602735
-0.00700802
-0.00833317
-0.00975095
-0.0120455
-0.0146219
-0.018504
-0.0196457
-0.0174405
0.0138008
-0.00154928
-0.00488394
-0.00430444
-0.00491527
-0.00451305
-0.00459877
-0.00460425
-0.00481052
-0.00515375
-0.00566215
-0.00631838
-0.00712824
-0.00832764
-0.00959156
-0.0120568
-0.0143556
-0.0185198
-0.0152112
-0.004489
0.0483802
-0.015985
-0.00321483
-0.00239594
-0.00215787
-0.00218884
-0.00239546
-0.00284316
-0.00331631
-0.00391645
-0.00465375
-0.00544237
-0.00640573
-0.00767421
-0.00877249
-0.0101952
-0.0100421
-0.00729521
0.010956
0.0522553
0.144937
2.30658e-05
2.19603e-05
6.4246e-05
0.00013407
0.000237269
0.000374796
0.0005487
0.000761081
0.00101365
0.00130733
0.00164157
0.00201359
0.00241733
0.00284248
0.00327322
0.00368769
0.00405913
0.00435289
0.004554
0.00460159
2.48658e-05
2.32271e-05
6.59408e-05
0.000134276
0.000235089
0.000369443
0.000539624
0.000747979
0.000996551
0.00128669
0.00161846
0.00198949
0.00239442
0.00282437
0.00326375
0.00369063
0.0040772
0.00438605
0.00460097
0.00465283
-2.16225e-05
-2.57321e-05
1.53548e-05
8.08904e-05
0.000178334
0.000308863
0.000475158
0.000680121
0.000926566
0.00121681
0.00155209
0.00193192
0.00235286
0.00280679
0.00327897
0.00374673
0.00417929
0.00453237
0.00478285
0.00484721
-0.000100214
-0.000106406
-6.7821e-05
-6.47334e-06
8.57688e-05
0.000210308
0.000370409
0.00056979
0.000812423
0.00110222
0.00144242
0.00183476
0.0022782
0.00276836
0.0032921
0.00382663
0.00433724
0.00476798
0.00508187
0.00517595
-0.000214547
-0.000223304
-0.000188282
-0.000132645
-4.7561e-05
6.86378e-05
0.000219928
0.000411034
0.000647388
0.000934973
0.00127987
0.00168734
0.0021602
0.00269877
0.00329372
0.00392391
0.00455113
0.00510681
0.00552598
0.00568259
-0.000362778
-0.000374708
-0.000344418
-0.000296345
-0.000220937
-0.000116288
2.22938e-05
0.000200598
0.000425688
0.00070596
0.00105101
0.0014711
0.001976
0.00256861
0.00325204
0.00400987
0.0048028
0.00555087
0.00614218
0.00643068
-0.000542878
-0.000558683
-0.000534435
-0.000496119
-0.000433494
-0.000344561
-0.000224029
-6.51565e-05
0.000140706
0.000404458
0.000739502
0.00116176
0.00168875
0.00233723
0.00311861
0.00403364
0.00505026
0.00608474
0.00695952
0.0075287
-0.000752409
-0.000772853
-0.000756037
-0.000729905
-0.000683625
-0.000615374
-0.000519596
-0.000388941
-0.00021356
1.96085e-05
0.000327632
0.000732469
0.00126145
0.00194682
0.00281853
0.00390462
0.00520082
0.00664431
0.00796825
0.00916986
-0.000988282
-0.00101412
-0.00100606
-0.000994559
-0.00096838
-0.000926261
-0.000862926
-0.000771149
-0.000640742
-0.000457519
-0.000201917
0.000152962
0.000643708
0.00131745
0.00222806
0.0034531
0.005051
0.00702661
0.009065
0.0114902
-0.00124675
-0.00127865
-0.00128029
-0.00128555
-0.00128297
-0.00127239
-0.00124951
-0.00120818
-0.00113934
-0.00102977
-0.000860134
-0.000602214
-0.000214636
0.000363081
0.00121504
0.00243121
0.00421481
0.00671722
0.00968656
0.0140266
-0.00152363
-0.00156237
-0.00157416
-0.00159766
-0.00162116
-0.00164642
-0.00167118
-0.00169152
-0.00170129
-0.00169111
-0.00164661
-0.00154581
-0.00135517
-0.00102216
-0.000468437
0.000411887
0.00186274
0.00431671
0.00731434
0.0135401
-0.0018134
-0.00185767
-0.00187751
-0.00191808
-0.00196883
-0.00203344
-0.00211166
-0.00220288
-0.00230555
-0.00241695
-0.00253287
-0.00264732
-0.00275199
-0.00283616
-0.00290759
-0.00301747
-0.00299211
-0.0019938
-0.000131057
0.00676655
-0.00211847
-0.00217882
-0.0022068
-0.00227008
-0.00234487
-0.00244453
-0.0025721
-0.00273347
-0.00293482
-0.00318387
-0.00349206
-0.00387949
-0.00438283
-0.00507264
-0.00611485
-0.0078479
-0.0106206
-0.0120084
-0.0108577
-0.00407872
-0.00241143
-0.00245768
-0.00247931
-0.00253533
-0.00262856
-0.00276669
-0.0029548
-0.00319826
-0.00350639
-0.00389455
-0.00438979
-0.00504013
-0.00593712
-0.00723486
-0.00930343
-0.0126642
-0.0186114
-0.0223231
-0.0228139
-0.0148658
-0.00272736
-0.00284899
-0.0028632
-0.00297988
-0.00307746
-0.00323322
-0.0034385
-0.00371791
-0.00408968
-0.00458089
-0.00523073
-0.00610767
-0.00735007
-0.00912658
-0.0121219
-0.0163196
-0.0248772
-0.0299037
-0.0333549
-0.0226051
-0.00314337
-0.00307416
-0.00303885
-0.00300832
-0.00309136
-0.00326531
-0.00353415
-0.00389841
-0.00437082
-0.00497181
-0.00574371
-0.00675033
-0.00816977
-0.0100773
-0.0134543
-0.0175108
-0.0268716
-0.0307265
-0.035781
-0.0216052
-0.0029914
-0.00354391
-0.00350217
-0.00377803
-0.00379732
-0.00395415
-0.00413712
-0.00443811
-0.00485945
-0.0054333
-0.00618953
-0.00716972
-0.00859297
-0.01029
-0.0134863
-0.017325
-0.024421
-0.0283483
-0.0302725
-0.00961429
-0.00502254
-0.003804
-0.00358875
-0.00305871
-0.00304907
-0.00321881
-0.00354993
-0.00399424
-0.00455419
-0.00523256
-0.00604837
-0.00702619
-0.00833234
-0.00975866
-0.0120309
-0.0146125
-0.0184796
-0.0196338
-0.0176477
0.0134947
-0.00156084
-0.00489859
-0.00432682
-0.00493636
-0.00453708
-0.00462411
-0.00463122
-0.00484005
-0.00518397
-0.00569376
-0.00634674
-0.00715828
-0.00834573
-0.00961119
-0.0120526
-0.0143676
-0.0185465
-0.0153467
-0.00484896
0.0479212
-0.0160151
-0.00324159
-0.00242467
-0.00218873
-0.00221981
-0.00242824
-0.00287596
-0.0033515
-0.00395048
-0.00468884
-0.0054739
-0.00643578
-0.00769522
-0.00879117
-0.0102054
-0.0100726
-0.00737671
0.0107649
0.051793
0.144419
1.92353e-05
1.81031e-05
6.02539e-05
0.00012984
0.000232632
0.000369545
0.000542563
0.000753712
0.00100462
0.0012961
0.00162752
0.001996
0.00239545
0.00281558
0.00324071
0.00364927
0.00401499
0.0043039
0.00450152
0.00454798
2.09272e-05
1.92718e-05
6.18495e-05
0.000129946
0.00023035
0.000364085
0.000533373
0.000740482
0.00098736
0.00127525
0.00160411
0.00197148
0.00237187
0.00279649
0.0032298
0.00365022
0.0040304
0.00433376
0.00454467
0.00459512
-2.58049e-05
-2.99297e-05
1.10201e-05
7.63154e-05
0.000173343
0.000303239
0.000468612
0.000672277
0.000916937
0.00120478
0.0015369
0.00191265
0.00232847
0.00277619
0.00324115
0.00370098
0.00412547
0.00447141
0.00471651
0.00477884
-0.000104754
-0.00011096
-7.25127e-05
-1.1406e-05
8.04133e-05
0.000204301
0.000363443
0.000561454
0.000802172
0.00108934
0.00142601
0.00181368
0.00225109
0.00273373
0.00324839
0.00377256
0.00427226
0.00469293
0.00499904
0.0050899
-0.000219533
-0.000228302
-0.000193415
-0.000138015
-5.33572e-05
6.21774e-05
0.000212472
0.000402131
0.000636427
0.00092113
0.00126205
0.0016641
0.00212964
0.00265911
0.00324241
0.00385873
0.00447069
0.00501158
0.00541893
0.00557003
-0.000368309
-0.000380246
-0.000350082
-0.000302234
-0.00022724
-0.000123251
1.43223e-05
0.000191132
0.000414053
0.00069123
0.00103192
0.00144599
0.00194269
0.00252385
0.00319222
0.00393141
0.00470292
0.00542895
0.00600175
0.00628048
-0.000549074
-0.000564879
-0.000540736
-0.000502616
-0.000440369
-0.000352055
-0.000232493
-7.50927e-05
0.000128582
0.000389132
0.000719557
0.00113523
0.00165291
0.0022881
0.0030508
0.00394142
0.00492839
0.0059303
0.00677546
0.00732696
-0.000759432
-0.000779864
-0.000763119
-0.000737128
-0.000691154
-0.000623426
-0.000528497
-0.000399173
-0.00022583
4.26599e-06
0.000307713
0.000705822
0.00122506
0.00189639
0.00274565
0.00380148
0.00505821
0.00645449
0.00773061
0.00890028
-0.000996355
-0.00102217
-0.00101412
-0.00100268
-0.000976684
-0.000934922
-0.000872209
-0.000781453
-0.000652678
-0.000472021
-0.000220435
0.000128156
0.000608999
0.00126726
0.00215669
0.00334862
0.00489808
0.00680918
0.0087682
0.011147
-0.00125619
-0.00128804
-0.00128962
-0.00129482
-0.00129226
-0.00128178
-0.00125918
-0.00121836
-0.00115043
-0.00104238
-0.00087527
-0.000621534
-0.000240883
0.000325532
0.0011597
0.00234677
0.00407981
0.00650496
0.00934671
0.0136334
-0.00153486
-0.00157352
-0.00158515
-0.00160844
-0.00163173
-0.00165679
-0.00168137
-0.00170153
-0.00171116
-0.00170089
-0.00165639
-0.00155587
-0.00136608
-0.00103514
-0.000485888
0.000383539
0.00180987
0.00420728
0.00701607
0.0132234
-0.00182701
-0.0018712
-0.00189077
-0.00193097
-0.00198128
-0.00204533
-0.00212283
-0.00221306
-0.00231432
-0.00242365
-0.00253639
-0.0026459
-0.00274272
-0.00281445
-0.00286491
-0.00294013
-0.00286377
-0.00184797
-0.000301969
0.00666641
-0.00213504
-0.00219521
-0.00222282
-0.00228545
-0.00235955
-0.00245828
-0.00258462
-0.00274423
-0.00294293
-0.0031878
-0.00348924
-0.00386581
-0.00435038
-0.00500967
-0.00599815
-0.00763697
-0.0102131
-0.0114695
-0.0107057
-0.00389123
-0.00243222
-0.00247836
-0.00249947
-0.00255477
-0.00264716
-0.00278413
-0.0029706
-0.00321163
-0.0035161
-0.00389849
-0.00438432
-0.00501898
-0.0058884
-0.00713962
-0.00911987
-0.0123249
-0.017931
-0.0213827
-0.022182
-0.0144971
-0.00275234
-0.00287382
-0.00288773
-0.00300319
-0.00309987
-0.00325417
-0.00345767
-0.00373448
-0.00410233
-0.00458729
-0.00522682
-0.00608673
-0.00729762
-0.00902548
-0.0119186
-0.015974
-0.024159
-0.0288296
-0.0325076
-0.0220987
-0.00317578
-0.00310625
-0.00307009
-0.00303821
-0.00312039
-0.00329304
-0.00356019
-0.00392192
-0.00439052
-0.00498572
-0.00574816
-0.00674031
-0.00813033
-0.0100001
-0.0132987
-0.0173041
-0.0266051
-0.0295934
-0.0353012
-0.0213399
-0.0030237
-0.00357626
-0.00353749
-0.00381119
-0.00383076
-0.00398628
-0.00416841
-0.00446794
-0.00488703
-0.0054575
-0.00620704
-0.00717955
-0.00857984
-0.0102497
-0.0134359
-0.017215
-0.02419
-0.0280279
-0.0303238
-0.00978644
-0.00507407
-0.00385173
-0.00363465
-0.00310023
-0.00309058
-0.00325989
-0.00359061
-0.00403419
-0.00459233
-0.00526862
-0.0060801
-0.00705414
-0.00834416
-0.00978
-0.0120462
-0.0146562
-0.0185355
-0.0197658
-0.0181343
0.012958
-0.00158387
-0.00492256
-0.00436249
-0.00496973
-0.00457495
-0.00466378
-0.00467316
-0.00488526
-0.00522936
-0.00574151
-0.00639003
-0.0072035
-0.00837815
-0.00965071
-0.012069
-0.0144125
-0.01863
-0.0156227
-0.00548898
0.0472105
-0.016062
-0.00328424
-0.00247117
-0.0022385
-0.00226997
-0.00248038
-0.00292793
-0.00340577
-0.00400252
-0.00474165
-0.00552184
-0.00648241
-0.00773196
-0.00882886
-0.0102404
-0.0101441
-0.00753575
0.0104358
0.0511038
0.143628
1.4874e-05
1.37954e-05
5.58366e-05
0.000125219
0.000227612
0.000363896
0.000535987
0.000745828
0.000994947
0.00128405
0.0016124
0.001977
0.00237171
0.00278627
0.00320514
0.00360712
0.00396644
0.00424996
0.00444371
0.00448905
1.63463e-05
1.4749e-05
5.72119e-05
0.000125107
0.000225115
0.000358226
0.00052659
0.000732389
0.000977464
0.00126294
0.00158863
0.00195198
0.00234738
0.00276606
0.00319262
0.00360577
0.00397879
0.00427599
0.00448239
0.00453138
-3.07288e-05
-3.47892e-05
6.04417e-06
7.11379e-05
0.000167766
0.000297025
0.000461447
0.000663747
0.000906503
0.00119176
0.00152042
0.00189168
0.0023018
0.00274258
0.00319942
0.00365026
0.00406557
0.00440332
0.00464225
0.00470232
-0.000110162
-0.000116298
-7.79675e-05
-1.70614e-05
7.43517e-05
0.000197586
0.000355737
0.000552303
0.000790972
0.00107529
0.00140807
0.00179055
0.00222116
0.00269531
0.00319964
0.00371191
0.00419894
0.00460784
0.00490473
0.00499171
-0.000225507
-0.000234198
-0.000199427
-0.000144224
-5.99767e-05
5.48875e-05
0.000204148
0.000392271
0.000624343
0.000905887
0.00124238
0.00163829
0.00209536
0.00261449
0.00318438
0.00378452
0.00437842
0.00490151
0.00529441
0.00543837
-0.000374952
-0.000386803
-0.000356747
-0.000309082
-0.00023449
-0.000131171
5.3451e-06
0.000180553
0.000401106
0.000674845
0.00101062
0.00141778
0.00190509
0.00247269
0.00312349
0.00384062
0.0045862
0.00528491
0.00583433
0.00609941
-0.000556525
-0.000572229
-0.000548176
-0.000510207
-0.000448326
-0.000360642
-0.000242106
-8.62992e-05
0.00011496
0.00037191
0.00069704
0.001105
0.00161156
0.0022307
0.00297152
0.00383284
0.00478315
0.00574352
0.00654996
0.00707489
-0.000767882
-0.000788194
-0.000771501
-0.000745601
-0.000699915
-0.000632718
-0.000538692
-0.000410821
-0.000239752
-1.31459e-05
0.000285012
0.000675182
0.00118261
0.00183646
0.00265932
0.00367809
0.00488494
0.00621951
0.00743111
0.00854969
-0.00100608
-0.00103174
-0.00102369
-0.00101224
-0.000986402
-0.00094499
-0.000882936
-0.000793303
-0.000666366
-0.000488643
-0.000241683
9.96434e-05
0.000569071
0.00120946
0.00207213
0.00322226
0.00470932
0.00653504
0.00838546
0.010685
-0.00126758
-0.00129924
-0.00130073
-0.00130579
-0.00130319
-0.00129279
-0.00127045
-0.00123021
-0.00116331
-0.00105703
-0.000892857
-0.000643954
-0.000271291
0.000281854
0.001094
0.00224475
0.00391321
0.00623799
0.00890685
0.0130971
-0.00154846
-0.00158689
-0.00159831
-0.00162126
-0.00164426
-0.00166905
-0.00169337
-0.00171333
-0.00172281
-0.00171246
-0.001668
-0.0015677
-0.00137857
-0.00104924
-0.000503713
0.000356419
0.00175872
0.00409758
0.00667261
0.0128423
-0.00184366
-0.00188757
-0.0019068
-0.00194647
-0.0019962
-0.00205954
-0.00213616
-0.00222525
-0.00232493
-0.00243188
-0.00254087
-0.00264413
-0.00273059
-0.00278461
-0.00280353
-0.0028224
-0.00265696
-0.00155698
-0.000375382
0.00670571
-0.0021556
-0.00221533
-0.0022424
-0.00230411
-0.00237727
-0.00247481
-0.00259967
-0.00275725
-0.00295292
-0.00319291
-0.00348606
-0.00384768
-0.00430713
-0.00491955
-0.00582212
-0.00730524
-0.00958877
-0.0105611
-0.0102671
-0.00330555
-0.00245844
-0.00250406
-0.00252447
-0.00257876
-0.00267009
-0.0028056
-0.00299008
-0.00322827
-0.00352845
-0.00390409
-0.00437861
-0.00499353
-0.00582685
-0.00701332
-0.00886686
-0.0118403
-0.0169295
-0.0200056
-0.02106
-0.013548
-0.00278538
-0.00290619
-0.00291937
-0.00303295
-0.00312816
-0.00328041
-0.00348154
-0.00375517
-0.0041184
-0.00459608
-0.00522363
-0.00606283
-0.00723393
-0.00889645
-0.0116489
-0.0154999
-0.0231174
-0.0275036
-0.0312237
-0.0212781
-0.00321865
-0.00314784
-0.00311038
-0.00307656
-0.00315772
-0.0033287
-0.00359365
-0.00395224
-0.0044163
-0.00500482
-0.0057567
-0.00673195
-0.00808606
-0.00990179
-0.0131092
-0.0170115
-0.0257116
-0.0290337
-0.0345959
-0.0211142
-0.00307292
-0.00362349
-0.00358775
-0.00385764
-0.00387654
-0.00402953
-0.00420988
-0.00450705
-0.00492304
-0.00548965
-0.00623216
-0.00719638
-0.00856611
-0.0101382
-0.0134688
-0.0171188
-0.0239248
-0.0278987
-0.0302936
-0.0101959
-0.00514804
-0.00391707
-0.00369771
-0.00315728
-0.00314835
-0.00331702
-0.00364682
-0.00408887
-0.00464418
-0.00531744
-0.00612466
-0.00709598
-0.00837387
-0.00981415
-0.0121007
-0.0147697
-0.0186718
-0.0201283
-0.0186332
0.0121325
-0.00163353
-0.00496343
-0.00441981
-0.00502169
-0.00463295
-0.00472345
-0.00473463
-0.00495001
-0.00529198
-0.00580818
-0.00644947
-0.00726793
-0.0084285
-0.00971568
-0.0121054
-0.0145054
-0.0187599
-0.016054
-0.0061035
0.0461913
-0.016136
-0.00335698
-0.00255223
-0.00232371
-0.00235385
-0.00256481
-0.00300894
-0.00348766
-0.00407801
-0.00481818
-0.00558894
-0.00655411
-0.00778873
-0.00890219
-0.0103059
-0.0102874
-0.00776571
0.00986954
0.0502577
0.142414
1.024e-05
9.38879e-06
5.13632e-05
0.000120618
0.00022267
0.000358379
0.000529602
0.000738193
0.000985579
0.00127235
0.00159765
0.00195837
0.00234829
0.00275719
0.00316968
0.00356491
0.00391768
0.00419577
0.00438564
0.00443018
1.12335e-05
9.90328e-06
5.22915e-05
0.000120072
0.000219758
0.00035232
0.000519844
0.000724419
0.000967777
0.00125091
0.00157351
0.00193287
0.00232323
0.00273592
0.00315557
0.0035613
0.00392694
0.00421789
0.0044197
0.00446751
-3.63212e-05
-4.00855e-05
6.7301e-07
6.56625e-05
0.00016197
0.000290677
0.000454238
0.000655266
0.00089621
0.00117895
0.00150423
0.001871
0.00227536
0.00270906
0.00315753
0.00359907
0.00400482
0.00433407
0.00456654
0.0046245
-0.000116395
-0.000122214
-8.396e-05
-2.31499e-05
6.7944e-05
0.000190617
0.000347873
0.000543094
0.000779807
0.00106135
0.00139029
0.00176756
0.00219123
0.00265662
0.00315018
0.00364995
0.00412355
0.00451992
0.0048069
0.00488978
-0.00023243
-0.00024078
-0.000206087
-0.000150974
-6.70495e-05
4.72356e-05
0.000195555
0.000382234
0.000612163
0.000890596
0.00122265
0.0016123
0.0020602
0.00256891
0.0031247
0.00370759
0.00428193
0.00478553
0.00516241
0.00529798
-0.000382661
-0.000394141
-0.000364159
-0.000316571
-0.000242297
-0.000139563
-4.01916e-06
0.000169662
0.000387899
0.0006582
0.000988964
0.00138899
0.00186687
0.00241969
0.0030517
0.00374488
0.00446181
0.00512968
0.00565242
0.00590001
-0.000565163
-0.00058046
-0.000556467
-0.000518542
-0.000456948
-0.000369818
-0.000252236
-9.79692e-05
0.000100892
0.00035419
0.00067384
0.00107368
0.00156834
0.00217001
0.00288723
0.0037162
0.00462514
0.00553735
0.00629838
0.00678657
-0.000777661
-0.000797519
-0.000780854
-0.000754937
-0.000709463
-0.000642726
-0.000549545
-0.000423096
-0.000254316
-3.13028e-05
0.000261307
0.000643005
0.00113762
0.00177213
0.00256611
0.00354306
0.00469237
0.00595376
0.00708745
0.00813032
-0.00101731
-0.00104246
-0.00103437
-0.0010228
-0.000997045
-0.000955915
-0.000894469
-0.000805945
-0.000680891
-0.000506247
-0.000264223
6.92616e-05
0.000526268
0.00114718
0.00197911
0.00308113
0.0044948
0.00621713
0.00793472
0.0101089
-0.00128071
-0.00131179
-0.00131316
-0.00131794
-0.00131521
-0.00130481
-0.0012827
-0.00124302
-0.00117722
-0.00107287
-0.000911969
-0.000668504
-0.000304894
0.000233032
0.00101955
0.00212791
0.00371946
0.00592058
0.00837854
0.012416
-0.00156417
-0.00160191
-0.00161306
-0.00163551
-0.00165811
-0.00168251
-0.00170652
-0.00172624
-0.00173564
-0.00172538
-0.00168126
-0.00158168
-0.00139393
-0.00106736
-0.000526882
0.000323694
0.00169802
0.00397124
0.00628419
0.012374
-0.00186299
-0.00190611
-0.00192493
-0.00196387
-0.00201285
-0.00207532
-0.00215094
-0.00223881
-0.00233692
-0.00244164
-0.00254712
-0.00264454
-0.00272091
-0.00275705
-0.00274058
-0.00268868
-0.00241086
-0.00120176
-0.000573476
0.00678292
-0.00217975
-0.0022384
-0.00226477
-0.0023252
-0.00239713
-0.00249323
-0.0026164
-0.00277182
-0.00296442
-0.00319965
-0.0034849
-0.00383326
-0.00426942
-0.00484122
-0.00566422
-0.00697536
-0.00888558
-0.00943979
-0.00970035
-0.00247671
-0.00248984
-0.00253399
-0.0025535
-0.00260649
-0.00269645
-0.00283021
-0.00301239
-0.00324746
-0.00354322
-0.00391215
-0.00437573
-0.00497166
-0.00576983
-0.0068902
-0.0086044
-0.0112983
-0.0157752
-0.0183038
-0.0196512
-0.0123527
-0.00282716
-0.00294619
-0.00295797
-0.00306885
-0.00316175
-0.00331119
-0.00350936
-0.00377933
-0.0041377
-0.00460818
-0.00522412
-0.00604382
-0.00717814
-0.00877559
-0.011371
-0.0149897
-0.0219531
-0.0261053
-0.0299455
-0.0204698
-0.00327233
-0.00319826
-0.00315903
-0.00312292
-0.00320287
-0.00337173
-0.00363392
-0.00398881
-0.00444804
-0.00503001
-0.00577286
-0.00673455
-0.00806471
-0.0098461
-0.0129318
-0.0167607
-0.0250071
-0.0287872
-0.0347206
-0.0211359
-0.0031468
-0.00369294
-0.00365771
-0.00392114
-0.00393702
-0.00408571
-0.00426289
-0.00455645
-0.00496882
-0.00553144
-0.00626878
-0.00723042
-0.00859912
-0.0102206
-0.0134114
-0.0171097
-0.0239762
-0.0283735
-0.0315198
-0.0108694
-0.00524321
-0.00399676
-0.00377642
-0.00323106
-0.00322474
-0.00339266
-0.00372069
-0.0041593
-0.00471083
-0.00537993
-0.00618611
-0.00715725
-0.00844476
-0.00991135
-0.0122286
-0.015004
-0.0191432
-0.0210082
-0.020094
0.011058
-0.00174426
-0.00505012
-0.00451577
-0.00511009
-0.00472716
-0.00481571
-0.00482774
-0.00504249
-0.00537978
-0.00589723
-0.00653157
-0.00735454
-0.00851242
-0.00981331
-0.0122102
-0.0146527
-0.0190677
-0.0167785
-0.00729763
0.0449289
-0.0162327
-0.00346259
-0.00267417
-0.00244932
-0.00247754
-0.0026846
-0.00312542
-0.00359806
-0.00418376
-0.00491602
-0.00568269
-0.00664937
-0.00787698
-0.00901424
-0.0104478
-0.0105175
-0.00823394
0.0090509
0.0489183
0.140695
5.6865e-06
5.63257e-06
4.76703e-05
0.000116953
0.000218763
0.000353989
0.000524452
0.000731921
0.000977732
0.00126237
0.00158484
0.00194195
0.00232737
0.00273092
0.00313735
0.00352618
0.0038728
0.00414602
0.00433254
0.00437744
5.55237e-06
4.99439e-06
4.73951e-05
0.000115231
0.000214739
0.000346917
0.000513796
0.000717384
0.000959306
0.00124043
0.0015603
0.00191609
0.00230186
0.00270897
0.00312218
0.00352092
0.00387967
0.00416498
0.00436274
0.00441056
-4.2723e-05
-4.56468e-05
-4.87917e-06
6.01852e-05
0.000156333
0.000284671
0.000447591
0.000647612
0.000887059
0.00116766
0.00148997
0.00185275
0.00225186
0.00267889
0.00311947
0.0035522
0.00394888
0.00427024
0.00449676
0.00455384
-0.000123664
-0.000128599
-9.03437e-05
-2.94458e-05
6.14968e-05
0.000183804
0.000340406
0.000534572
0.000769675
0.00104886
0.00137444
0.00174711
0.00216463
0.00262142
0.00310467
0.00359239
0.00405295
0.00443732
0.00471477
0.00479456
-0.000240525
-0.000247944
-0.000213259
-0.000158052
-7.4286e-05
3.96154e-05
0.000187233
0.000372757
0.00060089
0.000876628
0.00120476
0.00158902
0.002031
0.00252692
0.00306876
0.00363465
0.00418946
0.0046735
0.0050342
0.00516138
-0.000391643
-0.000402136
-0.000372171
-0.000324479
-0.000250367
-0.000148035
-1.32428e-05
0.000159181
0.000375423
0.000642655
0.000968775
0.00136173
0.00182793
0.00236919
0.00298285
0.00365182
0.00433914
0.00497449
0.00546886
0.0056955
-0.000575172
-0.000589412
-0.000565435
-0.000527384
-0.000465934
-0.000379194
-0.000262373
-0.000109415
8.73198e-05
0.000337271
0.000651752
0.00104369
0.00152638
0.00211071
0.00280416
0.00359941
0.00446405
0.00532293
0.00603281
0.00647127
-0.000788918
-0.000807627
-0.000790963
-0.000764865
-0.000719478
-0.000653063
-0.00056057
-0.000435366
-0.000268682
-4.90624e-05
0.000238176
0.000611493
0.00109324
0.00170833
0.00247205
0.00340363
0.00448882
0.00566531
0.00670616
0.00763448
-0.00103015
-0.00105403
-0.0010459
-0.00103406
-0.00100826
-0.0009673
-0.000906349
-0.000818828
-0.000695568
-0.000523956
-0.00028691
3.85169e-05
0.00048258
0.001083
0.00188181
0.00292982
0.00425849
0.00585525
0.00741146
0.00936396
-0.00129564
-0.00132529
-0.00132654
-0.00133089
-0.00132793
-0.00131743
-0.00129547
-0.00125632
-0.00119165
-0.00108938
-0.000932061
-0.000694647
-0.000341236
0.000179254
0.00093617
0.00199615
0.00349698
0.00554702
0.00775935
0.0114577
-0.00158195
-0.00161801
-0.00162889
-0.00165066
-0.00167274
-0.00169669
-0.00172034
-0.00173988
-0.00174933
-0.00173947
-0.00169625
-0.00159821
-0.00141284
-0.0010899
-0.000554685
0.000290013
0.00163751
0.00384035
0.00595238
0.0116728
-0.00188489
-0.0019261
-0.0019445
-0.00198252
-0.00203057
-0.00209202
-0.00216657
-0.0022533
-0.00235007
-0.002453
-0.00255566
-0.00264782
-0.00271351
-0.00272701
-0.00266122
-0.00250528
-0.00207104
-0.000627198
-2.32237e-05
0.00721261
-0.0022072
-0.00226321
-0.00228873
-0.00234746
-0.00241786
-0.00251233
-0.00263377
-0.00278715
-0.002977
-0.00320792
-0.00348564
-0.003819
-0.00422389
-0.00472835
-0.00540583
-0.00639938
-0.0078745
-0.00775486
-0.00816682
-0.000560584
-0.00252645
-0.00256735
-0.00258574
-0.00263716
-0.00272531
-0.00285691
-0.00303642
-0.0032682
-0.00355959
-0.00392205
-0.00437467
-0.00494965
-0.00570495
-0.00673674
-0.00826629
-0.0105858
-0.0142647
-0.0158606
-0.0169743
-0.00964374
-0.00287851
-0.00299237
-0.00300151
-0.00310827
-0.00319757
-0.00334328
-0.00353782
-0.00380376
-0.00415724
-0.00462079
-0.00522557
-0.00602434
-0.00711782
-0.00863153
-0.011038
-0.0143583
-0.020461
-0.024141
-0.0270759
-0.0181348
-0.00333967
-0.00325765
-0.00321571
-0.00317742
-0.00325539
-0.00342118
-0.00367927
-0.00402931
-0.00448297
-0.00505842
-0.0057931
-0.00674039
-0.00804982
-0.00977994
-0.0127486
-0.0164702
-0.0241782
-0.0283728
-0.0334047
-0.020475
-0.00326638
-0.00379531
-0.00374923
-0.00400031
-0.00400809
-0.00414925
-0.00432037
-0.00460784
-0.00501522
-0.00557311
-0.00630904
-0.00726731
-0.00864579
-0.0102733
-0.0134289
-0.0171276
-0.0241206
-0.0289273
-0.0316121
-0.0117313
-0.00537465
-0.00409342
-0.00387574
-0.00333156
-0.00332774
-0.00349219
-0.00381422
-0.00424461
-0.00478931
-0.00544972
-0.00625786
-0.00722541
-0.00853904
-0.010034
-0.0124164
-0.0152882
-0.0196933
-0.0220513
-0.0206188
0.00943006
-0.00203969
-0.00522532
-0.0046837
-0.00524991
-0.00486831
-0.00494352
-0.00494762
-0.00514854
-0.00547815
-0.00599504
-0.00662518
-0.00745596
-0.00861951
-0.00993359
-0.0123659
-0.0148141
-0.0192945
-0.017492
-0.00754595
0.0428188
-0.0164473
-0.0036912
-0.00292629
-0.00268654
-0.00269278
-0.00287899
-0.00330246
-0.00375393
-0.00433186
-0.00503983
-0.00580886
-0.00677486
-0.00799847
-0.00919193
-0.0106559
-0.0108408
-0.00865449
0.0077791
0.0476065
0.136854
1.60751e-06
2.93651e-06
4.50369e-05
0.000114394
0.000216025
0.000350843
0.00052082
0.000727456
0.000972056
0.00125502
0.00157524
0.00192938
0.00231102
0.00271015
0.00311153
0.00349501
0.00383651
0.00410594
0.00429006
0.00433697
-5.89268e-07
4.22014e-07
4.2826e-05
0.000110832
0.000210297
0.000342287
0.000508804
0.000711773
0.000952738
0.00123246
0.00155033
0.00190339
0.0022855
0.00268817
0.00309618
0.00348924
0.0038424
0.00412335
0.00431811
0.00436779
-4.98043e-05
-5.09653e-05
-1.01977e-05
5.50776e-05
0.000151219
0.000279409
0.000441989
0.0006414
0.000879862
0.00115897
0.00147911
0.00183884
0.00223379
0.0026554
0.00308961
0.00351514
0.0039044
0.00421955
0.00444157
0.00450005
-0.000131778
-0.000134819
-9.6574e-05
-3.54358e-05
5.55227e-05
0.000177701
0.000333966
0.000527496
0.000761539
0.00103906
0.00136216
0.00173131
0.00214432
0.00259353
0.00306856
0.00354647
0.0039963
0.00437112
0.0046412
0.00472068
-0.000249537
-0.000254934
-0.000220277
-0.000164824
-8.10479e-05
3.27068e-05
0.000179943
0.000364744
0.000591653
0.000865444
0.0011906
0.00157044
0.00200568
0.00249237
0.00302368
0.00357575
0.00411441
0.00458255
0.00493063
0.00505265
-0.000401593
-0.000409924
-0.00038001
-0.000332069
-0.000257958
-0.000155796
-2.14382e-05
0.000150158
0.000364987
0.000629943
0.000952517
0.00134008
0.00179841
0.00232955
0.00292722
0.00357576
0.00423832
0.00484685
0.00531892
0.00552875
-0.000586197
-0.000598119
-0.000574217
-0.000535899
-0.000474441
-0.000387872
-0.000271509
-0.000119448
7.57282e-05
0.000323123
0.000633549
0.0010192
0.00149222
0.00206089
0.00273532
0.00350228
0.00432962
0.00514391
0.00581327
0.00620734
-0.000801231
-0.000817446
-0.00080087
-0.000774462
-0.000729016
-0.000662719
-0.000570641
-0.000446316
-0.00028122
-6.42812e-05
0.000218603
0.000585001
0.00105611
0.00165618
0.0023939
0.00328546
0.00431553
0.00542019
0.00639012
0.00721062
-0.00104406
-0.00106525
-0.00105721
-0.00104496
-0.001019
-0.000978018
-0.000917329
-0.000830517
-0.00070867
-0.000539576
-0.000306779
1.16361e-05
0.000444313
0.00102699
0.00180056
0.00279751
0.00405223
0.00554022
0.00697568
0.00871536
-0.00131161
-0.00133837
-0.00133967
-0.00134347
-0.00134014
-0.00132938
-0.00130737
-0.00126856
-0.00120484
-0.00110449
-0.000950604
-0.000719049
-0.000375713
0.000126895
0.000850921
0.00186689
0.00328905
0.00519302
0.00722159
0.010642
-0.00160068
-0.00163356
-0.00164438
-0.00166535
-0.00168677
-0.0017101
-0.00173326
-0.00175253
-0.00176211
-0.001753
-0.00171134
-0.00161613
-0.00143576
-0.00112194
-0.000602348
0.000225365
0.00152081
0.00360597
0.00564849
0.0110255
-0.00190783
-0.00194568
-0.0019639
-0.0020009
-0.00204778
-0.00210796
-0.00218126
-0.00226684
-0.0023626
-0.00246467
-0.00256632
-0.0026568
-0.00271931
-0.00272629
-0.00264245
-0.00243237
-0.00191501
-0.000539231
-0.00036382
0.00710708
-0.00223577
-0.00228732
-0.00231227
-0.00236915
-0.00243771
-0.00253029
-0.00264986
-0.00280126
-0.00298885
-0.00321699
-0.00349051
-0.00381657
-0.00420829
-0.00468798
-0.00531436
-0.00619626
-0.00736181
-0.00710614
-0.00796972
0.000721417
-0.00256506
-0.00260047
-0.00261788
-0.00266762
-0.00275339
-0.00288245
-0.00305901
-0.00328755
-0.00357523
-0.00393315
-0.00437969
-0.00494426
-0.00568146
-0.00667009
-0.00811089
-0.01019
-0.0133469
-0.0144395
-0.0157222
-0.00749261
-0.00293465
-0.00304089
-0.00304724
-0.00315012
-0.00323453
-0.00337581
-0.0035661
-0.00382764
-0.0041765
-0.00463464
-0.00523358
-0.00602117
-0.00710084
-0.00856694
-0.0108917
-0.0139873
-0.01959
-0.0229174
-0.0258893
-0.0165886
-0.00341006
-0.00331454
-0.00327093
-0.00323257
-0.00330757
-0.00346977
-0.00372298
-0.00406771
-0.00451583
-0.00508558
-0.00581817
-0.0067582
-0.00808082
-0.00977342
-0.0127759
-0.0163946
-0.0242329
-0.0289482
-0.0348942
-0.0206192
-0.00343205
-0.00393406
-0.00385956
-0.00409957
-0.00409346
-0.00422602
-0.00438908
-0.00466798
-0.00506791
-0.00561807
-0.00635525
-0.00730597
-0.00873494
-0.0103805
-0.0136118
-0.0173156
-0.025147
-0.0306871
-0.0350501
-0.0126001
-0.00545699
-0.00415637
-0.00395931
-0.00345005
-0.00344928
-0.00360628
-0.0039182
-0.00433438
-0.00486927
-0.00551409
-0.00633114
-0.00728699
-0.008656
-0.0101964
-0.012776
-0.0156574
-0.0209868
-0.0239481
-0.0237705
0.0082799
-0.0025103
-0.00563028
-0.00497571
-0.00551173
-0.00511271
-0.00515922
-0.00515401
-0.00533128
-0.00564087
-0.00612109
-0.00674761
-0.00756686
-0.00875887
-0.0100739
-0.0126691
-0.0149672
-0.0199011
-0.0184256
-0.00940868
0.0413713
-0.0165669
-0.00392251
-0.00320224
-0.00293202
-0.00292446
-0.00308978
-0.00350781
-0.00392145
-0.00451395
-0.00515944
-0.00598044
-0.00689874
-0.00817693
-0.00940213
-0.0110363
-0.0112379
-0.00953371
0.00642138
0.0441295
0.132426
-1.01086e-06
4.41618e-06
4.685e-05
0.0001166
0.000218166
0.000352787
0.000522048
0.00072789
0.000971453
0.00125303
0.00157143
0.00192328
0.00230211
0.0026976
0.00309484
0.00347391
0.0038113
0.00407835
0.00426152
0.00431599
-8.28154e-06
-3.12223e-06
3.92497e-05
0.000107668
0.000207282
0.000339367
0.00050588
0.000708754
0.000949456
0.00122865
0.00154565
0.00189737
0.0022778
0.00267738
0.0030821
0.00347137
0.00382077
0.00409947
0.00429297
0.00435024
-5.88665e-05
-5.54004e-05
-1.46826e-05
5.10466e-05
0.000147377
0.000275711
0.000438375
0.000637768
0.000876026
0.00115462
0.00147381
0.00183202
0.00222462
0.00264286
0.00307314
0.0034939
0.00387818
0.00418988
0.00440981
0.0044766
-0.000142131
-0.000140294
-0.000102142
-4.05303e-05
5.06387e-05
0.000172994
0.000329387
0.000522936
0.000756798
0.0010338
0.00135584
0.0017231
0.00213275
0.00257735
0.00304784
0.00351933
0.00396184
0.00433115
0.00459749
0.0046851
-0.000260728
-0.000261007
-0.000226492
-0.000170581
-8.6628e-05
2.72621e-05
0.000174566
0.000359294
0.000585885
0.000858945
0.0011827
0.00156004
0.00199067
0.00246617
0.00299568
0.00353882
0.00406604
0.00452376
0.00486465
0.00499209
-0.000413539
-0.00041648
-0.000386767
-0.0003384
-0.000264167
-0.000161949
-2.76321e-05
0.00014374
0.000358036
0.000621958
0.00094273
0.00132744
0.00178213
0.00231278
0.00289229
0.00352452
0.00416774
0.00475585
0.00521238
0.00541456
-0.000598965
-0.000605177
-0.000581539
-0.000542825
-0.0004813
-0.000394754
-0.00027855
-0.000126884
6.75104e-05
0.000313499
0.000621531
0.00100329
0.00147047
0.00203166
0.00268582
0.00342938
0.00422444
0.00499877
0.00563129
0.00597661
-0.00081494
-0.000825057
-0.000808806
-0.000782018
-0.000736537
-0.000670316
-0.000578496
-0.000454722
-0.000290654
-7.5519e-05
0.000204282
0.000565441
0.00102754
0.00161116
0.0023318
0.00318609
0.00416068
0.00518758
0.00607611
0.00671294
-0.00105887
-0.00107349
-0.00106582
-0.00105319
-0.00102718
-0.000986277
-0.000925878
-0.000839706
-0.000719068
-0.0005521
-0.00032295
-1.07699e-05
0.000411201
0.000975817
0.00171902
0.00267094
0.00383503
0.00517916
0.00643005
0.00760283
-0.00132778
-0.00134739
-0.00134909
-0.00135246
-0.001349
-0.00133824
-0.00131645
-0.00127825
-0.00121577
-0.0011177
-0.000967843
-0.00074333
-0.000412347
6.8073e-05
0.000754455
0.00171345
0.00301579
0.00467677
0.00638951
0.00846559
-0.00161855
-0.00164346
-0.00165458
-0.00167495
-0.00169612
-0.00171937
-0.0017426
-0.00176231
-0.00177293
-0.00176586
-0.00172796
-0.00163943
-0.00147053
-0.00117626
-0.000689855
8.62678e-05
0.00130594
0.00315185
0.00517541
0.00837071
-0.00192847
-0.00195801
-0.00197664
-0.0020131
-0.00205918
-0.00211857
-0.00219135
-0.00227686
-0.00237323
-0.00247693
-0.00258173
-0.00267723
-0.00274676
-0.00276056
-0.0026711
-0.00239451
-0.00175109
-0.000224013
0.0019133
0.0070582
-0.002259
-0.00229875
-0.00232359
-0.0023789
-0.00244644
-0.0025384
-0.00265765
-0.002809
-0.00299691
-0.00322584
-0.00350054
-0.00382667
-0.00421359
-0.00466667
-0.00519471
-0.00573375
-0.00617241
-0.00513336
-0.00248633
0.00504513
-0.00259838
-0.00262342
-0.00264041
-0.0026899
-0.00277302
-0.00289986
-0.00307391
-0.00330038
-0.00358654
-0.00394353
-0.00438993
-0.00495138
-0.00567572
-0.00660198
-0.0078642
-0.00935966
-0.0112739
-0.0109824
-0.00829964
2.83449e-05
-0.00298019
-0.0030619
-0.00306681
-0.00316443
-0.00324491
-0.003384
-0.00357262
-0.00383304
-0.00418126
-0.00463865
-0.00523826
-0.00601631
-0.00708797
-0.0084455
-0.0105878
-0.0129821
-0.0171738
-0.0190407
-0.0178198
-0.00892174
-0.00348172
-0.00335857
-0.00331385
-0.0032815
-0.00334963
-0.0035067
-0.00375325
-0.00409293
-0.00453752
-0.0051031
-0.00584375
-0.00676917
-0.00812466
-0.00965304
-0.0126783
-0.0155799
-0.0224945
-0.0265872
-0.0280727
-0.0146781
-0.00366802
-0.00407558
-0.00392966
-0.00414267
-0.00411995
-0.00424767
-0.00440549
-0.00468038
-0.00507952
-0.00562718
-0.00638823
-0.00732456
-0.00877731
-0.0104696
-0.0136357
-0.0170006
-0.024797
-0.0294522
-0.030831
-0.01021
-0.00560739
-0.00418321
-0.00402982
-0.00361466
-0.00359505
-0.00372607
-0.00400979
-0.00440225
-0.00492836
-0.00554172
-0.00640605
-0.00736749
-0.00879703
-0.0103787
-0.0131191
-0.0157151
-0.0215107
-0.0237011
-0.0223822
0.00786126
-0.00405802
-0.0063763
-0.00540064
-0.00575884
-0.00529532
-0.00526247
-0.00520503
-0.00533989
-0.00564815
-0.00610034
-0.00679706
-0.00759094
-0.00894459
-0.0102618
-0.0129764
-0.0149518
-0.0196239
-0.0170352
-0.00810558
0.0389454
-0.017229
-0.00463959
-0.00398881
-0.00348022
-0.00330208
-0.00340102
-0.00375192
-0.00411979
-0.00470824
-0.00527286
-0.00620155
-0.00702085
-0.00849771
-0.00963635
-0.0115164
-0.0114196
-0.00971259
0.0058046
0.0372094
0.115151
)
;

boundaryField
{
    movingWall
    {
        type            zeroGradient;
    }
    fixedWalls
    {
        type            zeroGradient;
    }
}


// ************************************************************************* //
