/*--------------------------------*- C++ -*----------------------------------*\
  =========                 |
  \\      /  F ield         | OpenFOAM: The Open Source CFD Toolbox
   \\    /   O peration     | Website:  https://openfoam.org
    \\  /    A nd           | Version:  9
     \\/     M anipulation  |
\*---------------------------------------------------------------------------*/
FoamFile
{
    format      ascii;
    class       volScalarField;
    location    "2";
    object      p;
}
// * * * * * * * * * * * * * * * * * * * * * * * * * * * * * * * * * * * * * //

dimensions      [0 2 -2 0 0 0 0];

internalField   nonuniform List<scalar> 
8000
(
7.74115e-07
1.82288e-05
7.59375e-05
0.00016633
0.000288824
0.000441023
0.000619819
0.000821412
0.00104134
0.0012745
0.00151524
0.00175741
0.00199447
0.00221963
0.00242612
0.00260734
0.00275719
0.00287036
0.00294396
0.00296797
-1.60518e-05
7.72577e-07
5.88073e-05
0.000149788
0.0002732
0.000426667
0.000607097
0.000810705
0.00103303
0.00126896
0.00151277
0.00175835
0.00199901
0.00222788
0.002438
0.00262261
0.00277545
0.00289098
0.00296629
0.00299075
-7.52416e-05
-5.83881e-05
1.32041e-06
9.51052e-05
0.000222503
0.00038111
0.000567808
0.000778767
0.00100946
0.00125468
0.00150867
0.00176498
0.00201672
0.0022567
0.0024776
0.00267221
0.00283371
0.00295607
0.00303599
0.00306191
-0.000172257
-0.000154923
-9.23498e-05
6.09964e-06
0.000140049
0.000307068
0.000503989
0.00072691
0.000971193
0.00123149
0.00150178
0.00177546
0.00204516
0.00230322
0.0025417
0.00275262
0.00292835
0.00306196
0.00314952
0.00317811
-0.000309607
-0.00029152
-0.00022489
-0.00011987
2.32825e-05
0.000202101
0.000413352
0.000653032
0.000916359
0.00119779
0.00149102
0.00178914
0.00208425
0.00236802
0.00263164
0.00286607
0.00306246
0.00321253
0.00331133
0.00334399
-0.000490354
-0.000471313
-0.000399437
-0.000285922
-0.000130863
6.32282e-05
0.00029304
0.000554444
0.000842489
0.0011514
0.00147457
0.00180473
0.00213337
0.00245131
0.00274866
0.00301499
0.0032397
0.00341259
0.00352714
0.00356564
-0.000718425
-0.000698303
-0.00062
-0.000496049
-0.000326325
-0.000113389
0.000139352
0.000427629
0.000746307
0.00108938
0.00144991
0.00182027
0.00219133
0.00255298
0.00289402
0.00320223
0.00346472
0.00366851
0.0038047
0.00385148
-0.000998764
-0.000977533
-0.000891636
-0.000755288
-0.000568066
-0.000332591
-5.2384e-05
0.000268123
0.000623605
0.00100785
0.00141366
0.00183293
0.00225615
0.00267231
0.00306871
0.00343095
0.00374316
0.0039885
0.0041543
0.00421294
-0.00133744
-0.00131521
-0.00122058
-0.00106984
-0.000862188
-0.000600314
-0.000287896
7.04261e-05
0.000469124
0.000901814
0.00136119
0.00183863
0.00232464
0.00280748
0.00327294
0.00370417
0.00408151
0.0043828
0.00458947
0.00466555
-0.00174181
-0.00171888
-0.00161444
-0.00144727
-0.00121609
-0.000923708
-0.000574049
-0.000172054
0.000276494
0.000765081
0.00128641
0.00183175
0.0023919
0.00295484
0.00350535
0.00402399
0.00448658
0.00486397
0.00512784
0.00523065
-0.00222081
-0.00219774
-0.00208251
-0.00189675
-0.00163867
-0.00131126
-0.000918896
-0.000467006
3.82319e-05
0.000590136
0.00118152
0.00180471
0.0024507
0.00310809
0.00376166
0.00439022
0.00496444
0.00544668
0.00579214
0.00593845
-0.00278549
-0.00276312
-0.00263628
-0.0024295
-0.00214063
-0.00177296
-0.00133168
-0.000823089
-0.000253986
0.000368746
0.00103835
0.00174813
0.00249086
0.00325703
0.00403304
0.00479788
0.00551804
0.00614702
0.00661112
0.0068328
-0.00344894
-0.00342875
-0.00329008
-0.00305936
-0.00273488
-0.00232039
-0.0018227
-0.00124957
-0.000608969
9.1828e-05
0.000846608
0.00165024
0.00249859
0.00338606
0.00430356
0.00523381
0.006142
0.00697999
0.00761974
0.00797917
-0.00423594
-0.00421576
-0.00406384
-0.00380407
-0.00343719
-0.0029668
-0.00240274
-0.00175544
-0.00103493
-0.00024931
0.000595872
0.00149761
0.00245627
0.00347274
0.00454654
0.00567058
0.00681308
0.00795091
0.00884506
0.00948874
-0.00512042
-0.00513336
-0.00497645
-0.00468475
-0.00426652
-0.00372661
-0.00308202
-0.00234792
-0.00153764
-0.000660802
0.000277378
0.00127499
0.00234275
0.00348627
0.00471869
0.00605504
0.00747276
0.00904859
0.0103088
0.0115351
-0.00637082
-0.00627229
-0.00608991
-0.00573911
-0.00524786
-0.00461478
-0.00386868
-0.00303064
-0.00211847
-0.0011435
-0.000109627
0.0009886
0.00215597
0.00341833
0.00481199
0.00639209
0.00813489
0.0103172
0.0120558
0.0143929
-0.00738072
-0.00760157
-0.00739225
-0.00700316
-0.00641353
-0.00564927
-0.00476845
-0.00380195
-0.00277289
-0.00169612
-0.00058053
0.000571466
0.00176522
0.00305442
0.00444952
0.00614482
0.0078256
0.010992
0.0129676
0.0181232
-0.0101161
-0.00887647
-0.00894546
-0.00828925
-0.00760144
-0.00671868
-0.00571191
-0.00461324
-0.0034578
-0.00226737
-0.00104825
0.000212993
0.00154549
0.00300991
0.00458024
0.00654705
0.00864185
0.012702
0.015706
0.0238379
-0.0110224
-0.0125905
-0.0116227
-0.0109945
-0.00982641
-0.00844711
-0.00703743
-0.00563911
-0.00427075
-0.00293721
-0.00164316
-0.00038573
0.000800269
0.00202285
0.00269236
0.0048574
0.00417937
0.0102902
0.00918907
0.027118
-0.0230283
-0.0117813
-0.0120071
-0.0110731
-0.00984904
-0.00858787
-0.00727089
-0.00590003
-0.0045231
-0.00316612
-0.001844
-0.000531995
0.000712203
0.00208203
0.00326813
0.00551643
0.00763598
0.0156818
0.0264788
0.0593283
2.12554e-06
1.75656e-05
7.50029e-05
0.00016527
0.000287798
0.000440114
0.00061908
0.000820888
0.00104107
0.00127452
0.00151558
0.00175808
0.00199549
0.00222101
0.00242782
0.00260933
0.00275938
0.00287257
0.00294608
0.0029685
-1.36692e-05
1.51466e-06
5.93092e-05
0.000150069
0.000273378
0.000426789
0.000607192
0.0008108
0.00103315
0.00126913
0.00151303
0.00175872
0.00199951
0.00222851
0.00243878
0.00262352
0.00277642
0.00289187
0.00296703
0.0029898
-7.2584e-05
-5.73802e-05
2.10431e-06
9.56533e-05
0.000222921
0.000381442
0.000568082
0.000779008
0.00100969
0.00125494
0.00150897
0.00176536
0.0020172
0.00225731
0.00247833
0.00267304
0.00283459
0.00295685
0.0030366
0.0030607
-0.000169212
-0.000153622
-9.12779e-05
6.91432e-06
0.00014071
0.000307617
0.000504454
0.000727315
0.000971565
0.00123186
0.00150218
0.00177591
0.0020457
0.00230387
0.00254246
0.00275349
0.00292926
0.00306274
0.00315011
0.00317673
-0.000306123
-0.000289927
-0.000223538
-0.000118799
2.41797e-05
0.000202868
0.000414017
0.000653621
0.000916901
0.00119831
0.00149158
0.00178974
0.00208494
0.00236882
0.00263256
0.00286711
0.00306355
0.00321348
0.00331207
0.00334252
-0.000486319
-0.000469364
-0.000397749
-0.000284548
-0.000129686
6.42553e-05
0.000293948
0.000555262
0.00084325
0.00115214
0.00147534
0.00180555
0.00213428
0.00245235
0.00274985
0.00301632
0.00324111
0.00341386
0.00352818
0.00356416
-0.000713668
-0.000695884
-0.00061787
-0.000494279
-0.000324786
-0.000112029
0.000140569
0.000428739
0.000747348
0.00109039
0.00145095
0.00182138
0.00219255
0.00255436
0.0028956
0.003204
0.00346662
0.0036703
0.00380624
0.00385011
-0.000993044
-0.000974471
-0.000888905
-0.000752984
-0.000566048
-0.000330798
-5.07709e-05
0.0002696
0.000624994
0.00100919
0.00141499
0.00183439
0.00225777
0.00267415
0.00307082
0.00343336
0.0037458
0.00399108
0.00415665
0.00421192
-0.00133041
-0.00131125
-0.00121702
-0.00106681
-0.000859536
-0.000597963
-0.000285786
7.23551e-05
0.000470936
0.000903577
0.00136293
0.00184054
0.00232677
0.0028099
0.00327577
0.00370746
0.00408522
0.00438663
0.00459313
0.00466527
-0.00173296
-0.00171364
-0.00160971
-0.00144325
-0.0012126
-0.000920649
-0.000571333
-0.000169594
0.000278783
0.000767279
0.00128863
0.00183414
0.00239461
0.00295799
0.0035091
0.00402849
0.00449186
0.00486973
0.00513365
0.00523201
-0.00220935
-0.00219063
-0.00207613
-0.00189139
-0.00163409
-0.00130733
-0.000915475
-0.000463955
4.10582e-05
0.000592912
0.00118449
0.00180775
0.00245408
0.00311209
0.00376656
0.00439634
0.00497198
0.0054555
0.00580146
0.00594305
-0.00277016
-0.00275319
-0.00262754
-0.0024223
-0.00213468
-0.00176802
-0.00132752
-0.000819483
-0.000250722
0.000371876
0.00104153
0.00175162
0.00249485
0.00326188
0.00403924
0.00480604
0.00552872
0.00616071
0.00662628
0.00684451
-0.00342729
-0.00341435
-0.00327787
-0.0030497
-0.00272731
-0.00231445
-0.00181795
-0.00124564
-0.000605541
9.5057e-05
0.000849929
0.00165397
0.00250295
0.00339151
0.00431093
0.00524422
0.00615669
0.0070012
0.00764467
0.00800634
-0.00420434
-0.00419477
-0.00404682
-0.00379139
-0.00342808
-0.00296028
-0.00239803
-0.00175188
-0.00103204
-0.000246644
0.000598742
0.00150108
0.00246026
0.00347793
0.00455414
0.00568236
0.00683132
0.00798245
0.00888438
0.00955001
-0.00506228
-0.00509946
-0.00495124
-0.0046686
-0.0042569
-0.00372113
-0.00307914
-0.00234647
-0.00153693
-0.000660208
0.000278579
0.00127809
0.00234505
0.00348909
0.0047236
0.00606457
0.00748994
0.00909256
0.0103669
0.0116713
-0.00628956
-0.00622122
-0.00605703
-0.00572218
-0.00524218
-0.00461527
-0.0038722
-0.00303525
-0.00212322
-0.00114785
-0.000112568
0.000991848
0.00215214
0.00341319
0.0048067
0.00639088
0.00813471
0.0103631
0.0121089
0.0146539
-0.00719118
-0.00754327
-0.00735371
-0.00700235
-0.00643005
-0.00567101
-0.00479033
-0.00382173
-0.00279034
-0.00171202
-0.000596975
0.000547659
0.00174763
0.00303271
0.00441184
0.00609874
0.00772232
0.0109701
0.012873
0.0185492
-0.00975217
-0.00861406
-0.00884509
-0.00825102
-0.00761768
-0.00675553
-0.0057562
-0.00465625
-0.00349621
-0.00230089
-0.00107882
0.000182372
0.00150827
0.00296208
0.00449998
0.00643003
0.00836969
0.0124386
0.0151641
0.0240485
-0.010142
-0.0126286
-0.0117276
-0.0112806
-0.0101134
-0.00869141
-0.00723083
-0.00578753
-0.00438515
-0.00302785
-0.00172083
-0.000458082
0.000705909
0.00194385
0.00242105
0.00463351
0.00324143
0.00966355
0.00710272
0.0274616
-0.0219507
-0.0112734
-0.011782
-0.0111427
-0.00999503
-0.00874292
-0.0074193
-0.00602846
-0.00462968
-0.00325466
-0.00192494
-0.000604282
0.000610516
0.00197395
0.00300017
0.00518139
0.00698007
0.0151973
0.0277056
0.063299
3.01412e-06
1.80698e-05
7.53435e-05
0.000165491
0.000287954
0.000440239
0.000619202
0.000821028
0.00104124
0.00127475
0.00151588
0.00175848
0.00199598
0.0022216
0.0024285
0.00261008
0.00276016
0.00287334
0.00294681
0.00296897
-1.2633e-05
2.22009e-06
5.98748e-05
0.000150508
0.000273729
0.000427082
0.00060745
0.000811041
0.00103339
0.0012694
0.00151334
0.00175908
0.00199992
0.00222899
0.00243932
0.00262411
0.00277702
0.00289244
0.00296756
0.00299007
-7.14527e-05
-5.65627e-05
2.80098e-06
9.62222e-05
0.000223393
0.000381842
0.000568431
0.000779326
0.00101
0.00125525
0.00150931
0.00176574
0.00201763
0.0022578
0.00247888
0.00267363
0.0028352
0.00295742
0.00303712
0.00306094
-0.000167891
-0.000152627
-9.04035e-05
7.65111e-06
0.000141337
0.000308155
0.000504922
0.000727733
0.000971954
0.00123224
0.00150257
0.00177634
0.00204617
0.0023044
0.00254305
0.00275413
0.00292991
0.00306336
0.00315068
0.00317699
-0.000304546
-0.000288704
-0.000222448
-0.000117866
2.49827e-05
0.00020356
0.00041462
0.000654156
0.000917391
0.00119878
0.00149205
0.00179024
0.00208549
0.00236943
0.00263324
0.00286786
0.00306433
0.00321423
0.00331277
0.00334289
-0.000484403
-0.000467846
-0.000396385
-0.00028337
-0.000128668
6.51336e-05
0.00029471
0.000555932
0.000843857
0.00115272
0.00147592
0.00180615
0.00213494
0.00245309
0.00275068
0.00301724
0.00324209
0.00341484
0.00352912
0.00356474
-0.000711301
-0.000693973
-0.000616147
-0.000492787
-0.000323499
-0.000110925
0.000141519
0.000429565
0.000748085
0.00109108
0.00145163
0.00182209
0.00219334
0.00255526
0.00289663
0.00320518
0.00346791
0.00367162
0.00380755
0.00385102
-0.000990067
-0.000972029
-0.000886706
-0.000751085
-0.000564423
-0.00032942
-4.96045e-05
0.000270597
0.000625866
0.00100998
0.00141574
0.00183521
0.0022587
0.00267524
0.0030721
0.00343487
0.00374752
0.00399292
0.00415853
0.0042133
-0.0013266
-0.00130808
-0.00121418
-0.00106438
-0.000857487
-0.000596262
-0.000284382
7.35225e-05
0.000471931
0.000904459
0.00136374
0.00184144
0.00232781
0.00281117
0.00327733
0.00370938
0.00408752
0.0043892
0.00459588
0.00466749
-0.00172799
-0.00170947
-0.00160601
-0.00144013
-0.00121003
-0.000918581
-0.000569691
-0.000168288
0.000279852
0.000768226
0.00128953
0.0018351
0.00239571
0.00295938
0.00351092
0.00403088
0.0044949
0.00487335
0.00513769
0.00523556
-0.00220272
-0.00218504
-0.00207126
-0.00188737
-0.0016309
-0.00130488
-0.000913642
-0.000462604
4.20691e-05
0.00059373
0.00118531
0.00180854
0.00245505
0.00311344
0.00376853
0.00439917
0.0049759
0.00546057
0.00580745
0.00594893
-0.0027611
-0.0027456
-0.00262105
-0.00241715
-0.00213079
-0.00176523
-0.00132564
-0.000818282
-0.000250001
0.000372296
0.00104182
0.00175196
0.00249539
0.00326289
0.00404104
0.0048091
0.00553353
0.00616767
0.00663508
0.00685433
-0.00341456
-0.00340381
-0.00326916
-0.00304312
-0.0027227
-0.0023115
-0.00181631
-0.00124495
-0.000605483
9.47388e-05
0.00084941
0.00165345
0.00250253
0.00339158
0.00431189
0.00524688
0.00616196
0.00701039
0.00765727
0.00802257
-0.0041859
-0.00417997
-0.0040351
-0.00378314
-0.00342293
-0.00295761
-0.00239722
-0.00175235
-0.00103326
-0.000248257
0.000596963
0.00149925
0.00245831
0.00347612
0.004553
0.00568322
0.00683564
0.0079935
0.00890125
0.0095771
-0.00503374
-0.00507811
-0.00493515
-0.00465849
-0.00425175
-0.00371967
-0.00308026
-0.00234915
-0.00154045
-0.000664116
0.000274585
0.00127407
0.00234033
0.00348378
0.00471816
0.00606064
0.00748945
0.00910379
0.0103868
0.0117167
-0.00624755
-0.00619028
-0.00603528
-0.00571057
-0.0052383
-0.00461677
-0.00387709
-0.00304195
-0.00213077
-0.0011557
-0.000120187
0.000985452
0.0021434
0.00340316
0.00479568
0.00638119
0.0081266
0.0103721
0.012128
0.0147249
-0.00712091
-0.00750222
-0.00732565
-0.00699253
-0.00643162
-0.00567965
-0.0048027
-0.00383564
-0.00280473
-0.00172673
-0.000612766
0.000528715
0.00172728
0.00300876
0.00437894
0.0060641
0.00766833
0.0109518
0.0128486
0.01865
-0.00963569
-0.00852749
-0.0087927
-0.0082277
-0.0076165
-0.00676721
-0.00577494
-0.00467779
-0.00351828
-0.00232275
-0.00110103
0.00015863
0.00148142
0.00293186
0.00446012
0.00638163
0.00829337
0.012386
0.0150985
0.0241463
-0.00993956
-0.012551
-0.0116858
-0.0113008
-0.0101561
-0.00874187
-0.00728048
-0.00583255
-0.00442508
-0.0030638
-0.00175516
-0.00049367
0.000660606
0.00190082
0.00230963
0.00454936
0.00297838
0.00952931
0.00669497
0.0276487
-0.021716
-0.0111291
-0.0116953
-0.0111308
-0.0100158
-0.00877746
-0.0074589
-0.00606763
-0.00466639
-0.00328913
-0.00195961
-0.000641139
0.000562657
0.0019158
0.00290379
0.00506767
0.00682617
0.0151629
0.0279787
0.0640878
3.80603e-06
1.85726e-05
7.57075e-05
0.000165744
0.000288141
0.000440395
0.000619356
0.000821205
0.00104146
0.00127503
0.00151624
0.00175893
0.00199653
0.00222224
0.00242924
0.00261088
0.00276101
0.00287416
0.00294757
0.00296949
-1.16159e-05
2.96719e-06
6.04885e-05
0.000150999
0.000274133
0.000427426
0.000607758
0.000811335
0.00103369
0.00126972
0.0015137
0.00175949
0.00200041
0.00222955
0.00243994
0.00262478
0.00277771
0.00289309
0.00296814
0.00299039
-7.02673e-05
-5.56499e-05
3.57793e-06
9.6867e-05
0.000223937
0.00038231
0.000568844
0.000779705
0.00101036
0.00125562
0.00150971
0.00176619
0.00201813
0.00225835
0.0024795
0.0026743
0.00283587
0.00295805
0.00303768
0.00306122
-0.000166481
-0.000151504
-8.94253e-05
8.48143e-06
0.000142047
0.000308767
0.000505459
0.000728216
0.000972406
0.00123268
0.00150303
0.00177683
0.00204671
0.002305
0.00254372
0.00275484
0.00293064
0.00306405
0.00315129
0.0031773
-0.000302851
-0.000287322
-0.000221228
-0.000116817
2.58864e-05
0.000204342
0.000415301
0.000654761
0.000917947
0.00119932
0.00149259
0.00179081
0.00208611
0.00237012
0.00263401
0.00286868
0.00306518
0.00321505
0.00331352
0.00334331
-0.000482338
-0.000466131
-0.00039486
-0.00028205
-0.000127529
6.61161e-05
0.000295561
0.000556681
0.000844534
0.00115335
0.00147655
0.00180682
0.00213567
0.00245391
0.0027516
0.00301826
0.00324317
0.00341591
0.00353012
0.00356538
-0.000708745
-0.000691818
-0.000614224
-0.00049112
-0.000322066
-0.000109698
0.000142571
0.000430477
0.000748898
0.00109183
0.00145237
0.00182287
0.0021942
0.00255624
0.00289776
0.00320646
0.00346931
0.00367306
0.00380896
0.00385203
-0.00098685
-0.000969285
-0.000884257
-0.000748971
-0.000562621
-0.000327899
-4.83233e-05
0.000271687
0.000626819
0.00101086
0.00141659
0.00183611
0.0022597
0.0026764
0.00307349
0.00343649
0.00374937
0.0039949
0.00416055
0.00421493
-0.00132248
-0.00130453
-0.00121103
-0.00106169
-0.000855226
-0.000594393
-0.000282849
7.47892e-05
0.000473009
0.00090543
0.0013647
0.00184243
0.00232893
0.00281252
0.003279
0.00371143
0.00408996
0.00439196
0.00459881
0.00467006
-0.00172261
-0.00170481
-0.00160191
-0.00143668
-0.0012072
-0.00091632
-0.000567907
-0.000166877
0.000281001
0.000769224
0.00129052
0.0018361
0.00239688
0.00296085
0.00351286
0.00403341
0.0044981
0.00487719
0.00514198
0.00523965
-0.00219554
-0.00217883
-0.00206587
-0.00188294
-0.0016274
-0.00130221
-0.000911653
-0.000461141
4.31652e-05
0.000594605
0.00118606
0.00180939
0.00245611
0.00311488
0.00377061
0.00440215
0.00498
0.00546589
0.00581373
0.00595544
-0.00275131
-0.00273716
-0.0026139
-0.00241147
-0.00212652
-0.00176219
-0.00132358
-0.000816966
-0.000249186
0.000372796
0.00104216
0.00175233
0.00249598
0.00326393
0.00404297
0.0048123
0.00553852
0.00617492
0.00664425
0.00686479
-0.00340084
-0.00339216
-0.0032596
-0.0030359
-0.00271766
-0.00230828
-0.0018145
-0.00124418
-0.000605428
9.43473e-05
0.000848812
0.00165282
0.00250205
0.00339153
0.00431288
0.0052496
0.00616739
0.0070199
0.00767043
0.00803975
-0.00416602
-0.00416364
-0.00402228
-0.00377411
-0.0034173
-0.0029547
-0.00239632
-0.00175287
-0.00103474
-0.000250299
0.000594632
0.00149679
0.00245571
0.00347371
0.00455152
0.00568382
0.00683992
0.00800484
0.00891904
0.00960583
-0.00500329
-0.0050547
-0.00491781
-0.00464752
-0.00424615
-0.00371811
-0.00308149
-0.00235222
-0.00154464
-0.000668938
0.000269459
0.0012687
0.00233413
0.00347697
0.00471132
0.00605544
0.00748808
0.00911475
0.0104077
0.0117646
-0.0062036
-0.00615723
-0.00601236
-0.0056982
-0.00523435
-0.00461866
-0.00388258
-0.0030495
-0.00213944
-0.00116496
-0.000129548
0.000977367
0.00213254
0.00339075
0.00478198
0.00636851
0.00811639
0.0103803
0.0121495
0.0148012
-0.00704855
-0.00745819
-0.00729646
-0.00698138
-0.00643351
-0.00568894
-0.00481587
-0.00385052
-0.00282033
-0.00174291
-0.000630358
0.000507131
0.00170342
0.0029804
0.004341
0.00602317
0.00760967
0.0109294
0.0128318
0.0187582
-0.00951806
-0.00843898
-0.00874181
-0.00820597
-0.00761799
-0.00678182
-0.00579635
-0.0047017
-0.00354252
-0.00234672
-0.00112533
0.00013283
0.00145307
0.00290012
0.00441882
0.00633036
0.00821944
0.0123354
0.0150541
0.0242603
-0.00977455
-0.0124991
-0.0116508
-0.0113195
-0.0101962
-0.00878997
-0.00732894
-0.00587757
-0.00446589
-0.0031013
-0.00179164
-0.000532619
0.000611181
0.00184685
0.00219328
0.00445075
0.00273641
0.00938043
0.00650605
0.027716
-0.0214618
-0.0109547
-0.0115936
-0.0111033
-0.0100339
-0.0088154
-0.0075039
-0.00611301
-0.00470912
-0.00332885
-0.00199839
-0.00068091
0.000514849
0.00186135
0.00281728
0.00496538
0.0066848
0.0150933
0.0280859
0.0646864
4.52608e-06
1.91938e-05
7.62491e-05
0.000166207
0.000288539
0.000440747
0.000619677
0.000821511
0.00104177
0.00127536
0.0015166
0.00175934
0.00199698
0.00222275
0.0024298
0.00261148
0.00276162
0.00287477
0.00294815
0.00296999
-1.07965e-05
3.68391e-06
6.11226e-05
0.000151547
0.000274608
0.000427843
0.000608133
0.000811684
0.00103403
0.00127007
0.00151407
0.0017599
0.00200086
0.00223004
0.00244047
0.00262534
0.00277829
0.00289366
0.00296868
0.00299086
-6.93245e-05
-5.48122e-05
4.32928e-06
9.75244e-05
0.000224511
0.000382813
0.000569292
0.000780115
0.00101075
0.00125601
0.00151011
0.00176661
0.0020186
0.00225887
0.00248005
0.00267489
0.00283648
0.00295865
0.00303825
0.00306172
-0.000165356
-0.000150492
-8.85094e-05
9.28943e-06
0.000142754
0.000309386
0.000506004
0.000728707
0.000972861
0.00123312
0.00150348
0.0017773
0.00204722
0.00230556
0.00254432
0.00275548
0.00293131
0.00306471
0.00315193
0.00317786
-0.000301483
-0.00028608
-0.000220098
-0.000115817
2.67614e-05
0.000205103
0.000415966
0.000655349
0.000918481
0.00119982
0.00149309
0.00179134
0.00208668
0.00237075
0.00263469
0.00286943
0.00306597
0.00321585
0.0033143
0.00334401
-0.000480646
-0.000464586
-0.000393453
-0.000280805
-0.000126445
6.70513e-05
0.000296366
0.000557382
0.000845158
0.00115393
0.00147712
0.00180741
0.00213631
0.00245462
0.00275241
0.00301915
0.00324414
0.00341692
0.00353114
0.00356632
-0.000706621
-0.000689873
-0.000612455
-0.000489563
-0.000320722
-0.000108554
0.000143538
0.000431299
0.000749612
0.00109248
0.001453
0.00182352
0.00219491
0.00255706
0.00289871
0.00320755
0.00347054
0.00367438
0.00381033
0.00385333
-0.000984149
-0.000966807
-0.000882013
-0.000747013
-0.000560956
-0.00032651
-4.71797e-05
0.000272628
0.000627608
0.00101155
0.00141725
0.00183678
0.00226046
0.00267731
0.00307459
0.00343782
0.00375093
0.00399665
0.00416242
0.00421676
-0.00131899
-0.00130134
-0.00120816
-0.00105922
-0.000853167
-0.000592726
-0.000281527
7.58252e-05
0.000473828
0.000906109
0.00136531
0.00184307
0.00232968
0.00281346
0.00328023
0.00371302
0.00409193
0.00439428
0.0046014
0.00467268
-0.00171805
-0.00170064
-0.00159821
-0.00143356
-0.00120468
-0.000914352
-0.000566433
-0.00016581
0.00028176
0.000769779
0.00129095
0.00183657
0.00239748
0.00296171
0.00351412
0.00403522
0.00450054
0.00488026
0.00514557
0.0052434
-0.0021895
-0.00217333
-0.00206107
-0.00187899
-0.00162433
-0.00129995
-0.000910101
-0.000460166
4.3702e-05
0.000594846
0.00118616
0.00180947
0.00245633
0.00311543
0.00377169
0.00440404
0.00498289
0.00546988
0.00581867
0.00596089
-0.00274316
-0.00272982
-0.00260764
-0.00240649
-0.00212284
-0.0017597
-0.0013221
-0.000816297
-0.000249134
0.000372476
0.00104164
0.00175176
0.00249551
0.00326379
0.00404342
0.00481391
0.00554167
0.00617993
0.00665095
0.00687272
-0.00338971
-0.00338227
-0.00325139
-0.00302965
-0.00271336
-0.00230571
-0.00181337
-0.00124416
-0.00060617
9.31179e-05
0.00084731
0.00165119
0.00250041
0.00339014
0.00431217
0.0052503
0.00617024
0.00702584
0.00767924
0.00805129
-0.00415055
-0.00415022
-0.00401151
-0.00376638
-0.00341247
-0.00295238
-0.00239599
-0.001754
-0.00103685
-0.000253026
0.00059156
0.0014935
0.00245214
0.00347014
0.00454852
0.00568235
0.00684126
0.00801106
0.00892991
0.0096226
-0.00498139
-0.00503638
-0.00490363
-0.00463807
-0.00424105
-0.00371658
-0.00308267
-0.0023553
-0.00154896
-0.00067402
0.000263992
0.00126298
0.0023275
0.00346972
0.00470408
0.00604958
0.00748536
0.00911977
0.0104197
0.0117888
-0.00617331
-0.00613236
-0.00599385
-0.00568697
-0.00522942
-0.00461871
-0.00388628
-0.0030556
-0.00214706
-0.00117349
-0.000138333
0.000970266
0.00212235
0.0033793
0.00476998
0.00635786
0.0081089
0.0103836
0.0121626
0.0148346
-0.00700537
-0.0074257
-0.00727265
-0.00696854
-0.00642957
-0.00569178
-0.00482334
-0.0038609
-0.00283253
-0.00175652
-0.000645867
0.000487254
0.00168273
0.0029572
0.00431305
0.00599532
0.00757727
0.0109177
0.0128308
0.0187994
-0.00945514
-0.00838725
-0.00870591
-0.00818668
-0.00761224
-0.00678612
-0.0058073
-0.00471656
-0.00355954
-0.00236511
-0.00114511
0.000111298
0.00143025
0.00287625
0.00439149
0.00630065
0.00818729
0.0123203
0.015061
0.0243059
-0.00969942
-0.0124532
-0.0116138
-0.0113058
-0.0101988
-0.00880315
-0.00734834
-0.00589997
-0.00448954
-0.00312568
-0.00181732
-0.00056115
0.000576432
0.0018082
0.00212632
0.00439524
0.00263637
0.0093218
0.00647234
0.0277236
-0.0213541
-0.0108685
-0.0115351
-0.0110768
-0.01003
-0.0088253
-0.00752226
-0.0061356
-0.00473353
-0.0033542
-0.00202512
-0.000709972
0.000481034
0.00182314
0.0027664
0.00491002
0.00662222
0.0150706
0.0281188
0.0648451
5.16712e-06
1.97776e-05
7.67744e-05
0.00016667
0.000288948
0.000441111
0.00062001
0.000821827
0.00104208
0.00127568
0.00151694
0.00175971
0.00199739
0.00222319
0.00243028
0.00261199
0.00276214
0.00287529
0.00294866
0.00297046
-1.00883e-05
4.3364e-06
6.17153e-05
0.000152074
0.000275074
0.000428257
0.000608508
0.000812033
0.00103437
0.00127041
0.00151442
0.00176027
0.00200126
0.00223048
0.00244095
0.00262584
0.0027788
0.00289417
0.00296918
0.00299132
-6.85105e-05
-5.40568e-05
5.02058e-06
9.81427e-05
0.000225058
0.000383299
0.000569727
0.000780512
0.00101113
0.00125638
0.00151048
0.00176701
0.00201902
0.00225932
0.00248055
0.00267541
0.00283702
0.00295919
0.00303878
0.00306221
-0.000164387
-0.000149587
-8.7677e-05
1.00362e-05
0.000143415
0.000309969
0.00050652
0.00072917
0.000973289
0.00123353
0.00150389
0.00177772
0.00204768
0.00230605
0.00254486
0.00275606
0.00293191
0.00306532
0.00315253
0.00317842
-0.000300302
-0.000284973
-0.000219079
-0.000114902
2.75681e-05
0.000205808
0.000416581
0.000655892
0.000918973
0.00120028
0.00149355
0.0017918
0.00208718
0.00237129
0.0026353
0.00287009
0.00306668
0.00321658
0.00331504
0.0033447
-0.000479183
-0.000463211
-0.000392188
-0.000279675
-0.000125456
6.79051e-05
0.000297099
0.000558015
0.000845717
0.00115445
0.00147761
0.00180792
0.00213686
0.00245524
0.0027531
0.00301993
0.003245
0.00341783
0.00353208
0.00356722
-0.000704785
-0.000688145
-0.000610872
-0.000488158
-0.000319507
-0.000107523
0.000144403
0.000432026
0.000750234
0.00109304
0.00145352
0.00182406
0.00219551
0.00255774
0.00289951
0.00320848
0.0034716
0.00367554
0.00381155
0.00385453
-0.000981814
-0.000964611
-0.000880014
-0.000745259
-0.000559464
-0.000325274
-4.61743e-05
0.000273441
0.000628274
0.00101212
0.00141778
0.00183732
0.00226107
0.00267804
0.00307549
0.00343893
0.00375224
0.00399814
0.00416405
0.00421841
-0.00131599
-0.00129852
-0.00120561
-0.00105702
-0.000851342
-0.000591261
-0.000280386
7.66976e-05
0.000474498
0.000906648
0.0013658
0.00184355
0.00233024
0.00281419
0.0032812
0.00371429
0.00409355
0.00439621
0.00460358
0.00467494
-0.00171414
-0.00169699
-0.00159496
-0.0014308
-0.00120245
-0.000912644
-0.000565181
-0.000164934
0.000282354
0.000770193
0.00129134
0.00183688
0.00239788
0.00296233
0.00351507
0.00403661
0.00450247
0.00488272
0.00514848
0.00524653
-0.00218435
-0.00216856
-0.00205689
-0.00187554
-0.00162165
-0.001298
-0.000908801
-0.000459388
4.4088e-05
0.000594959
0.00118606
0.00180941
0.00245638
0.00311573
0.00377243
0.00440542
0.00498508
0.00547296
0.00582252
0.00596521
-0.00273631
-0.00272354
-0.00260224
-0.00240218
-0.00211966
-0.00175757
-0.00132087
-0.000815787
-0.000249152
0.000372079
0.00104103
0.00175108
0.00249491
0.00326345
0.00404365
0.00481498
0.00554394
0.00618365
0.00665598
0.0068787
-0.0033805
-0.00337393
-0.00324441
-0.00302429
-0.00270965
-0.00230351
-0.00181242
-0.00124419
-0.000606929
9.18742e-05
0.000845784
0.00164953
0.00249871
0.00338863
0.00431124
0.00525047
0.00617213
0.00703005
0.00768563
0.00805961
-0.00413802
-0.00413911
-0.00400247
-0.00375977
-0.00340827
-0.00295031
-0.00239566
-0.001755
-0.00103879
-0.000255577
0.000588685
0.00149045
0.00244876
0.0034667
0.00454555
0.00568067
0.00684183
0.00801524
0.00893754
0.00963424
-0.00496413
-0.0050215
-0.00489191
-0.00463001
-0.00423649
-0.00371502
-0.00308347
-0.00235784
-0.00155271
-0.000678504
0.000259208
0.00125814
0.00232163
0.00346324
0.00469766
0.00604437
0.00748276
0.00912279
0.0104279
0.011805
-0.00615003
-0.00611259
-0.00597879
-0.0056773
-0.00522477
-0.00461818
-0.00388884
-0.00306036
-0.00215334
-0.00118073
-0.00014571
0.000965312
0.00211367
0.00336938
0.00475977
0.00634887
0.00810274
0.010385
0.0121712
0.0148566
-0.00697337
-0.00740011
-0.00725351
-0.00695727
-0.00642537
-0.00569299
-0.00482842
-0.00386864
-0.00284217
-0.00176776
-0.00065924
0.000469008
0.00166515
0.00293827
0.00429136
0.00597399
0.00755433
0.0109085
0.0128298
0.0188258
-0.0094102
-0.00834937
-0.00867914
-0.00817122
-0.00760707
-0.0067885
-0.00581491
-0.00472752
-0.00357265
-0.00237981
-0.00116144
9.31514e-05
0.00141152
0.0028572
0.00437059
0.00627848
0.00816476
0.0123085
0.0150595
0.0243357
-0.0096494
-0.0124177
-0.0115851
-0.0112935
-0.0101978
-0.00881038
-0.00736085
-0.00591552
-0.00450685
-0.00314431
-0.00183755
-0.000583951
0.000549321
0.00177737
0.00207859
0.00435395
0.00257162
0.00928073
0.00645053
0.0277308
-0.0212799
-0.0108059
-0.0114911
-0.0110535
-0.0100236
-0.00883081
-0.00753475
-0.00615197
-0.004752
-0.003374
-0.00204636
-0.00073312
0.000454834
0.00179415
0.00273029
0.00487171
0.00657892
0.0150488
0.028117
0.064924
5.71508e-06
2.02965e-05
7.72548e-05
0.000167106
0.00028934
0.000441465
0.000620333
0.000822129
0.00104238
0.00127597
0.00151724
0.00176002
0.00199773
0.00222356
0.00243067
0.00261239
0.00276256
0.00287571
0.00294908
0.00297087
-9.49593e-06
4.89865e-06
6.22369e-05
0.000152548
0.0002755
0.00042864
0.000608856
0.000812355
0.00103468
0.00127071
0.00151473
0.0017606
0.00200161
0.00223085
0.00244134
0.00262626
0.00277923
0.0028946
0.00296961
0.00299173
-6.78354e-05
-5.34143e-05
5.61793e-06
9.86858e-05
0.000225546
0.000383734
0.000570118
0.00078087
0.00101146
0.0012567
0.00151081
0.00176735
0.00201938
0.00225971
0.00248096
0.00267585
0.00283748
0.00295965
0.00303924
0.00306266
-0.000163586
-0.000148823
-8.69665e-05
1.06818e-05
0.000143992
0.00031048
0.000506974
0.000729578
0.000973664
0.00123389
0.00150424
0.00177808
0.00204806
0.00230647
0.00254531
0.00275654
0.00293242
0.00306585
0.00315306
0.00317894
-0.000299328
-0.000284043
-0.000218214
-0.00011412
2.8263e-05
0.000206417
0.000417113
0.000656361
0.000919394
0.00120068
0.00149393
0.00179219
0.00208759
0.00237175
0.0026358
0.00287064
0.00306727
0.00321721
0.00331568
0.00334534
-0.000477977
-0.00046206
-0.000391121
-0.000278715
-0.000124612
6.86344e-05
0.000297724
0.000558551
0.000846186
0.00115487
0.00147802
0.00180833
0.00213731
0.00245574
0.00275367
0.00302057
0.00324571
0.00341859
0.00353288
0.00356802
-0.000703271
-0.000686701
-0.000609541
-0.000486972
-0.000318479
-0.000106652
0.00014513
0.000432631
0.000750745
0.00109348
0.00145394
0.00182449
0.00219597
0.00255828
0.00290014
0.00320923
0.00347246
0.0036765
0.00381257
0.00385558
-0.000979891
-0.000962782
-0.000878342
-0.000743786
-0.000558211
-0.00032424
-4.53406e-05
0.000274104
0.000628806
0.00101256
0.00141817
0.00183772
0.00226152
0.00267859
0.00307618
0.00343978
0.00375328
0.00399934
0.00416538
0.00421978
-0.00131352
-0.00129618
-0.0012035
-0.00105519
-0.00084982
-0.000590046
-0.000279452
7.73941e-05
0.00047501
0.000907035
0.00136612
0.00184387
0.00233062
0.00281469
0.0032819
0.00371524
0.00409478
0.00439771
0.0046053
0.00467675
-0.00171095
-0.00169399
-0.00159227
-0.00142852
-0.00120062
-0.000911241
-0.000564172
-0.000164255
0.000282776
0.000770443
0.0012915
0.00183702
0.00239808
0.00296269
0.00351569
0.00403759
0.00450388
0.00488457
0.00515068
0.00524893
-0.00218019
-0.00216467
-0.00205346
-0.0018727
-0.00161945
-0.00129642
-0.000907768
-0.000458815
4.43069e-05
0.000594934
0.0011859
0.00180921
0.00245624
0.00311577
0.0037728
0.00440629
0.0049866
0.00547517
0.00582532
0.00596837
-0.00273084
-0.00271847
-0.00259786
-0.00239865
-0.00211705
-0.00175583
-0.00131991
-0.000815454
-0.000249294
0.000371612
0.00104037
0.00175035
0.0024942
0.00326292
0.00404351
0.00481549
0.00554537
0.00618616
0.00665946
0.00688284
-0.00337327
-0.0033673
-0.0032388
-0.00301993
-0.00270661
-0.0023017
-0.00181167
-0.0012443
-0.000607662
9.07276e-05
0.000844408
0.00164803
0.00249712
0.00338713
0.00431015
0.0052502
0.00617312
0.00703269
0.00768979
0.00806498
-0.00412841
-0.00413043
-0.00399529
-0.00375442
-0.00340479
-0.00294855
-0.00239535
-0.00175582
-0.00104043
-0.000257723
0.000586312
0.00148798
0.00244592
0.00346372
0.00454289
0.00567895
0.00684173
0.00801758
0.0089422
0.00964114
-0.00495136
-0.00501016
-0.00488276
-0.0046235
-0.00423261
-0.00371349
-0.00308389
-0.00235974
-0.00155566
-0.000682072
0.00025553
0.00125475
0.00231707
0.00345803
0.0046925
0.00604016
0.0074805
0.0091241
0.0104326
0.0118138
-0.00613335
-0.00609791
-0.00596722
-0.00566944
-0.00522051
-0.00461709
-0.0038903
-0.00306376
-0.00215812
-0.00118634
-0.000151163
0.000963392
0.00210716
0.00336159
0.00475184
0.00634197
0.0080981
0.010385
0.0121758
0.0148673
-0.00695168
-0.0073815
-0.007239
-0.00694784
-0.00642079
-0.00569253
-0.00483123
-0.00387389
-0.00284927
-0.00177649
-0.00067021
0.000452492
0.00165107
0.00292396
0.00427596
0.00595939
0.0075404
0.0109023
0.0128295
0.0188369
-0.00938163
-0.00832408
-0.00866006
-0.00815909
-0.00760149
-0.00678838
-0.00581899
-0.00473463
-0.00358194
-0.00239086
-0.00117426
7.84696e-05
0.0013969
0.00284289
0.00435579
0.00626365
0.0081515
0.0123015
0.0150602
0.0243474
-0.00961879
-0.0123921
-0.0115637
-0.0112808
-0.0101927
-0.00881146
-0.00736664
-0.00592461
-0.00451824
-0.0031575
-0.00185253
-0.000601082
0.000529596
0.00175506
0.00204859
0.00432747
0.00253868
0.00925791
0.0064437
0.0277278
-0.0212377
-0.0107678
-0.0114624
-0.011036
-0.0100161
-0.008831
-0.00754051
-0.00616153
-0.00476406
-0.00338787
-0.00206188
-0.000750343
0.000435693
0.00177339
0.00270638
0.00484715
0.00655344
0.0150337
0.0281112
0.0649428
6.14873e-06
2.0713e-05
7.76449e-05
0.000167464
0.000289665
0.00044176
0.000620603
0.00082238
0.00104262
0.00127621
0.00151749
0.00176027
0.00199799
0.00222384
0.00243096
0.00261271
0.00276289
0.00287604
0.00294941
0.0029712
-9.03186e-06
5.3449e-06
6.26552e-05
0.000152932
0.000275848
0.000428955
0.000609142
0.00081262
0.00103493
0.00127096
0.00151498
0.00176085
0.00200188
0.00223114
0.00244165
0.00262658
0.00277956
0.00289494
0.00296994
0.00299207
-6.73099e-05
-5.29084e-05
6.09246e-06
9.91213e-05
0.00022594
0.000384088
0.000570437
0.000781161
0.00101173
0.00125696
0.00151107
0.00176761
0.00201966
0.00226001
0.00248128
0.00267619
0.00283783
0.00296002
0.00303961
0.00306302
-0.000162966
-0.000148226
-8.64064e-05
1.11944e-05
0.000144453
0.000310891
0.000507339
0.000729905
0.000973963
0.00123417
0.00150452
0.00177837
0.00204836
0.00230679
0.00254566
0.00275692
0.00293282
0.00306626
0.00315348
0.00317936
-0.000298576
-0.000283319
-0.000217537
-0.000113503
2.88133e-05
0.000206901
0.000417536
0.000656732
0.000919726
0.00120098
0.00149422
0.0017925
0.00208791
0.0023721
0.00263619
0.00287107
0.00306773
0.00321769
0.00331618
0.00334585
-0.000477048
-0.000461166
-0.000390289
-0.000277962
-0.000123948
6.92083e-05
0.000298215
0.000558971
0.000846551
0.0011552
0.00147833
0.00180865
0.00213765
0.00245611
0.0027541
0.00302106
0.00324625
0.00341918
0.0035335
0.00356866
-0.000702106
-0.000685584
-0.000608507
-0.000486047
-0.000317675
-0.000105972
0.000145695
0.000433098
0.000751134
0.00109382
0.00145425
0.0018248
0.00219632
0.00255868
0.00290061
0.00320979
0.00347311
0.00367722
0.00381336
0.00385638
-0.000978416
-0.000961372
-0.000877047
-0.000742643
-0.000557239
-0.000323439
-4.46988e-05
0.000274609
0.000629203
0.00101288
0.00141846
0.00183801
0.00226185
0.00267899
0.00307668
0.00344041
0.00375404
0.00400024
0.00416637
0.00422082
-0.00131164
-0.00129439
-0.00120187
-0.00105377
-0.000848645
-0.000589112
-0.00027874
7.79161e-05
0.000475383
0.000907303
0.00136633
0.00184408
0.00233087
0.00281504
0.00328239
0.00371591
0.00409566
0.0043988
0.00460654
0.00467809
-0.00170852
-0.00169169
-0.00159021
-0.00142677
-0.0011992
-0.000910167
-0.000563409
-0.000163755
0.000283071
0.000770596
0.00129159
0.00183707
0.00239818
0.0029629
0.00351609
0.00403826
0.00450485
0.00488586
0.00515224
0.00525063
-0.00217705
-0.00216171
-0.00205085
-0.00187053
-0.00161776
-0.00129521
-0.000906991
-0.0004584
4.44426e-05
0.000594875
0.00118572
0.001809
0.00245606
0.00311573
0.003773
0.00440684
0.0049876
0.00547666
0.00582724
0.00597054
-0.00272676
-0.00271466
-0.00259455
-0.00239598
-0.00211506
-0.00175451
-0.00131918
-0.000815218
-0.000249431
0.00037122
0.00103983
0.00174974
0.00249359
0.00326242
0.0040433
0.00481574
0.00554625
0.00618778
0.00666175
0.00688555
-0.00336795
-0.00336239
-0.0032346
-0.00301664
-0.00270429
-0.0023003
-0.00181109
-0.00124437
-0.000608232
8.98385e-05
0.000843351
0.0016469
0.00249588
0.00338593
0.00430922
0.00524984
0.00617361
0.00703429
0.00769241
0.00806834
-0.00412148
-0.00412409
-0.00398998
-0.0037504
-0.00340213
-0.00294716
-0.00239506
-0.0017564
-0.00104164
-0.000259308
0.000584611
0.00148629
0.00244384
0.00346145
0.00454082
0.00567754
0.00684144
0.00801887
0.00894499
0.00964524
-0.00494232
-0.00500201
-0.00487608
-0.00461861
-0.00422959
-0.00371219
-0.00308405
-0.00236105
-0.00155779
-0.000684622
0.00025309
0.00125295
0.00231397
0.00345424
0.0046887
0.00603704
0.00747873
0.00912459
0.0104352
0.0118187
-0.00612181
-0.00608754
-0.00595887
-0.00566356
-0.00521714
-0.00461599
-0.0038911
-0.00306604
-0.00216148
-0.00119031
-0.000154617
0.000964832
0.0021029
0.00335596
0.0047461
0.00633697
0.00809471
0.0103844
0.0121782
0.0148729
-0.00693704
-0.00736857
-0.00722867
-0.00694079
-0.00641704
-0.0056917
-0.00483279
-0.00387734
-0.00285423
-0.00178288
-0.000678807
0.00043748
0.00164031
0.00291373
0.00426543
0.00594958
0.00753153
0.0108979
0.012829
0.0188423
-0.00936299
-0.00830725
-0.008647
-0.00815029
-0.00759704
-0.00678768
-0.00582128
-0.0047392
-0.00358829
-0.00239876
-0.00118382
6.70579e-05
0.00138605
0.00283261
0.00434551
0.0062536
0.00814286
0.0122965
0.01506
0.0243528
-0.00959901
-0.0123746
-0.0115489
-0.0112712
-0.0101881
-0.00881115
-0.00736972
-0.00593023
-0.00452577
-0.00316662
-0.00186319
-0.000613423
0.000515755
0.00173957
0.00202938
0.00431011
0.00251929
0.00924345
0.00643887
0.0277241
-0.0212115
-0.0107435
-0.0114435
-0.0110235
-0.0100099
-0.0088301
-0.00754363
-0.00616749
-0.00477206
-0.00339745
-0.00207285
-0.000762611
0.000422251
0.00175906
0.00269058
0.0048312
0.00653732
0.0150229
0.028104
0.0649476
6.45179e-06
2.10064e-05
7.79216e-05
0.00016772
0.000289899
0.000441973
0.000620798
0.000822561
0.00104279
0.00127638
0.00151766
0.00176045
0.00199818
0.00222403
0.00243117
0.00261292
0.0027631
0.00287627
0.00294963
0.00297142
-8.7097e-06
5.65678e-06
6.29494e-05
0.000153204
0.000276097
0.00042918
0.000609347
0.00081281
0.00103511
0.00127113
0.00151515
0.00176103
0.00200206
0.00223133
0.00244185
0.0026268
0.00277979
0.00289517
0.00297018
0.0029923
-6.69474e-05
-5.25573e-05
6.42358e-06
9.9427e-05
0.000226218
0.000384338
0.000570663
0.000781367
0.00101193
0.00125715
0.00151125
0.0017678
0.00201986
0.00226022
0.0024815
0.00267642
0.00283808
0.00296027
0.00303987
0.00306328
-0.00016254
-0.000147814
-8.60184e-05
1.15514e-05
0.000144776
0.000311178
0.000507595
0.000730134
0.000974173
0.00123437
0.00150471
0.00177856
0.00204857
0.00230701
0.00254589
0.00275717
0.00293309
0.00306655
0.00315378
0.00317966
-0.000298062
-0.000282821
-0.00021707
-0.000113076
2.91953e-05
0.000207238
0.00041783
0.00065699
0.000919955
0.00120119
0.00149443
0.0017927
0.00208813
0.00237233
0.00263645
0.00287135
0.00306804
0.00321803
0.00331653
0.0033462
-0.000476414
-0.000460554
-0.000389717
-0.000277444
-0.000123491
6.96044e-05
0.000298553
0.000559259
0.0008468
0.00115542
0.00147854
0.00180886
0.00213787
0.00245636
0.00275438
0.00302139
0.00324662
0.00341958
0.00353392
0.00356909
-0.000701315
-0.000684821
-0.0006078
-0.000485413
-0.000317124
-0.000105506
0.000146082
0.000433415
0.000751398
0.00109405
0.00145446
0.00182501
0.00219654
0.00255894
0.00290092
0.00321016
0.00347354
0.00367771
0.00381388
0.00385693
-0.000977416
-0.000960413
-0.000876165
-0.000741864
-0.000556575
-0.000322893
-4.42628e-05
0.00027495
0.000629468
0.00101309
0.00141864
0.00183819
0.00226205
0.00267924
0.003077
0.00344082
0.00375454
0.00400082
0.00416702
0.0042215
-0.00131037
-0.00129318
-0.00120076
-0.00105281
-0.000847846
-0.000588478
-0.00027826
7.82644e-05
0.000475625
0.000907469
0.00136644
0.00184419
0.00233102
0.00281525
0.00328269
0.00371634
0.00409622
0.0043995
0.00460735
0.00467895
-0.0017069
-0.00169014
-0.00158882
-0.00142558
-0.00119825
-0.000909442
-0.000562896
-0.000163425
0.000283257
0.000770678
0.00129159
0.00183708
0.00239821
0.00296301
0.00351633
0.00403866
0.00450546
0.00488668
0.00515323
0.00525171
-0.00217496
-0.00215974
-0.0020491
-0.00186907
-0.00161662
-0.0012944
-0.000906469
-0.000458128
4.45205e-05
0.00059482
0.00118561
0.00180883
0.00245591
0.00311565
0.00377308
0.00440715
0.0049882
0.00547756
0.00582841
0.00597186
-0.00272406
-0.00271213
-0.00259234
-0.00239418
-0.00211372
-0.00175362
-0.00131869
-0.000815065
-0.000249535
0.000370942
0.00103946
0.00174932
0.00249315
0.00326205
0.00404309
0.00481583
0.00554674
0.00618873
0.0066631
0.00688716
-0.00336446
-0.00335915
-0.00323182
-0.00301444
-0.00270272
-0.00229935
-0.00181069
-0.00124442
-0.000608614
8.92425e-05
0.000842653
0.00164614
0.00249504
0.00338509
0.00430855
0.00524952
0.00617382
0.00703516
0.00769388
0.00807023
-0.00411699
-0.00411995
-0.00398649
-0.00374772
-0.00340032
-0.00294619
-0.00239482
-0.00175676
-0.00104243
-0.000260339
0.000583532
0.00148526
0.00244251
0.00345994
0.00453942
0.00567653
0.00684112
0.00801948
0.00894647
0.0096474
-0.00493657
-0.00499676
-0.00487172
-0.00461537
-0.00422752
-0.00371124
-0.00308407
-0.00236185
-0.00155914
-0.000686239
0.000251651
0.00125224
0.00231208
0.00345179
0.00468622
0.00603498
0.0074775
0.00912464
0.0104365
0.0118211
-0.00611457
-0.00608096
-0.00595348
-0.00565966
-0.00521479
-0.0046151
-0.00389146
-0.00306741
-0.0021636
-0.00119281
-0.000156493
0.00096832
0.00210049
0.00335236
0.0047424
0.00633375
0.00809248
0.0103837
0.0121792
0.0148753
-0.00692805
-0.00736047
-0.00722207
-0.00693611
-0.00641438
-0.00569088
-0.00483355
-0.00387939
-0.00285734
-0.00178705
-0.000684784
0.000425125
0.00163298
0.00290718
0.00425891
0.00594361
0.00752637
0.0108951
0.0128284
0.0188442
-0.00935188
-0.00829703
-0.00863886
-0.00814459
-0.00759388
-0.00678681
-0.00582237
-0.00474186
-0.00359222
-0.00240383
-0.00119016
5.9187e-05
0.00137888
0.00282598
0.00433906
0.00624741
0.00813769
0.0122932
0.0150593
0.0243541
-0.00958724
-0.0123637
-0.0115396
-0.0112648
-0.0101846
-0.00881026
-0.00737106
-0.00593335
-0.00453029
-0.00317231
-0.00187002
-0.000621396
0.000506999
0.00172989
0.00201815
0.00429983
0.00250904
0.00923513
0.00643608
0.0277203
-0.0211966
-0.0107294
-0.0114322
-0.0110156
-0.0100055
-0.00882888
-0.00754491
-0.00617076
-0.00477682
-0.00340339
-0.0020798
-0.000770456
0.000413731
0.0017501
0.00268102
0.00482166
0.00652799
0.015016
0.0280987
0.064946
6.61253e-06
2.11625e-05
7.80692e-05
0.000167857
0.000290024
0.000442087
0.000620902
0.000822658
0.00104288
0.00127647
0.00151774
0.00176054
0.00199827
0.00222413
0.00243127
0.00261303
0.00276322
0.00287638
0.00294975
0.00297153
-8.53987e-06
5.82165e-06
6.31053e-05
0.000153349
0.000276229
0.0004293
0.000609457
0.00081291
0.0010352
0.00127122
0.00151524
0.00176112
0.00200216
0.00223143
0.00244196
0.00262691
0.0027799
0.00289529
0.0029703
0.00299242
-6.6758e-05
-5.23735e-05
6.59746e-06
9.9588e-05
0.000226364
0.000384471
0.000570782
0.000781475
0.00101203
0.00125724
0.00151135
0.0017679
0.00201996
0.00226032
0.00248161
0.00267654
0.0028382
0.0029604
0.00304
0.00306341
-0.00016232
-0.0001476
-8.58166e-05
1.17376e-05
0.000144944
0.000311329
0.000507729
0.000730255
0.000974282
0.00123447
0.00150481
0.00177866
0.00204867
0.00230712
0.00254601
0.0027573
0.00293323
0.00306669
0.00315392
0.00317981
-0.000297798
-0.000282565
-0.000216829
-0.000112855
2.9393e-05
0.000207412
0.000417983
0.000657124
0.000920075
0.0012013
0.00149453
0.00179281
0.00208824
0.00237245
0.00263658
0.0028715
0.0030682
0.0032182
0.00331671
0.00334638
-0.000476091
-0.000460241
-0.000389425
-0.000277178
-0.000123255
6.98081e-05
0.000298727
0.000559408
0.000846928
0.00115554
0.00147865
0.00180897
0.00213798
0.00245649
0.00275453
0.00302155
0.0032468
0.00341978
0.00353414
0.00356931
-0.000700912
-0.000684433
-0.00060744
-0.000485089
-0.000316843
-0.000105267
0.00014628
0.000433577
0.000751531
0.00109416
0.00145456
0.00182511
0.00219665
0.00255907
0.00290108
0.00321034
0.00347375
0.00367795
0.00381415
0.0038572
-0.00097691
-0.000959926
-0.000875718
-0.000741467
-0.000556237
-0.000322615
-4.40413e-05
0.000275122
0.0006296
0.0010132
0.00141872
0.00183827
0.00226215
0.00267936
0.00307716
0.00344102
0.00375479
0.00400111
0.00416735
0.00422184
-0.00130972
-0.00129256
-0.00120021
-0.00105232
-0.000847441
-0.000588156
-0.000278016
7.84396e-05
0.000475746
0.00090755
0.0013665
0.00184425
0.00233108
0.00281534
0.00328283
0.00371654
0.0040965
0.00439984
0.00460775
0.00467938
-0.00170608
-0.00168937
-0.00158812
-0.00142498
-0.00119776
-0.000909074
-0.000562637
-0.00016326
0.000283348
0.000770717
0.00129162
0.00183708
0.00239822
0.00296305
0.00351643
0.00403885
0.00450575
0.00488707
0.0051537
0.00525223
-0.00217391
-0.00215875
-0.00204822
-0.00186834
-0.00161605
-0.00129398
-0.000906207
-0.000457993
4.45563e-05
0.000594784
0.00118552
0.00180874
0.00245582
0.0031156
0.0037731
0.00440729
0.00498847
0.00547799
0.00582896
0.00597249
-0.00272271
-0.00271087
-0.00259123
-0.00239328
-0.00211304
-0.00175316
-0.00131844
-0.000814988
-0.000249589
0.000370798
0.00103926
0.00174909
0.00249292
0.00326184
0.00404297
0.00481585
0.00554696
0.00618916
0.00666372
0.0068879
-0.00336274
-0.00335754
-0.00323043
-0.00301334
-0.00270193
-0.00229887
-0.00181049
-0.00124444
-0.000608805
8.89405e-05
0.000842291
0.00164574
0.00249461
0.00338465
0.00430819
0.00524934
0.0061739
0.00703554
0.00769454
0.00807108
-0.00411478
-0.00411791
-0.00398476
-0.00374638
-0.00339941
-0.00294569
-0.00239469
-0.00175693
-0.00104282
-0.00026086
0.000582954
0.00148464
0.0024418
0.00345918
0.00453871
0.00567602
0.00684093
0.00801972
0.0089471
0.00964834
-0.00493376
-0.00499419
-0.00486957
-0.00461375
-0.00422648
-0.00371075
-0.00308406
-0.00236223
-0.0015598
-0.000687071
0.000250761
0.00125123
0.00231097
0.00345055
0.00468499
0.00603396
0.00747688
0.0091246
0.010437
0.011822
-0.00611108
-0.00607776
-0.00595084
-0.00565772
-0.0052136
-0.00461463
-0.0038916
-0.00306806
-0.00216464
-0.00119411
-0.000157958
0.00096593
0.00209876
0.00335051
0.00474057
0.00633216
0.00809137
0.0103833
0.0121795
0.0148763
-0.00692375
-0.00735657
-0.00721886
-0.0069338
-0.00641302
-0.00569042
-0.00483386
-0.00388034
-0.00285883
-0.00178902
-0.000687181
0.000423148
0.00162993
0.00290408
0.00425581
0.00594077
0.00752397
0.0108938
0.012828
0.0188448
-0.00934666
-0.00829218
-0.00863496
-0.00814179
-0.00759228
-0.00678633
-0.00582282
-0.00474309
-0.00359409
-0.00240625
-0.00119308
5.59769e-05
0.00137555
0.00282277
0.00433594
0.00624444
0.00813524
0.0122916
0.0150588
0.0243545
-0.0095817
-0.0123586
-0.0115352
-0.0112616
-0.0101828
-0.00880974
-0.00737161
-0.00593477
-0.00453241
-0.00317504
-0.00187329
-0.000625169
0.000502814
0.00172526
0.00201295
0.004295
0.00250445
0.00923124
0.00643466
0.0277183
-0.0211897
-0.0107228
-0.0114268
-0.0110118
-0.0100033
-0.00882818
-0.00754547
-0.00617226
-0.00477906
-0.00340624
-0.00208317
-0.000774253
0.000409614
0.0017458
0.0026765
0.00481717
0.00652365
0.0150126
0.028096
0.0649447
6.62542e-06
2.1175e-05
7.80807e-05
0.000167867
0.000290033
0.000442095
0.000620909
0.000822664
0.00104289
0.00127647
0.00151775
0.00176054
0.00199827
0.00222413
0.00243127
0.00261303
0.00276322
0.00287638
0.00294975
0.00297153
-8.52752e-06
5.83355e-06
6.31164e-05
0.000153358
0.000276237
0.000429308
0.000609464
0.000812916
0.00103521
0.00127123
0.00151524
0.00176112
0.00200216
0.00223143
0.00244196
0.00262691
0.0027799
0.00289529
0.00297029
0.00299242
-6.67469e-05
-5.23628e-05
6.60751e-06
9.95971e-05
0.000226372
0.000384478
0.000570789
0.000781481
0.00101203
0.00125725
0.00151135
0.0017679
0.00201996
0.00226032
0.00248162
0.00267654
0.0028382
0.0029604
0.00303999
0.00306341
-0.000162311
-0.000147591
-8.58078e-05
1.17456e-05
0.000144951
0.000311335
0.000507734
0.00073026
0.000974287
0.00123448
0.00150481
0.00177867
0.00204867
0.00230712
0.00254601
0.0027573
0.00293323
0.00306669
0.00315392
0.00317981
-0.00029779
-0.000282557
-0.000216822
-0.000112848
2.93991e-05
0.000207417
0.000417988
0.000657129
0.000920079
0.00120131
0.00149454
0.00179281
0.00208824
0.00237245
0.00263658
0.0028715
0.0030682
0.00321819
0.00331671
0.00334638
-0.000476084
-0.000460235
-0.000389418
-0.000277173
-0.00012325
6.98126e-05
0.000298731
0.000559412
0.000846932
0.00115554
0.00147865
0.00180897
0.00213799
0.00245649
0.00275453
0.00302155
0.0032468
0.00341978
0.00353414
0.00356931
-0.000700907
-0.000684428
-0.000607434
-0.000485084
-0.000316838
-0.000105263
0.000146283
0.000433581
0.000751535
0.00109416
0.00145456
0.00182511
0.00219665
0.00255907
0.00290108
0.00321034
0.00347375
0.00367795
0.00381414
0.0038572
-0.000976906
-0.000959922
-0.000875713
-0.000741463
-0.000556233
-0.000322611
-4.40381e-05
0.000275125
0.000629603
0.0010132
0.00141873
0.00183827
0.00226215
0.00267936
0.00307716
0.00344102
0.00375479
0.00400111
0.00416734
0.00422184
-0.00130972
-0.00129256
-0.0012002
-0.00105232
-0.000847437
-0.000588153
-0.000278013
7.84417e-05
0.000475747
0.000907551
0.0013665
0.00184425
0.00233108
0.00281534
0.00328283
0.00371654
0.0040965
0.00439984
0.00460775
0.00467937
-0.00170607
-0.00168936
-0.00158812
-0.00142498
-0.00119776
-0.000909071
-0.000562634
-0.000163258
0.000283348
0.000770717
0.00129162
0.00183708
0.00239822
0.00296305
0.00351643
0.00403885
0.00450575
0.00488707
0.0051537
0.00525223
-0.0021739
-0.00215874
-0.00204821
-0.00186833
-0.00161605
-0.00129398
-0.000906205
-0.000457992
4.45567e-05
0.000594784
0.00118552
0.00180874
0.00245582
0.0031156
0.0037731
0.00440729
0.00498847
0.00547799
0.00582896
0.00597249
-0.00272271
-0.00271087
-0.00259123
-0.00239328
-0.00211304
-0.00175316
-0.00131844
-0.000814987
-0.000249589
0.000370798
0.00103926
0.00174909
0.00249292
0.00326184
0.00404297
0.00481585
0.00554695
0.00618916
0.00666372
0.00688789
-0.00336274
-0.00335754
-0.00323043
-0.00301334
-0.00270193
-0.00229887
-0.00181049
-0.00124444
-0.000608805
8.89408e-05
0.000842291
0.00164574
0.00249461
0.00338465
0.00430819
0.00524934
0.0061739
0.00703554
0.00769454
0.00807107
-0.00411478
-0.00411791
-0.00398476
-0.00374638
-0.00339941
-0.00294569
-0.00239469
-0.00175693
-0.00104282
-0.00026086
0.000582954
0.00148464
0.00244179
0.00345918
0.00453871
0.00567602
0.00684093
0.00801972
0.0089471
0.00964834
-0.00493376
-0.00499419
-0.00486957
-0.00461375
-0.00422648
-0.00371075
-0.00308406
-0.00236223
-0.0015598
-0.000687071
0.000250761
0.00125123
0.00231097
0.00345055
0.00468498
0.00603396
0.00747688
0.00912459
0.010437
0.011822
-0.00611108
-0.00607776
-0.00595084
-0.00565772
-0.00521361
-0.00461463
-0.0038916
-0.00306806
-0.00216464
-0.00119411
-0.000157959
0.000965929
0.00209876
0.00335051
0.00474057
0.00633216
0.00809137
0.0103833
0.0121795
0.0148763
-0.00692375
-0.00735656
-0.00721886
-0.0069338
-0.00641302
-0.00569042
-0.00483386
-0.00388034
-0.00285883
-0.00178902
-0.000687182
0.000423147
0.00162993
0.00290408
0.00425581
0.00594077
0.00752397
0.0108938
0.012828
0.0188448
-0.00934666
-0.00829218
-0.00863496
-0.00814179
-0.00759228
-0.00678633
-0.00582282
-0.00474309
-0.00359409
-0.00240625
-0.00119308
5.59757e-05
0.00137554
0.00282277
0.00433594
0.00624444
0.00813524
0.0122916
0.0150588
0.0243545
-0.0095817
-0.0123586
-0.0115352
-0.0112616
-0.0101828
-0.00880974
-0.00737161
-0.00593477
-0.00453241
-0.00317504
-0.0018733
-0.00062517
0.000502813
0.00172526
0.00201295
0.004295
0.00250444
0.00923124
0.00643466
0.0277183
-0.0211897
-0.0107228
-0.0114268
-0.0110118
-0.0100033
-0.00882818
-0.00754547
-0.00617226
-0.00477907
-0.00340624
-0.00208317
-0.000774254
0.000409614
0.00174579
0.0026765
0.00481717
0.00652365
0.0150126
0.028096
0.0649447
6.4913e-06
2.10445e-05
7.79567e-05
0.000167751
0.000289926
0.000441997
0.000620819
0.00082258
0.0010428
0.00127639
0.00151767
0.00176046
0.00199818
0.00222404
0.00243117
0.00261292
0.00276311
0.00287626
0.00294963
0.00297141
-8.67198e-06
5.69302e-06
6.29829e-05
0.000153234
0.000276123
0.000429204
0.000609368
0.000812828
0.00103512
0.00127114
0.00151516
0.00176104
0.00200207
0.00223134
0.00244186
0.0026268
0.00277979
0.00289517
0.00297017
0.0029923
-6.69135e-05
-5.25247e-05
6.45416e-06
9.94549e-05
0.000226242
0.00038436
0.000570682
0.000781384
0.00101194
0.00125716
0.00151126
0.00176781
0.00201986
0.00226022
0.00248151
0.00267642
0.00283808
0.00296027
0.00303986
0.00306327
-0.000162511
-0.000147785
-8.59915e-05
1.1576e-05
0.000144797
0.000311198
0.000507612
0.00073015
0.000974188
0.00123438
0.00150472
0.00177857
0.00204857
0.00230701
0.00254589
0.00275717
0.00293309
0.00306654
0.00315377
0.00317966
-0.000298037
-0.000282797
-0.000217047
-0.000113055
2.92138e-05
0.000207254
0.000417845
0.000657004
0.000919969
0.00120121
0.00149444
0.00179271
0.00208814
0.00237234
0.00263645
0.00287135
0.00306804
0.00321802
0.00331653
0.0033462
-0.000476394
-0.000460534
-0.000389698
-0.000277427
-0.000123475
6.96183e-05
0.000298566
0.000559271
0.000846812
0.00115543
0.00147855
0.00180887
0.00213787
0.00245636
0.00275438
0.00302138
0.00324662
0.00341958
0.00353392
0.00356909
-0.000701298
-0.000684805
-0.000607785
-0.000485398
-0.000317111
-0.000105494
0.000146093
0.000433425
0.000751407
0.00109405
0.00145447
0.00182501
0.00219654
0.00255894
0.00290092
0.00321015
0.00347353
0.0036777
0.00381388
0.00385693
-0.000977404
-0.0009604
-0.000876153
-0.000741852
-0.000556563
-0.000322882
-4.42533e-05
0.000274958
0.000629474
0.0010131
0.00141864
0.00183819
0.00226205
0.00267924
0.003077
0.00344082
0.00375454
0.00400082
0.00416702
0.0042215
-0.00131036
-0.00129317
-0.00120076
-0.0010528
-0.000847836
-0.000588468
-0.000278251
7.82708e-05
0.000475629
0.000907471
0.00136644
0.00184419
0.00233102
0.00281525
0.00328269
0.00371634
0.00409622
0.00439949
0.00460735
0.00467895
-0.00170689
-0.00169014
-0.00158882
-0.00142557
-0.00119824
-0.000909433
-0.000562888
-0.00016342
0.000283259
0.000770678
0.00129159
0.00183708
0.00239821
0.00296301
0.00351633
0.00403866
0.00450546
0.00488667
0.00515322
0.00525171
-0.00217495
-0.00215973
-0.00204909
-0.00186907
-0.00161662
-0.00129439
-0.000906464
-0.000458125
4.4522e-05
0.000594821
0.00118561
0.00180883
0.00245591
0.00311565
0.00377308
0.00440715
0.00498819
0.00547756
0.0058284
0.00597186
-0.00272406
-0.00271213
-0.00259234
-0.00239417
-0.00211371
-0.00175361
-0.00131869
-0.000815063
-0.000249533
0.000370943
0.00103946
0.00174931
0.00249315
0.00326204
0.00404309
0.00481582
0.00554674
0.00618872
0.00666309
0.00688715
-0.00336446
-0.00335915
-0.00323181
-0.00301444
-0.00270272
-0.00229935
-0.00181069
-0.00124442
-0.000608613
8.92431e-05
0.000842653
0.00164614
0.00249504
0.00338508
0.00430854
0.00524952
0.00617382
0.00703516
0.00769388
0.00807022
-0.00411699
-0.00411995
-0.00398649
-0.00374772
-0.00340032
-0.00294619
-0.00239482
-0.00175676
-0.00104243
-0.000260339
0.00058353
0.00148525
0.0024425
0.00345994
0.00453942
0.00567653
0.00684111
0.00801948
0.00894646
0.0096474
-0.00493656
-0.00499675
-0.00487172
-0.00461537
-0.00422753
-0.00371125
-0.00308407
-0.00236185
-0.00155914
-0.00068624
0.000251649
0.00125223
0.00231208
0.00345179
0.00468621
0.00603498
0.0074775
0.00912463
0.0104365
0.0118211
-0.00611457
-0.00608095
-0.00595348
-0.00565966
-0.0052148
-0.00461511
-0.00389146
-0.00306742
-0.0021636
-0.00119282
-0.000156495
0.000968317
0.00210049
0.00335235
0.00474239
0.00633374
0.00809247
0.0103837
0.0121792
0.0148753
-0.00692804
-0.00736047
-0.00722207
-0.00693611
-0.00641438
-0.00569088
-0.00483355
-0.00387939
-0.00285735
-0.00178705
-0.000684787
0.000425122
0.00163298
0.00290718
0.00425891
0.0059436
0.00752637
0.0108951
0.0128284
0.0188442
-0.00935188
-0.00829702
-0.00863886
-0.00814459
-0.00759388
-0.00678681
-0.00582237
-0.00474186
-0.00359222
-0.00240383
-0.00119016
5.91837e-05
0.00137888
0.00282597
0.00433905
0.00624741
0.00813769
0.0122932
0.0150593
0.0243541
-0.00958724
-0.0123637
-0.0115396
-0.0112648
-0.0101846
-0.00881026
-0.00737106
-0.00593335
-0.00453029
-0.00317232
-0.00187002
-0.000621398
0.000506997
0.00172989
0.00201815
0.00429982
0.00250903
0.00923512
0.00643607
0.0277203
-0.0211966
-0.0107294
-0.0114322
-0.0110156
-0.0100055
-0.00882888
-0.00754491
-0.00617076
-0.00477682
-0.00340339
-0.00207981
-0.000770459
0.000413729
0.0017501
0.00268102
0.00482166
0.00652798
0.015016
0.0280987
0.064946
6.21748e-06
2.07789e-05
7.77053e-05
0.000167518
0.000289712
0.000441801
0.000620639
0.000822411
0.00104264
0.00127623
0.0015175
0.00176029
0.001998
0.00222385
0.00243097
0.00261271
0.00276289
0.00287604
0.0029494
0.00297119
-8.96656e-06
5.40736e-06
6.27127e-05
0.000152984
0.000275894
0.000428995
0.000609177
0.000812651
0.00103495
0.00127098
0.00151499
0.00176086
0.00200188
0.00223114
0.00244165
0.00262658
0.00277956
0.00289494
0.00296994
0.00299206
-6.72513e-05
-5.28521e-05
6.14508e-06
9.91692e-05
0.000225982
0.000384125
0.00057047
0.00078119
0.00101176
0.00125698
0.00151109
0.00176763
0.00201967
0.00226002
0.00248129
0.00267619
0.00283783
0.00296001
0.00303961
0.00306302
-0.000162915
-0.000148177
-8.63601e-05
1.12369e-05
0.000144491
0.000310924
0.000507368
0.000729932
0.000973987
0.00123419
0.00150453
0.00177838
0.00204837
0.0023068
0.00254566
0.00275691
0.00293282
0.00306626
0.00315348
0.00317936
-0.000298533
-0.000283277
-0.000217498
-0.000113466
2.88455e-05
0.00020693
0.000417562
0.000656756
0.000919747
0.001201
0.00149424
0.00179251
0.00208792
0.0023721
0.00263619
0.00287106
0.00306773
0.00321769
0.00331618
0.00334584
-0.000477013
-0.000461132
-0.000390256
-0.000277932
-0.000123921
6.92328e-05
0.000298237
0.000558991
0.000846569
0.00115522
0.00147835
0.00180866
0.00213765
0.00245611
0.0027541
0.00302106
0.00324625
0.00341918
0.00353349
0.00356865
-0.000702078
-0.000685556
-0.000608481
-0.000486022
-0.000317653
-0.000105951
0.000145714
0.000433114
0.000751149
0.00109383
0.00145426
0.00182481
0.00219632
0.00255868
0.00290061
0.00320978
0.0034731
0.00367722
0.00381335
0.00385638
-0.000978394
-0.00096135
-0.000877026
-0.000742623
-0.00055722
-0.000323421
-4.46829e-05
0.000274623
0.000629214
0.00101289
0.00141846
0.00183801
0.00226185
0.00267899
0.00307668
0.00344041
0.00375404
0.00400023
0.00416636
0.00422081
-0.00131162
-0.00129437
-0.00120185
-0.00105376
-0.000848629
-0.000589097
-0.000278727
7.79269e-05
0.00047539
0.000907307
0.00136633
0.00184408
0.00233087
0.00281504
0.00328239
0.00371591
0.00409565
0.00439879
0.00460654
0.00467808
-0.00170851
-0.00169168
-0.0015902
-0.00142676
-0.00119919
-0.000910155
-0.000563398
-0.000163748
0.000283075
0.000770598
0.0012916
0.00183707
0.00239818
0.0029629
0.00351609
0.00403826
0.00450485
0.00488586
0.00515223
0.00525062
-0.00217704
-0.00216171
-0.00205084
-0.00187052
-0.00161775
-0.0012952
-0.000906983
-0.000458395
4.44454e-05
0.000594876
0.00118572
0.001809
0.00245606
0.00311572
0.003773
0.00440684
0.00498759
0.00547665
0.00582723
0.00597053
-0.00272676
-0.00271466
-0.00259454
-0.00239597
-0.00211505
-0.0017545
-0.00131918
-0.000815215
-0.000249429
0.00037122
0.00103983
0.00174974
0.00249358
0.00326242
0.00404329
0.00481573
0.00554624
0.00618778
0.00666174
0.00688555
-0.00336794
-0.00336239
-0.0032346
-0.00301664
-0.00270428
-0.0023003
-0.00181109
-0.00124437
-0.00060823
8.98391e-05
0.00084335
0.00164689
0.00249588
0.00338592
0.00430922
0.00524984
0.0061736
0.00703428
0.0076924
0.00806833
-0.00412148
-0.00412409
-0.00398998
-0.00375039
-0.00340213
-0.00294716
-0.00239505
-0.0017564
-0.00104164
-0.000259309
0.000584608
0.00148628
0.00244384
0.00346144
0.00454082
0.00567753
0.00684143
0.00801886
0.00894498
0.00964523
-0.00494232
-0.005002
-0.00487608
-0.00461861
-0.00422959
-0.00371219
-0.00308405
-0.00236105
-0.00155779
-0.000684624
0.000253086
0.00125295
0.00231396
0.00345423
0.00468869
0.00603703
0.00747873
0.00912458
0.0104352
0.0118187
-0.00612181
-0.00608754
-0.00595887
-0.00566356
-0.00521714
-0.00461599
-0.0038911
-0.00306604
-0.00216148
-0.00119031
-0.000154621
0.000964826
0.00210289
0.00335596
0.0047461
0.00633697
0.0080947
0.0103844
0.0121782
0.0148729
-0.00693704
-0.00736857
-0.00722867
-0.00694079
-0.00641705
-0.0056917
-0.00483279
-0.00387734
-0.00285423
-0.00178289
-0.000678812
0.000437474
0.00164031
0.00291373
0.00426542
0.00594957
0.00753153
0.0108979
0.012829
0.0188423
-0.00936299
-0.00830725
-0.008647
-0.00815029
-0.00759704
-0.00678768
-0.00582128
-0.00473921
-0.0035883
-0.00239877
-0.00118382
6.70536e-05
0.00138605
0.0028326
0.00434551
0.0062536
0.00814285
0.0122965
0.01506
0.0243528
-0.00959901
-0.0123746
-0.0115489
-0.0112712
-0.0101881
-0.00881116
-0.00736972
-0.00593024
-0.00452577
-0.00316662
-0.0018632
-0.000613426
0.000515751
0.00173957
0.00202937
0.00431011
0.00251929
0.00924345
0.00643887
0.0277241
-0.0212115
-0.0107435
-0.0114435
-0.0110235
-0.0100099
-0.0088301
-0.00754363
-0.0061675
-0.00477207
-0.00339746
-0.00207285
-0.000762615
0.000422247
0.00175906
0.00269058
0.0048312
0.00653731
0.0150229
0.028104
0.0649476
5.81822e-06
2.03945e-05
7.7344e-05
0.000167184
0.000289408
0.000441524
0.000620384
0.000822172
0.00104241
0.001276
0.00151727
0.00176004
0.00199774
0.00222357
0.00243067
0.0026124
0.00276256
0.00287571
0.00294907
0.00297086
-9.39859e-06
4.99124e-06
6.23217e-05
0.000152624
0.000275566
0.000428697
0.000608905
0.000812397
0.00103471
0.00127074
0.00151475
0.00176061
0.00200162
0.00223086
0.00244135
0.00262626
0.00277923
0.0028946
0.0029696
0.00299172
-6.77483e-05
-5.33309e-05
5.6955e-06
9.87559e-05
0.000225608
0.000383787
0.000570164
0.00078091
0.0010115
0.00125673
0.00151083
0.00176736
0.00201939
0.00225972
0.00248097
0.00267585
0.00283748
0.00295965
0.00303923
0.00306265
-0.000163511
-0.00014875
-8.68981e-05
1.0744e-05
0.000144047
0.000310528
0.000507016
0.000729615
0.000973696
0.00123392
0.00150426
0.0017781
0.00204807
0.00230648
0.00254531
0.00275654
0.00293242
0.00306584
0.00315305
0.00317894
-0.000299265
-0.000283982
-0.000218156
-0.000114067
2.83102e-05
0.000206459
0.000417151
0.000656394
0.000919422
0.0012007
0.00149395
0.00179221
0.0020876
0.00237175
0.0026358
0.00287064
0.00306727
0.0032172
0.00331567
0.00334533
-0.000477926
-0.00046201
-0.000391074
-0.000278671
-0.000124572
6.86704e-05
0.000297756
0.00055858
0.000846211
0.00115489
0.00147804
0.00180835
0.00213731
0.00245574
0.00275367
0.00302057
0.0032457
0.00341858
0.00353287
0.00356802
-0.00070323
-0.000686662
-0.000609504
-0.000486936
-0.000318446
-0.000106622
0.000145157
0.000432654
0.000750765
0.0010935
0.00145395
0.0018245
0.00219598
0.00255828
0.00290014
0.00320923
0.00347245
0.00367649
0.00381257
0.00385557
-0.00097986
-0.000962752
-0.000878313
-0.000743758
-0.000558185
-0.000324216
-4.53185e-05
0.000274124
0.000628822
0.00101257
0.00141818
0.00183773
0.00226153
0.00267859
0.00307618
0.00343978
0.00375327
0.00399934
0.00416537
0.00421977
-0.0013135
-0.00129616
-0.00120348
-0.00105517
-0.000849799
-0.000590027
-0.000279434
7.74092e-05
0.000475021
0.000907042
0.00136612
0.00184387
0.00233062
0.0028147
0.0032819
0.00371524
0.00409477
0.0043977
0.00460528
0.00467674
-0.00171093
-0.00169397
-0.00159226
-0.00142851
-0.0012006
-0.000911226
-0.000564158
-0.000164245
0.000282783
0.000770447
0.00129151
0.00183702
0.00239808
0.00296269
0.00351569
0.00403759
0.00450387
0.00488456
0.00515067
0.00524892
-0.00218018
-0.00216465
-0.00205345
-0.00187269
-0.00161944
-0.00129641
-0.000907758
-0.000458808
4.43114e-05
0.000594936
0.0011859
0.00180921
0.00245624
0.00311577
0.0037728
0.00440628
0.00498659
0.00547515
0.00582531
0.00596836
-0.00273083
-0.00271846
-0.00259785
-0.00239865
-0.00211704
-0.00175583
-0.0013199
-0.00081545
-0.000249291
0.000371613
0.00104037
0.00175035
0.00249419
0.00326291
0.0040435
0.00481548
0.00554536
0.00618615
0.00665945
0.00688283
-0.00337326
-0.0033673
-0.00323879
-0.00301993
-0.0027066
-0.00230169
-0.00181167
-0.00124429
-0.00060766
9.07281e-05
0.000844406
0.00164803
0.00249712
0.00338713
0.00431015
0.00525019
0.00617311
0.00703268
0.00768978
0.00806497
-0.00412841
-0.00413043
-0.00399529
-0.00375441
-0.00340479
-0.00294855
-0.00239535
-0.00175582
-0.00104043
-0.000257723
0.000586308
0.00148797
0.00244591
0.00346371
0.00454288
0.00567894
0.00684172
0.00801757
0.0089422
0.00964113
-0.00495135
-0.00501016
-0.00488276
-0.00462349
-0.00423261
-0.00371349
-0.00308389
-0.00235974
-0.00155566
-0.000682075
0.000255525
0.00125475
0.00231707
0.00345802
0.00469249
0.00604015
0.0074805
0.00912409
0.0104326
0.0118137
-0.00613335
-0.00609791
-0.00596722
-0.00566944
-0.00522052
-0.00461709
-0.00389031
-0.00306376
-0.00215812
-0.00118634
-0.000151168
0.000963385
0.00210715
0.00336158
0.00475183
0.00634196
0.00809809
0.0103849
0.0121758
0.0148673
-0.00695168
-0.0073815
-0.00723899
-0.00694784
-0.00642079
-0.00569253
-0.00483123
-0.00387389
-0.00284927
-0.0017765
-0.000670216
0.000452486
0.00165106
0.00292395
0.00427595
0.00595938
0.00754039
0.0109023
0.0128295
0.0188369
-0.00938163
-0.00832408
-0.00866006
-0.00815909
-0.00760149
-0.00678838
-0.00581899
-0.00473463
-0.00358194
-0.00239087
-0.00117427
7.84646e-05
0.0013969
0.00284289
0.00435578
0.00626364
0.00815149
0.0123015
0.0150602
0.0243474
-0.00961879
-0.0123921
-0.0115637
-0.0112808
-0.0101927
-0.00881146
-0.00736664
-0.00592462
-0.00451824
-0.0031575
-0.00185253
-0.000601086
0.00052959
0.00175506
0.00204858
0.00432746
0.00253867
0.0092579
0.00644369
0.0277278
-0.0212377
-0.0107678
-0.0114624
-0.011036
-0.0100161
-0.008831
-0.00754051
-0.00616154
-0.00476407
-0.00338788
-0.00206188
-0.000750349
0.000435688
0.00177338
0.00270637
0.00484714
0.00655343
0.0150337
0.0281112
0.0649428
5.31415e-06
1.99159e-05
7.68985e-05
0.000166778
0.000289039
0.000441188
0.000620075
0.000821881
0.00104213
0.00127572
0.00151698
0.00175973
0.00199741
0.0022232
0.00243028
0.00261199
0.00276214
0.00287528
0.00294865
0.00297045
-9.95085e-06
4.46625e-06
6.18329e-05
0.000152177
0.000275162
0.000428332
0.000608571
0.000812086
0.00103441
0.00127045
0.00151445
0.0017603
0.00200128
0.00223049
0.00244095
0.00262585
0.0027788
0.00289417
0.00296917
0.00299131
-6.83887e-05
-5.39406e-05
5.12751e-06
9.82379e-05
0.000225141
0.000383368
0.000569786
0.000780563
0.00101117
0.00125641
0.00151051
0.00176703
0.00201903
0.00225933
0.00248055
0.00267541
0.00283702
0.00295918
0.00303877
0.00306219
-0.000164283
-0.000149486
-8.75835e-05
1.01204e-05
0.000143488
0.000310031
0.000506574
0.000729217
0.000973329
0.00123357
0.00150391
0.00177774
0.00204769
0.00230606
0.00254486
0.00275606
0.00293191
0.00306531
0.00315252
0.00317841
-0.000300216
-0.000284889
-0.000219
-0.000114831
2.76311e-05
0.000205863
0.000416629
0.000655934
0.000919008
0.00120031
0.00149357
0.00179182
0.00208719
0.0023713
0.0026353
0.00287009
0.00306667
0.00321657
0.00331503
0.0033447
-0.000479115
-0.000463145
-0.000392125
-0.000279617
-0.000125403
6.79524e-05
0.000297141
0.00055805
0.000845747
0.00115447
0.00147763
0.00180793
0.00213687
0.00245524
0.0027531
0.00301993
0.00324499
0.00341782
0.00353207
0.00356721
-0.000704732
-0.000688094
-0.000610823
-0.000488112
-0.000319464
-0.000107484
0.000144437
0.000432056
0.00075026
0.00109306
0.00145354
0.00182407
0.00219551
0.00255774
0.00289951
0.00320848
0.00347159
0.00367553
0.00381154
0.00385452
-0.000981774
-0.000964572
-0.000879977
-0.000745223
-0.000559431
-0.000325244
-4.61469e-05
0.000273465
0.000628295
0.00101213
0.00141779
0.00183733
0.00226108
0.00267804
0.00307549
0.00343892
0.00375223
0.00399813
0.00416404
0.0042184
-0.00131596
-0.00129849
-0.00120559
-0.001057
-0.000851317
-0.000591238
-0.000280364
7.67167e-05
0.000474513
0.000906658
0.00136581
0.00184356
0.00233025
0.00281419
0.0032812
0.00371428
0.00409354
0.0043962
0.00460357
0.00467493
-0.00171412
-0.00169697
-0.00159494
-0.00143079
-0.00120244
-0.000912628
-0.000565165
-0.00016492
0.000282363
0.000770199
0.00129135
0.00183689
0.00239788
0.00296233
0.00351506
0.0040366
0.00450246
0.00488271
0.00514846
0.00524651
-0.00218433
-0.00216854
-0.00205687
-0.00187553
-0.00162164
-0.00129799
-0.00090879
-0.00045938
4.40935e-05
0.000594962
0.00118607
0.00180941
0.00245638
0.00311573
0.00377243
0.00440541
0.00498507
0.00547295
0.00582251
0.00596519
-0.0027363
-0.00272353
-0.00260224
-0.00240217
-0.00211965
-0.00175756
-0.00132087
-0.000815783
-0.000249149
0.000372081
0.00104103
0.00175108
0.0024949
0.00326345
0.00404364
0.00481497
0.00554393
0.00618364
0.00665597
0.00687869
-0.00338049
-0.00337393
-0.0032444
-0.00302429
-0.00270965
-0.0023035
-0.00181242
-0.00124419
-0.000606927
9.18751e-05
0.000845782
0.00164953
0.0024987
0.00338862
0.00431123
0.00525046
0.00617211
0.00703004
0.00768562
0.0080596
-0.00413801
-0.0041391
-0.00400246
-0.00375976
-0.00340827
-0.00295031
-0.00239566
-0.001755
-0.00103879
-0.000255578
0.00058868
0.00149044
0.00244875
0.00346669
0.00454554
0.00568066
0.00684181
0.00801523
0.00893753
0.00963423
-0.00496413
-0.0050215
-0.00489191
-0.00463001
-0.00423649
-0.00371502
-0.00308347
-0.00235783
-0.00155271
-0.000678507
0.000259202
0.00125814
0.00232163
0.00346323
0.00469764
0.00604436
0.00748275
0.00912278
0.0104279
0.011805
-0.00615002
-0.00611259
-0.00597879
-0.0056773
-0.00522477
-0.00461819
-0.00388884
-0.00306036
-0.00215334
-0.00118074
-0.000145716
0.000965305
0.00211366
0.00336937
0.00475976
0.00634886
0.00810272
0.010385
0.0121712
0.0148566
-0.00697337
-0.00740011
-0.00725351
-0.00695727
-0.00642537
-0.00569299
-0.00482842
-0.00386865
-0.00284217
-0.00176776
-0.000659246
0.000469001
0.00166514
0.00293826
0.00429135
0.00597398
0.00755432
0.0109084
0.0128297
0.0188258
-0.0094102
-0.00834937
-0.00867914
-0.00817122
-0.00760707
-0.00678851
-0.00581492
-0.00472753
-0.00357266
-0.00237982
-0.00116145
9.31445e-05
0.00141151
0.00285719
0.00437058
0.00627847
0.00816475
0.0123085
0.0150595
0.0243357
-0.0096494
-0.0124177
-0.0115851
-0.0112935
-0.0101978
-0.00881038
-0.00736085
-0.00591553
-0.00450685
-0.00314432
-0.00183756
-0.000583958
0.000549314
0.00177736
0.00207859
0.00435394
0.00257161
0.00928072
0.00645051
0.0277308
-0.0212799
-0.0108059
-0.0114911
-0.0110535
-0.0100236
-0.00883082
-0.00753476
-0.00615198
-0.004752
-0.003374
-0.00204637
-0.000733128
0.000454829
0.00179414
0.00273028
0.0048717
0.0065789
0.0150487
0.028117
0.064924
4.73448e-06
1.93867e-05
7.64175e-05
0.000166349
0.000288657
0.000440843
0.000619755
0.000821576
0.00104183
0.00127541
0.00151664
0.00175937
0.001997
0.00222276
0.0024298
0.00261148
0.00276162
0.00287476
0.00294814
0.00296998
-1.06049e-05
3.86264e-06
6.12808e-05
0.000151682
0.000274721
0.000427935
0.000608209
0.000811748
0.00103409
0.00127012
0.00151411
0.00175993
0.00200087
0.00223005
0.00244048
0.00262535
0.00277828
0.00289366
0.00296867
0.00299085
-6.91585e-05
-5.46554e-05
4.4709e-06
9.76477e-05
0.000224615
0.000382899
0.000569363
0.000780175
0.0010108
0.00125605
0.00151014
0.00176664
0.00201861
0.00225888
0.00248006
0.00267489
0.00283648
0.00295864
0.00303824
0.00306171
-0.000165218
-0.00015036
-8.83878e-05
9.39703e-06
0.000142846
0.000309463
0.00050607
0.000728762
0.000972908
0.00123316
0.00150351
0.00177732
0.00204724
0.00230557
0.00254432
0.00275548
0.0029313
0.0030647
0.00315192
0.00317785
-0.000301371
-0.000285972
-0.000219998
-0.000115727
2.68402e-05
0.000205171
0.000416024
0.000655398
0.000918522
0.00119986
0.00149312
0.00179136
0.00208669
0.00237075
0.00263469
0.00286943
0.00306596
0.00321584
0.00331429
0.003344
-0.000480558
-0.000464502
-0.000393373
-0.000280732
-0.00012638
6.71087e-05
0.000296416
0.000557423
0.000845194
0.00115396
0.00147714
0.00180743
0.00213632
0.00245462
0.00275241
0.00301915
0.00324413
0.00341691
0.00353113
0.00356631
-0.000706555
-0.000689809
-0.000612394
-0.000489506
-0.00032067
-0.000108508
0.000143578
0.000431334
0.000749643
0.00109251
0.00145302
0.00182353
0.00219492
0.00255706
0.00289871
0.00320755
0.00347053
0.00367437
0.00381031
0.00385332
-0.000984099
-0.000966759
-0.000881967
-0.00074697
-0.000560916
-0.000326475
-4.7148e-05
0.000272657
0.000627632
0.00101157
0.00141726
0.00183679
0.00226047
0.00267731
0.00307459
0.00343782
0.00375092
0.00399663
0.00416241
0.00421675
-0.00131896
-0.0013013
-0.00120812
-0.00105919
-0.00085314
-0.0005927
-0.000281502
7.58478e-05
0.000473846
0.000906122
0.00136532
0.00184308
0.00232968
0.00281346
0.00328023
0.00371301
0.00409192
0.00439427
0.00460139
0.00467266
-0.00171802
-0.00170062
-0.00159819
-0.00143354
-0.00120466
-0.000914333
-0.000566414
-0.000165794
0.000281771
0.000769786
0.00129096
0.00183657
0.00239748
0.00296171
0.00351412
0.00403521
0.00450053
0.00488025
0.00514555
0.00524339
-0.00218948
-0.00217331
-0.00206105
-0.00187898
-0.00162431
-0.00129993
-0.000910088
-0.000460156
4.37091e-05
0.00059485
0.00118616
0.00180947
0.00245632
0.00311542
0.00377168
0.00440403
0.00498288
0.00546986
0.00581865
0.00596087
-0.00274315
-0.00272981
-0.00260763
-0.00240648
-0.00212283
-0.00175969
-0.00132209
-0.000816291
-0.00024913
0.000372478
0.00104164
0.00175176
0.00249551
0.00326378
0.00404342
0.0048139
0.00554166
0.00617991
0.00665093
0.0068727
-0.0033897
-0.00338226
-0.00325138
-0.00302965
-0.00271336
-0.00230571
-0.00181337
-0.00124415
-0.000606167
9.31186e-05
0.000847307
0.00165118
0.0025004
0.00339013
0.00431216
0.00525029
0.00617023
0.00702582
0.00767923
0.00805127
-0.00415055
-0.00415022
-0.0040115
-0.00376637
-0.00341247
-0.00295237
-0.00239599
-0.00175399
-0.00103684
-0.000253028
0.000591554
0.00149349
0.00245214
0.00347013
0.00454851
0.00568234
0.00684125
0.00801105
0.00892989
0.00962259
-0.00498139
-0.00503638
-0.00490363
-0.00463807
-0.00424105
-0.00371658
-0.00308268
-0.0023553
-0.00154896
-0.000674025
0.000263985
0.00126297
0.00232749
0.00346971
0.00470406
0.00604957
0.00748535
0.00911975
0.0104197
0.0117888
-0.00617331
-0.00613236
-0.00599384
-0.00568697
-0.00522943
-0.00461872
-0.00388628
-0.0030556
-0.00214706
-0.0011735
-0.000138339
0.000970258
0.00212234
0.00337929
0.00476997
0.00635784
0.00810889
0.0103836
0.0121626
0.0148346
-0.00700537
-0.0074257
-0.00727265
-0.00696853
-0.00642957
-0.00569178
-0.00482334
-0.0038609
-0.00283254
-0.00175652
-0.000645874
0.000487245
0.00168272
0.00295719
0.00431304
0.0059953
0.00757726
0.0109177
0.0128308
0.0187994
-0.00945514
-0.00838724
-0.00870591
-0.00818667
-0.00761225
-0.00678612
-0.00580731
-0.00471657
-0.00355955
-0.00236511
-0.00114512
0.00011129
0.00143024
0.00287624
0.00439148
0.00630063
0.00818727
0.0123202
0.0150609
0.0243059
-0.00969942
-0.0124532
-0.0116138
-0.0113058
-0.0101988
-0.00880316
-0.00734835
-0.00589998
-0.00448954
-0.00312569
-0.00181733
-0.000561157
0.000576425
0.0018082
0.0021263
0.00439523
0.00263635
0.00932178
0.00647233
0.0277236
-0.0213541
-0.0108685
-0.0115351
-0.0110768
-0.01003
-0.0088253
-0.00752227
-0.0061356
-0.00473353
-0.00335421
-0.00202513
-0.00070998
0.000481028
0.00182313
0.00276639
0.00491001
0.0066222
0.0150706
0.0281188
0.0648451
4.10873e-06
1.88443e-05
7.59335e-05
0.000165926
0.000288285
0.00044051
0.000619448
0.000821281
0.00104153
0.00127509
0.00151629
0.00175897
0.00199655
0.00222225
0.00242924
0.00261088
0.002761
0.00287416
0.00294756
0.00296947
-1.1347e-05
3.21184e-06
6.06968e-05
0.000151171
0.000274271
0.000427536
0.000607847
0.000811409
0.00103375
0.00126978
0.00151374
0.00175953
0.00200043
0.00222956
0.00243994
0.00262478
0.0027777
0.00289308
0.00296812
0.00299038
-7.00441e-05
-5.5443e-05
3.75943e-06
9.70203e-05
0.000224063
0.000382412
0.000568928
0.000779775
0.00101042
0.00125567
0.00150975
0.00176621
0.00201815
0.00225837
0.0024795
0.0026743
0.00283587
0.00295804
0.00303767
0.00306121
-0.000166302
-0.000151336
-8.92737e-05
8.61298e-06
0.000142157
0.000308859
0.000505535
0.00072828
0.000972459
0.00123273
0.00150307
0.00177685
0.00204673
0.00230502
0.00254372
0.00275483
0.00293063
0.00306404
0.00315127
0.00317728
-0.000302712
-0.000287189
-0.000221106
-0.000116708
2.59797e-05
0.00020442
0.000415367
0.000654816
0.000917993
0.00119936
0.00149262
0.00179084
0.00208613
0.00237013
0.00263401
0.00286868
0.00306517
0.00321504
0.00331351
0.00334329
-0.000482232
-0.000466029
-0.000394764
-0.000281963
-0.000127453
6.61814e-05
0.000295616
0.000556728
0.000844575
0.00115339
0.00147658
0.00180684
0.00213568
0.00245391
0.0027516
0.00301825
0.00324316
0.00341589
0.00353011
0.00356537
-0.000708665
-0.000691741
-0.000614151
-0.000491054
-0.000322007
-0.000109646
0.000142615
0.000430516
0.000748932
0.00109186
0.00145239
0.00182289
0.00219421
0.00255625
0.00289776
0.00320645
0.0034693
0.00367305
0.00380894
0.00385202
-0.000986791
-0.000969227
-0.000884202
-0.000748921
-0.000562577
-0.00032786
-4.82877e-05
0.000271719
0.000626847
0.00101088
0.00141661
0.00183612
0.00225971
0.0026764
0.00307348
0.00343649
0.00374936
0.00399488
0.00416054
0.00421492
-0.00132243
-0.00130449
-0.00121099
-0.00106165
-0.000855194
-0.000594364
-0.000282821
7.48145e-05
0.000473029
0.000905445
0.00136471
0.00184244
0.00232894
0.00281252
0.00327899
0.00371142
0.00408995
0.00439194
0.0045988
0.00467004
-0.00172257
-0.00170478
-0.00160188
-0.00143666
-0.00120718
-0.000916299
-0.000567886
-0.000166859
0.000281014
0.000769233
0.00129053
0.0018361
0.00239688
0.00296085
0.00351285
0.0040334
0.00449809
0.00487717
0.00514197
0.00523963
-0.00219552
-0.00217881
-0.00206585
-0.00188293
-0.00162739
-0.00130219
-0.000911639
-0.000461129
4.31738e-05
0.00059461
0.00118606
0.00180939
0.0024561
0.00311488
0.0037706
0.00440214
0.00497999
0.00546587
0.00581372
0.00595543
-0.00275129
-0.00273715
-0.00261389
-0.00241146
-0.00212651
-0.00176218
-0.00132357
-0.000816958
-0.000249181
0.000372798
0.00104216
0.00175233
0.00249598
0.00326392
0.00404296
0.00481228
0.00553851
0.0061749
0.00664424
0.00686477
-0.00340083
-0.00339215
-0.0032596
-0.00303589
-0.00271765
-0.00230827
-0.0018145
-0.00124418
-0.000605427
9.43469e-05
0.000848809
0.00165281
0.00250204
0.00339152
0.00431287
0.00524958
0.00616737
0.00701989
0.00767042
0.00803974
-0.00416601
-0.00416363
-0.00402228
-0.00377411
-0.00341729
-0.0029547
-0.00239632
-0.00175287
-0.00103474
-0.000250301
0.000594626
0.00149678
0.0024557
0.0034737
0.00455151
0.00568381
0.00683991
0.00800482
0.00891903
0.00960582
-0.00500329
-0.0050547
-0.00491781
-0.00464751
-0.00424615
-0.00371811
-0.00308149
-0.00235222
-0.00154464
-0.000668943
0.000269452
0.00126869
0.00233412
0.00347696
0.0047113
0.00605542
0.00748806
0.00911473
0.0104077
0.0117646
-0.0062036
-0.00615723
-0.00601236
-0.0056982
-0.00523435
-0.00461867
-0.00388258
-0.0030495
-0.00213944
-0.00116496
-0.000129555
0.000977357
0.00213253
0.00339073
0.00478196
0.00636849
0.00811637
0.0103803
0.0121495
0.0148012
-0.00704855
-0.00745819
-0.00729646
-0.00698137
-0.00643351
-0.00568894
-0.00481587
-0.00385052
-0.00282033
-0.00174292
-0.000630367
0.00050712
0.00170341
0.00298039
0.00434098
0.00602316
0.00760965
0.0109294
0.0128318
0.0187582
-0.00951806
-0.00843897
-0.00874181
-0.00820596
-0.00761799
-0.00678182
-0.00579635
-0.00470171
-0.00354253
-0.00234673
-0.00112534
0.000132821
0.00145306
0.00290011
0.0044188
0.00633035
0.00821942
0.0123354
0.0150541
0.0242603
-0.00977455
-0.0124991
-0.0116508
-0.0113195
-0.0101962
-0.00878997
-0.00732895
-0.00587758
-0.0044659
-0.00310131
-0.00179165
-0.000532626
0.000611173
0.00184684
0.00219327
0.00445073
0.00273639
0.00938041
0.00650604
0.027716
-0.0214618
-0.0109547
-0.0115936
-0.0111033
-0.0100339
-0.0088154
-0.00750391
-0.00611302
-0.00470912
-0.00332886
-0.0019984
-0.000680918
0.000514843
0.00186134
0.00281727
0.00496536
0.00668478
0.0150933
0.0280859
0.0646864
3.47797e-06
1.84625e-05
7.56429e-05
0.000165718
0.000288126
0.000440372
0.000619307
0.000821114
0.00104131
0.00127481
0.00151593
0.00175852
0.001996
0.00222161
0.00242851
0.00261007
0.00276016
0.00287334
0.0029468
0.00296895
-1.22497e-05
2.55314e-06
6.01426e-05
0.000150717
0.000273892
0.00042721
0.000607552
0.000811125
0.00103346
0.00126946
0.00151338
0.00175911
0.00199995
0.002229
0.00243932
0.00262411
0.00277701
0.00289243
0.00296754
0.00299006
-7.1157e-05
-5.62964e-05
3.02597e-06
9.64059e-05
0.000223541
0.00038196
0.000568526
0.000779403
0.00101006
0.0012553
0.00150935
0.00176578
0.00201765
0.00225781
0.00247889
0.00267363
0.00283519
0.00295741
0.00303711
0.00306093
-0.000167668
-0.00015242
-9.02214e-05
7.80563e-06
0.000141464
0.000308258
0.000505006
0.000727803
0.000972013
0.00123229
0.00150261
0.00177637
0.00204619
0.00230441
0.00254306
0.00275412
0.00292991
0.00306335
0.00315066
0.00317698
-0.000304379
-0.000288546
-0.000222305
-0.000117741
2.50885e-05
0.000203648
0.000414692
0.000654216
0.000917442
0.00119883
0.00149209
0.00179027
0.00208551
0.00236944
0.00263325
0.00286785
0.00306432
0.00321421
0.00331275
0.00334287
-0.000484278
-0.000467726
-0.000396274
-0.000283271
-0.000128584
6.5205e-05
0.00029477
0.000555984
0.000843902
0.00115275
0.00147595
0.00180617
0.00213495
0.00245309
0.00275068
0.00301724
0.00324208
0.00341482
0.0035291
0.00356472
-0.000711207
-0.000693883
-0.000616063
-0.000492711
-0.000323434
-0.000110868
0.000141568
0.000429608
0.000748123
0.00109111
0.00145165
0.00182211
0.00219335
0.00255526
0.00289663
0.00320517
0.0034679
0.00367161
0.00380753
0.00385101
-0.000989998
-0.000971963
-0.000886644
-0.000751029
-0.000564374
-0.000329377
-4.95658e-05
0.000270632
0.000625896
0.00101001
0.00141576
0.00183522
0.0022587
0.00267524
0.0030721
0.00343486
0.00374751
0.0039929
0.00415851
0.00421329
-0.00132655
-0.00130803
-0.00121413
-0.00106435
-0.000857452
-0.000596229
-0.000284351
7.35494e-05
0.000471953
0.000904476
0.00136375
0.00184145
0.00232781
0.00281117
0.00327733
0.00370937
0.0040875
0.00438919
0.00459586
0.00466747
-0.00172795
-0.00170944
-0.00160598
-0.00144011
-0.00121001
-0.000918558
-0.000569668
-0.000168268
0.000279868
0.000768236
0.00128954
0.0018351
0.00239571
0.00295938
0.00351092
0.00403087
0.00449488
0.00487333
0.00513768
0.00523554
-0.00220269
-0.00218502
-0.00207124
-0.00188735
-0.00163089
-0.00130487
-0.000913626
-0.00046259
4.20787e-05
0.000593734
0.00118531
0.00180854
0.00245505
0.00311344
0.00376852
0.00439916
0.00497588
0.00546055
0.00580743
0.00594892
-0.00276108
-0.00274558
-0.00262104
-0.00241714
-0.00213078
-0.00176522
-0.00132563
-0.000818274
-0.000249997
0.000372296
0.00104182
0.00175196
0.00249538
0.00326288
0.00404103
0.00480909
0.00553351
0.00616765
0.00663507
0.00685432
-0.00341455
-0.0034038
-0.00326915
-0.00304311
-0.0027227
-0.00231149
-0.0018163
-0.00124495
-0.000605483
9.47383e-05
0.000849408
0.00165344
0.00250252
0.00339156
0.00431188
0.00524687
0.00616195
0.00701038
0.00765725
0.00802255
-0.00418589
-0.00417996
-0.00403509
-0.00378314
-0.00342292
-0.00295761
-0.00239722
-0.00175235
-0.00103326
-0.000248259
0.000596956
0.00149924
0.0024583
0.00347611
0.00455298
0.0056832
0.00683563
0.00799349
0.00890123
0.00957708
-0.00503375
-0.00507811
-0.00493515
-0.00465849
-0.00425174
-0.00371967
-0.00308026
-0.00234915
-0.00154045
-0.000664121
0.000274577
0.00127406
0.00234032
0.00348377
0.00471815
0.00606062
0.00748943
0.00910377
0.0103868
0.0117167
-0.00624755
-0.00619028
-0.00603528
-0.00571056
-0.0052383
-0.00461678
-0.00387709
-0.00304195
-0.00213077
-0.00115571
-0.000120196
0.000985441
0.00214339
0.00340314
0.00479567
0.00638117
0.00812658
0.010372
0.012128
0.0147249
-0.00712091
-0.00750222
-0.00732564
-0.00699253
-0.00643162
-0.00567966
-0.00480271
-0.00383564
-0.00280474
-0.00172674
-0.000612775
0.000528705
0.00172727
0.00300875
0.00437893
0.00606408
0.00766832
0.0109518
0.0128486
0.01865
-0.00963569
-0.00852749
-0.0087927
-0.0082277
-0.0076165
-0.00676722
-0.00577495
-0.00467779
-0.00351829
-0.00232276
-0.00110104
0.000158621
0.00148141
0.00293185
0.0044601
0.00638162
0.00829335
0.012386
0.0150984
0.0241463
-0.00993957
-0.012551
-0.0116858
-0.0113008
-0.0101561
-0.00874188
-0.00728049
-0.00583256
-0.00442509
-0.00306381
-0.00175517
-0.000493678
0.000660598
0.00190081
0.00230962
0.00454934
0.00297836
0.00952929
0.00669495
0.0276487
-0.021716
-0.0111291
-0.0116953
-0.0111308
-0.0100158
-0.00877747
-0.0074589
-0.00606764
-0.0046664
-0.00328914
-0.00195961
-0.000641147
0.00056265
0.00191579
0.00290378
0.00506765
0.00682616
0.0151629
0.0279787
0.0640878
2.90335e-06
1.8111e-05
7.53842e-05
0.000165541
0.000287996
0.000440263
0.000619196
0.000820981
0.00104115
0.00127459
0.00151563
0.00175812
0.00199551
0.00222102
0.00242783
0.00260932
0.00275937
0.00287257
0.00294607
0.00296849
-1.3116e-05
1.95571e-06
5.964e-05
0.000150316
0.000273564
0.000426931
0.000607304
0.000810889
0.00103322
0.0012692
0.00151308
0.00175876
0.00199953
0.00222853
0.00243878
0.00262352
0.00277641
0.00289186
0.00296702
0.00298979
-7.22027e-05
-5.70503e-05
2.3715e-06
9.58643e-05
0.000223086
0.000381572
0.000568185
0.000779091
0.00100976
0.00125499
0.00150902
0.0017654
0.00201722
0.00225732
0.00247834
0.00267304
0.00283459
0.00295684
0.00303659
0.00306069
-0.000168945
-0.000153379
-9.10683e-05
7.08805e-06
0.00014085
0.000307729
0.000504544
0.00072739
0.000971628
0.00123191
0.00150222
0.00177594
0.00204572
0.00230388
0.00254247
0.00275349
0.00292925
0.00306273
0.0031501
0.00317671
-0.000305931
-0.000289746
-0.000223376
-0.000118661
2.42943e-05
0.000202961
0.000414095
0.000653686
0.000916956
0.00119836
0.00149161
0.00178977
0.00208496
0.00236883
0.00263256
0.0028671
0.00306353
0.00321346
0.00331205
0.0033425
-0.000486178
-0.000469229
-0.000397626
-0.00028444
-0.000129595
6.43319e-05
0.000294012
0.000555317
0.000843296
0.00115218
0.00147537
0.00180557
0.00213429
0.00245235
0.00274985
0.00301631
0.0032411
0.00341384
0.00352816
0.00356415
-0.000713563
-0.000695784
-0.000617778
-0.000494197
-0.000324715
-0.000111968
0.000140621
0.000428783
0.000747387
0.00109043
0.00145098
0.0018214
0.00219256
0.00255436
0.00289559
0.003204
0.00346661
0.00367028
0.00380622
0.00385009
-0.000992966
-0.000974397
-0.000888838
-0.000752924
-0.000565995
-0.000330752
-5.07307e-05
0.000269636
0.000625026
0.00100922
0.00141501
0.0018344
0.00225778
0.00267415
0.00307082
0.00343335
0.00374579
0.00399106
0.00415663
0.0042119
-0.00133035
-0.00131119
-0.00121697
-0.00106677
-0.000859498
-0.000597929
-0.000285755
7.2384e-05
0.00047096
0.000903595
0.00136294
0.00184054
0.00232677
0.0028099
0.00327577
0.00370745
0.00408521
0.00438661
0.00459311
0.00466525
-0.00173292
-0.0017136
-0.00160968
-0.00144323
-0.00121257
-0.000920624
-0.000571308
-0.000169572
0.000278799
0.000767288
0.00128863
0.00183414
0.00239461
0.00295799
0.0035091
0.00402848
0.00449185
0.00486971
0.00513363
0.00523199
-0.00220933
-0.0021906
-0.00207611
-0.00189137
-0.00163408
-0.00130732
-0.000915457
-0.00046394
4.10668e-05
0.000592915
0.00118449
0.00180775
0.00245408
0.00311208
0.00376655
0.00439633
0.00497197
0.00545549
0.00580144
0.00594303
-0.00277014
-0.00275318
-0.00262753
-0.00242229
-0.00213467
-0.00176801
-0.00132751
-0.000819476
-0.00025072
0.000371876
0.00104153
0.00175162
0.00249485
0.00326187
0.00403923
0.00480603
0.00552871
0.00616069
0.00662627
0.00684449
-0.00342728
-0.00341435
-0.00327786
-0.00304969
-0.0027273
-0.00231444
-0.00181794
-0.00124564
-0.000605541
9.50572e-05
0.000849927
0.00165396
0.00250294
0.0033915
0.00431092
0.0052442
0.00615668
0.00700119
0.00764465
0.00800632
-0.00420434
-0.00419477
-0.00404682
-0.00379138
-0.00342807
-0.00296028
-0.00239803
-0.00175188
-0.00103204
-0.000246645
0.000598735
0.00150107
0.00246025
0.00347792
0.00455413
0.00568234
0.00683131
0.00798243
0.00888437
0.00955
-0.00506228
-0.00509946
-0.00495124
-0.0046686
-0.0042569
-0.00372113
-0.00307914
-0.00234647
-0.00153693
-0.000660212
0.00027857
0.00127808
0.00234504
0.00348907
0.00472358
0.00606455
0.00748992
0.00909254
0.0103668
0.0116713
-0.00628956
-0.00622122
-0.00605703
-0.00572218
-0.00524218
-0.00461528
-0.00387221
-0.00303525
-0.00212323
-0.00114786
-0.000112578
0.000991836
0.00215212
0.00341318
0.00480668
0.00639086
0.00813469
0.0103631
0.0121089
0.0146539
-0.00719118
-0.00754327
-0.00735371
-0.00700235
-0.00643006
-0.00567101
-0.00479034
-0.00382174
-0.00279035
-0.00171203
-0.000596985
0.00054765
0.00174762
0.00303269
0.00441182
0.00609872
0.0077223
0.01097
0.012873
0.0185492
-0.00975217
-0.00861406
-0.00884509
-0.00825102
-0.00761768
-0.00675554
-0.00575621
-0.00465625
-0.00349622
-0.0023009
-0.00107883
0.000182364
0.00150826
0.00296206
0.00449997
0.00643002
0.00836967
0.0124385
0.0151641
0.0240485
-0.010142
-0.0126286
-0.0117276
-0.0112806
-0.0101134
-0.00869142
-0.00723083
-0.00578754
-0.00438516
-0.00302786
-0.00172084
-0.00045809
0.000705899
0.00194384
0.00242104
0.00463349
0.00324141
0.00966353
0.0071027
0.0274616
-0.0219507
-0.0112734
-0.011782
-0.0111427
-0.00999503
-0.00874292
-0.0074193
-0.00602847
-0.00462969
-0.00325467
-0.00192495
-0.00060429
0.000610509
0.00197394
0.00300015
0.00518137
0.00698006
0.0151973
0.0277056
0.063299
2.31194e-06
1.9002e-05
7.63972e-05
0.000166634
0.000289038
0.000441182
0.000619941
0.000821508
0.00104141
0.00127456
0.00151529
0.00175745
0.00199449
0.00221965
0.00242612
0.00260733
0.00275718
0.00287035
0.00294395
0.00296796
-1.52765e-05
1.32303e-06
5.91889e-05
0.000150059
0.0002734
0.000426817
0.000607213
0.000810798
0.0010331
0.00126902
0.00151282
0.00175839
0.00199904
0.00222789
0.002438
0.00262261
0.00277544
0.00289098
0.00296628
0.00299074
-7.47825e-05
-5.80073e-05
1.61754e-06
9.53336e-05
0.000222678
0.000381245
0.000567914
0.000778853
0.00100953
0.00125474
0.00150871
0.00176502
0.00201674
0.00225671
0.00247761
0.0026722
0.0028337
0.00295606
0.00303598
0.00306189
-0.000171956
-0.000154653
-9.21228e-05
6.2842e-06
0.000140196
0.000307184
0.000504084
0.000726989
0.000971258
0.00123154
0.00150182
0.00177549
0.00204518
0.00230324
0.00254171
0.00275262
0.00292835
0.00306195
0.0031495
0.00317809
-0.000309398
-0.000291325
-0.000224718
-0.000119725
2.34021e-05
0.000202199
0.000413433
0.000653099
0.000916414
0.00119783
0.00149106
0.00178917
0.00208427
0.00236803
0.00263164
0.00286607
0.00306245
0.00321251
0.00331131
0.00334397
-0.000490202
-0.000471169
-0.000399307
-0.00028581
-0.000130768
6.33084e-05
0.000293107
0.000554499
0.000842536
0.00115144
0.00147461
0.00180476
0.00213338
0.00245131
0.00274866
0.00301498
0.00323969
0.00341258
0.00352713
0.00356562
-0.000718314
-0.000698197
-0.000619903
-0.000495963
-0.000326251
-0.000113327
0.000139404
0.000427674
0.000746348
0.00108941
0.00144993
0.00182029
0.00219134
0.00255298
0.00289401
0.00320222
0.00346471
0.0036685
0.00380468
0.00385146
-0.000998683
-0.000977455
-0.000891565
-0.000755224
-0.000568011
-0.000332545
-5.2343e-05
0.000268161
0.000623639
0.00100787
0.00141367
0.00183294
0.00225616
0.00267231
0.0030687
0.00343094
0.00374315
0.00398848
0.00415428
0.00421292
-0.00133738
-0.00131515
-0.00122053
-0.0010698
-0.00086215
-0.000600279
-0.000287863
7.04564e-05
0.000469148
0.000901832
0.0013612
0.00183863
0.00232465
0.00280748
0.00327294
0.00370416
0.00408149
0.00438279
0.00458945
0.00466553
-0.00174177
-0.00171884
-0.0016144
-0.00144724
-0.00121606
-0.000923681
-0.000574023
-0.000172032
0.00027651
0.000765091
0.00128642
0.00183175
0.0023919
0.00295484
0.00350535
0.00402398
0.00448656
0.00486395
0.00512782
0.00523063
-0.00222078
-0.00219772
-0.00208249
-0.00189673
-0.00163865
-0.00131124
-0.000918878
-0.000466993
3.82407e-05
0.00059014
0.00118152
0.00180471
0.00245069
0.00310808
0.00376165
0.00439021
0.00496443
0.00544666
0.00579212
0.00593843
-0.00278547
-0.00276311
-0.00263627
-0.00242949
-0.00214062
-0.00177294
-0.00133167
-0.000823081
-0.000253982
0.000368747
0.00103835
0.00174813
0.00249085
0.00325702
0.00403303
0.00479787
0.00551802
0.00614701
0.0066111
0.00683279
-0.00344893
-0.00342875
-0.00329008
-0.00305935
-0.00273487
-0.00232038
-0.00182269
-0.00124957
-0.000608969
9.18284e-05
0.000846606
0.00165023
0.00249857
0.00338604
0.00430355
0.0052338
0.00614198
0.00697998
0.00761972
0.00797916
-0.00423594
-0.00421576
-0.00406383
-0.00380407
-0.00343718
-0.0029668
-0.00240274
-0.00175544
-0.00103493
-0.000249311
0.000595865
0.0014976
0.00245626
0.00347272
0.00454652
0.00567056
0.00681307
0.00795089
0.00884504
0.00948873
-0.00512042
-0.00513336
-0.00497645
-0.00468475
-0.00426652
-0.00372661
-0.00308202
-0.00234792
-0.00153764
-0.000660808
0.000277367
0.00127498
0.00234274
0.00348625
0.00471867
0.00605502
0.00747275
0.00904857
0.0103088
0.0115351
-0.00637082
-0.00627228
-0.0060899
-0.00573911
-0.00524786
-0.00461479
-0.00386868
-0.00303064
-0.00211847
-0.00114351
-0.000109636
0.00098859
0.00215595
0.00341832
0.00481197
0.00639207
0.00813487
0.0103171
0.0120558
0.0143929
-0.00738072
-0.00760157
-0.00739224
-0.00700316
-0.00641354
-0.00564928
-0.00476845
-0.00380195
-0.0027729
-0.00169613
-0.000580538
0.000571456
0.0017652
0.0030544
0.0044495
0.0061448
0.00782559
0.010992
0.0129676
0.0181232
-0.0101161
-0.00887647
-0.00894545
-0.00828925
-0.00760144
-0.00671868
-0.00571191
-0.00461324
-0.00345781
-0.00226738
-0.00104825
0.000212984
0.00154548
0.0030099
0.00458022
0.00654703
0.00864183
0.012702
0.015706
0.0238379
-0.0110224
-0.0125905
-0.0116227
-0.0109945
-0.00982641
-0.00844711
-0.00703744
-0.00563911
-0.00427076
-0.00293722
-0.00164316
-0.000385738
0.000800259
0.00202284
0.00269234
0.00485738
0.00417936
0.0102901
0.00918905
0.027118
-0.0230283
-0.0117813
-0.0120071
-0.0110732
-0.00984904
-0.00858787
-0.0072709
-0.00590004
-0.00452311
-0.00316613
-0.00184401
-0.000532003
0.000712194
0.00208202
0.00326811
0.00551641
0.00763597
0.0156817
0.0264787
0.0593283
)
;

boundaryField
{
    movingWall
    {
        type            zeroGradient;
    }
    fixedWalls
    {
        type            zeroGradient;
    }
}


// ************************************************************************* //
