/*--------------------------------*- C++ -*----------------------------------*\
  =========                 |
  \\      /  F ield         | OpenFOAM: The Open Source CFD Toolbox
   \\    /   O peration     | Website:  https://openfoam.org
    \\  /    A nd           | Version:  9
     \\/     M anipulation  |
\*---------------------------------------------------------------------------*/
FoamFile
{
    format      ascii;
    class       volScalarField;
    location    "4";
    object      p;
}
// * * * * * * * * * * * * * * * * * * * * * * * * * * * * * * * * * * * * * //

dimensions      [0 2 -2 0 0 0 0];

internalField   nonuniform List<scalar> 
8000
(
-5.90255e-09
-7.83516e-06
1.27402e-05
5.00478e-05
0.000106434
0.000181959
0.000276511
0.00038965
0.000520378
0.000667001
0.000826937
0.000996538
0.00117105
0.00134457
0.00151016
0.00166022
0.0017869
0.00188232
0.00194473
0.00195512
-6.86468e-07
-6.65867e-06
1.41112e-05
5.04033e-05
0.000105312
0.000179108
0.000271859
0.000383298
0.000512608
0.000658257
0.000817742
0.000987496
0.00116309
0.00133848
0.00150663
0.00165967
0.00178942
0.00188754
0.00195232
0.001963
-2.83412e-05
-3.48859e-05
-1.44378e-05
2.10912e-05
7.52364e-05
0.000148478
0.000241135
0.00035321
0.000484161
0.000632705
0.000796674
0.000972835
0.00115647
0.00134146
0.00152036
0.00168467
0.00182522
0.00193236
0.00200367
0.00201563
-7.41201e-05
-8.18686e-05
-6.22664e-05
-2.79755e-05
2.50282e-05
9.75124e-05
0.000190174
0.000303437
0.000437203
0.000590633
0.000761896
0.000947975
0.00114461
0.00134541
0.00154228
0.00172549
0.00188434
0.00200695
0.00208962
0.00210484
-0.000141318
-0.000150852
-0.000132581
-0.000100045
-4.85978e-05
2.28942e-05
0.000115634
0.000230618
0.000368365
0.000528667
0.00071029
0.000910655
0.00112582
0.00134925
0.00157224
0.0017836
0.00197021
0.00211675
0.00221718
0.00223804
-0.000230477
-0.000242422
-0.000226098
-0.000196126
-0.000147055
-7.72911e-05
1.50173e-05
0.000131613
0.000273836
0.00044234
0.000636732
0.00085513
0.00109443
0.00134801
0.00160657
0.00185723
0.00208367
0.00226552
0.0023927
0.00242304
-0.000342132
-0.000357234
-0.000343702
-0.000317502
-0.000272162
-0.00020552
-0.000114918
2.32448e-06
0.000148603
0.00032573
0.000534503
0.000773937
0.00104275
0.00133425
0.00163909
0.00194268
0.00222484
0.00245805
0.00262518
0.00267173
-0.00047682
-0.000495991
-0.000486389
-0.000465658
-0.000426056
-0.000364742
-0.000278079
-0.000162256
-1.35711e-05
0.000171298
0.000394967
0.000659047
0.000960063
0.00129685
0.00165974
0.00203277
0.00239156
0.00269934
0.00292638
0.00300173
-0.000635004
-0.000659361
-0.000655172
-0.000642181
-0.000611084
-0.000558257
-0.00047892
-0.000367942
-0.000220112
-3.03388e-05
0.00020602
0.000492527
0.000830323
0.00121929
0.00165239
0.00211414
0.00257651
0.00299295
0.00331065
0.0034391
-0.000817064
-0.000847971
-0.000851029
-0.000848694
-0.000829719
-0.0007896
-0.000722265
-0.00062113
-0.000479313
-0.000289733
-4.52719e-05
0.000260853
0.000634763
0.00107855
0.00159199
0.00216313
0.00276248
0.00333669
0.00379335
0.00402422
-0.00102333
-0.00106243
-0.00107487
-0.0010868
-0.00108446
-0.00106238
-0.00101307
-0.000928433
-0.000799917
-0.000618448
-0.00037428
-5.69455e-05
0.00034545
0.000840862
0.00144006
0.00213911
0.00291347
0.00371303
0.00438291
0.00481961
-0.00125438
-0.00130364
-0.00132763
-0.00135811
-0.00137775
-0.00138009
-0.00135609
-0.00129613
-0.00119018
-0.00102745
-0.000795716
-0.000480362
-6.34313e-05
0.0004758
0.00114801
0.00197879
0.00296033
0.00407172
0.00505304
0.00593358
-0.0015107
-0.00157269
-0.00161018
-0.00166439
-0.00171202
-0.00174599
-0.00175553
-0.00172956
-0.00165713
-0.0015268
-0.00132575
-0.00103813
-0.000643172
-0.000108528
0.000607854
0.00154805
0.00275291
0.00428971
0.00572029
0.00749738
-0.00179906
-0.0018718
-0.00192235
-0.0020038
-0.00208667
-0.00216158
-0.0022143
-0.00223201
-0.00220376
-0.00211856
-0.00196348
-0.00172147
-0.00136654
-0.000852631
-8.04453e-05
0.000872949
0.00220068
0.00418765
0.00613834
0.00956077
-0.00211809
-0.00224871
-0.00229546
-0.0024325
-0.0025455
-0.00265405
-0.0027454
-0.0028086
-0.00283296
-0.00280936
-0.00273034
-0.00258719
-0.00236756
-0.00205023
-0.00160055
-0.000750569
0.000414759
0.00297015
0.00538067
0.0117501
-0.00251558
-0.0024591
-0.00254394
-0.00266419
-0.00285005
-0.00304998
-0.00323992
-0.00339444
-0.00349828
-0.00354569
-0.00354017
-0.00348678
-0.00339162
-0.00324708
-0.00302689
-0.00254623
-0.00188471
0.000670764
0.00216456
0.0121607
-0.0028167
-0.00335493
-0.00328725
-0.00365314
-0.00379263
-0.00398027
-0.00414125
-0.0042761
-0.00438264
-0.00446001
-0.00452245
-0.00459275
-0.00470784
-0.00492967
-0.00532653
-0.00560403
-0.00697042
-0.00519405
-0.00569382
0.0101304
-0.00438486
-0.00304148
-0.00321015
-0.00320585
-0.00353944
-0.00390742
-0.00428867
-0.00461851
-0.00488247
-0.00506543
-0.00521226
-0.00534343
-0.00556978
-0.00593691
-0.00685805
-0.00765442
-0.0111427
-0.0103072
-0.0114849
0.0115353
-0.00318324
-0.00554252
-0.00490013
-0.00566647
-0.00564749
-0.00587092
-0.0060104
-0.00612305
-0.00621953
-0.00627578
-0.00632738
-0.0064645
-0.00667731
-0.0073376
-0.0088573
-0.0104088
-0.0166377
-0.0170557
-0.0156446
0.022414
-0.0152189
-0.00320271
-0.0032032
-0.00342137
-0.0038423
-0.00438965
-0.00497071
-0.00541433
-0.00581075
-0.00599206
-0.00622722
-0.00630511
-0.00667261
-0.00698341
-0.00811503
-0.00847985
-0.00922668
-0.000371896
0.0219934
0.0891638
-1.85951e-06
-1.03517e-05
1.0692e-05
4.79722e-05
0.000104509
0.000180295
0.000275207
0.000388811
0.000520132
0.000667455
0.000828168
0.000998654
0.00117415
0.00134872
0.00151538
0.00166641
0.00179383
0.00188941
0.0019517
0.00195805
3.49375e-06
-5.13109e-06
1.57078e-05
5.16778e-05
0.000106406
0.000180069
0.000272725
0.000384123
0.000513464
0.000659231
0.000818953
0.000989072
0.0011651
0.00134103
0.00150977
0.00166339
0.00179356
0.00189161
0.00195626
0.00196272
-2.26655e-05
-3.25043e-05
-1.21766e-05
2.29159e-05
7.68102e-05
0.000149861
0.000242369
0.000354354
0.000485295
0.000633932
0.000798095
0.000974597
0.00115868
0.00134425
0.00152383
0.0016888
0.00182986
0.00193695
0.00200815
0.00201552
-6.72292e-05
-7.85644e-05
-5.91479e-05
-2.53699e-05
2.73187e-05
9.95495e-05
0.000192001
0.000305112
0.000438812
0.000592285
0.000763726
0.000950167
0.00114728
0.00134872
0.00154632
0.00173031
0.00188978
0.00201238
0.00209494
0.00210499
-0.000133426
-0.000146816
-0.000128742
-9.67579e-05
-4.56549e-05
2.55611e-05
0.000118073
0.000232897
0.00037058
0.000530944
0.000712792
0.000913601
0.00112934
0.00135357
0.0015775
0.00178988
0.00197735
0.00212403
0.00222439
0.00223938
-0.000221489
-0.000237605
-0.000221464
-0.000192069
-0.000143359
-7.38794e-05
1.82025e-05
0.000134651
0.000276838
0.000445454
0.000640161
0.000859183
0.00109922
0.00135386
0.00161373
0.00186583
0.00209359
0.00227591
0.00240317
0.00242677
-0.000331802
-0.000351453
-0.000338076
-0.000312482
-0.000267519
-0.000201172
-0.000110795
6.31947e-06
0.000152601
0.000329908
0.000539117
0.000779579
0.00104924
0.00134223
0.00164899
0.0019548
0.00223912
0.00247352
0.00264113
0.00267996
-0.000464792
-0.000488967
-0.000479487
-0.000459405
-0.000420209
-0.000359213
-0.000272785
-0.000157077
-8.3485e-06
0.000176761
0.000400838
0.000665085
0.000968538
0.00130767
0.00167349
0.0020501
0.00241266
0.00272317
0.00295167
0.00301863
-0.000620794
-0.000650701
-0.000646601
-0.000634333
-0.000603707
-0.000551256
-0.000472191
-0.000361334
-0.000213412
-2.32594e-05
0.000213825
0.000501656
0.000841731
0.0012339
0.00167147
0.00213907
0.00260825
0.00303076
0.00335226
0.00347431
-0.000800003
-0.000837119
-0.000840249
-0.000838769
-0.000820397
-0.000780783
-0.00071382
-0.000612854
-0.00047091
-0.000280759
-3.50177e-05
0.000273451
0.00064931
0.00109776
0.00161809
0.00219889
0.00281057
0.00339827
0.00386388
0.00409892
-0.00100244
-0.00104856
-0.00106111
-0.00107414
-0.00107266
-0.00105134
-0.00100263
-0.000918321
-0.000789744
-0.000607659
-0.000362099
-4.24125e-05
0.000362938
0.000865861
0.00147518
0.00218984
0.00298592
0.00381398
0.00450527
0.00498251
-0.00122814
-0.00128549
-0.00130972
-0.00134174
-0.00136275
-0.00136637
-0.00134342
-0.00128414
-0.00117835
-0.00101504
-0.000781664
-0.000462966
-3.91001e-05
0.000501185
0.00118968
0.00204569
0.00306471
0.00423212
0.00526285
0.00629718
-0.00147609
-0.00154816
-0.00158634
-0.00164315
-0.00169306
-0.00172918
-0.00174058
-0.00171598
-0.00164422
-0.0015137
-0.00131137
-0.00102137
-0.000623962
-8.45559e-05
0.000656985
0.00163492
0.00289955
0.00453793
0.00605213
0.00829294
-0.00175182
-0.00183433
-0.0018874
-0.00197238
-0.00206026
-0.00213997
-0.00219682
-0.00221749
-0.00219085
-0.00210574
-0.00194885
-0.00170227
-0.00133772
-0.000809193
-6.10013e-05
0.00094716
0.00234151
0.00449505
0.00652979
0.0109846
-0.00204862
-0.00220769
-0.00225393
-0.00240273
-0.00252119
-0.00263523
-0.00273103
-0.00279793
-0.0028251
-0.00280303
-0.00272431
-0.00257952
-0.00235562
-0.00202653
-0.00153931
-0.000750273
0.000441111
0.00311976
0.00517144
0.0131981
-0.00239943
-0.00235956
-0.00245617
-0.00258476
-0.00278974
-0.00300585
-0.00321138
-0.00337819
-0.00349163
-0.00354423
-0.00353986
-0.00348422
-0.00338491
-0.0032389
-0.00303159
-0.00261853
-0.00225171
8.86209e-05
-0.000581334
0.0115437
-0.00256865
-0.00320965
-0.00318386
-0.00360985
-0.00377242
-0.00398763
-0.00416545
-0.00431253
-0.00442644
-0.00450655
-0.00456732
-0.00463557
-0.00474835
-0.00499593
-0.00546976
-0.00594417
-0.00822306
-0.00711624
-0.0110055
0.00637729
-0.00407017
-0.0028309
-0.00299157
-0.00300605
-0.00340512
-0.00383223
-0.00426726
-0.00463707
-0.00493101
-0.00512699
-0.00527751
-0.00539888
-0.00561735
-0.00599302
-0.00703723
-0.00813712
-0.0126402
-0.0135997
-0.0172449
0.00839351
-0.00157328
-0.00479028
-0.00448901
-0.0055635
-0.00568928
-0.00604484
-0.00626896
-0.00643205
-0.00654606
-0.0065994
-0.00659444
-0.006713
-0.0068114
-0.00742588
-0.00913099
-0.01063
-0.0180637
-0.0205153
-0.0177332
0.0236791
-0.0141907
-0.00237821
-0.0024034
-0.00295234
-0.00360572
-0.00427282
-0.00495822
-0.00547167
-0.0059489
-0.00611554
-0.00638066
-0.00639862
-0.00676499
-0.00705108
-0.00820497
-0.00885743
-0.00904511
-0.00055652
0.0286407
0.104986
-1.47394e-06
-1.00427e-05
1.12642e-05
4.85678e-05
0.000105129
0.000180967
0.000275972
0.000389724
0.000521253
0.000668864
0.000829974
0.00100095
0.00117701
0.00135217
0.00151944
0.00167102
0.00179887
0.00189462
0.00195694
0.00196227
5.53253e-06
-3.63037e-06
1.72821e-05
5.31399e-05
0.000107789
0.000181396
0.000274032
0.000385458
0.000514891
0.000660825
0.000820807
0.000991286
0.00116775
0.00134418
0.00151346
0.00166758
0.00179814
0.00189634
0.00196103
0.00196649
-1.97716e-05
-3.03884e-05
-1.01131e-05
2.47922e-05
7.85588e-05
0.000151512
0.000243962
0.000355946
0.00048696
0.000635759
0.000800184
0.000977064
0.00116163
0.00134776
0.00152796
0.00169354
0.00183509
0.0019424
0.0020137
0.00201996
-6.3513e-05
-7.57488e-05
-5.64531e-05
-2.29267e-05
2.95853e-05
0.000101677
0.000194034
0.000307115
0.000440864
0.000594491
0.000766207
0.000953073
0.00115074
0.00135285
0.00155122
0.00173599
0.00189613
0.00201911
0.00210186
0.00211073
-0.000128919
-0.000143307
-0.00012539
-9.37057e-05
-4.28197e-05
2.82227e-05
0.000120615
0.000235392
0.000373125
0.000533665
0.000715843
0.000917168
0.0011336
0.0013587
0.00158367
0.00179713
0.00198562
0.00213295
0.00223371
0.00224742
-0.00021608
-0.000233296
-0.000217336
-0.00018829
-0.000139839
-7.05712e-05
2.13609e-05
0.000137747
0.000279988
0.000448814
0.000643928
0.000863609
0.00110455
0.00136038
0.0016217
0.00187541
0.00210475
0.00228825
0.00241632
0.00243859
-0.000325278
-0.000346148
-0.000332979
-0.000307793
-0.000263147
-0.000197068
-0.000106888
1.0133e-05
0.000156464
0.00033401
0.000543707
0.000785007
0.00105587
0.00135051
0.00165937
0.00196762
0.00225449
0.00249102
0.00266024
0.00269794
-0.000456833
-0.000482372
-0.00047314
-0.000453554
-0.000414765
-0.000354129
-0.000267981
-0.000152431
-3.68565e-06
0.000181666
0.00040624
0.000671223
0.00097656
0.00131805
0.00168691
0.00206724
0.00243396
0.00274835
0.00297994
0.00304674
-0.000610942
-0.000642396
-0.000638609
-0.000626973
-0.000596902
-0.000544967
-0.000466329
-0.000355752
-0.000207891
-1.75068e-05
0.000220139
0.000508338
0.000851267
0.00124659
0.00168846
0.00216167
0.00263757
0.00306707
0.00339441
0.00351904
-0.0007876
-0.000826495
-0.000830049
-0.000829422
-0.000811848
-0.000773011
-0.000706731
-0.000606272
-0.000464561
-0.00027425
-2.77623e-05
0.000282781
0.000660112
0.0011125
0.00163878
0.00222784
0.00285013
0.00345017
0.00392663
0.00417167
-0.000986507
-0.00103471
-0.00104788
-0.00106212
-0.00106185
-0.00104174
-0.000994143
-0.000910737
-0.000782734
-0.000600756
-0.000354666
-3.35924e-05
0.000373986
0.0008818
0.00149881
0.00222508
0.0030372
0.00388605
0.00459667
0.00510175
-0.0012072
-0.00126705
-0.00129222
-0.00132606
-0.00134894
-0.00135449
-0.00133336
-0.00127564
-0.00117101
-0.00100831
-0.000774775
-0.000454889
-2.87417e-05
0.000515899
0.00121329
0.00208447
0.00312637
0.00432686
0.00539127
0.0064934
-0.00144777
-0.00152305
-0.00156272
-0.0016224
-0.00167525
-0.00171443
-0.00172879
-0.00170683
-0.0016372
-0.00150813
-0.00130645
-0.0010161
-0.000616454
-7.19287e-05
0.00067589
0.00167099
0.002965
0.00465389
0.00621657
0.00860872
-0.00171242
-0.00179838
-0.00185403
-0.00194318
-0.00203601
-0.00212096
-0.00218291
-0.00220807
-0.00218507
-0.00210248
-0.00194696
-0.00170044
-0.00133196
-0.000777714
-5.10146e-05
0.000968915
0.00238793
0.00460533
0.00669176
0.0114241
-0.00199261
-0.0021602
-0.00220971
-0.00236761
-0.00249318
-0.00261456
-0.00271727
-0.00279049
-0.00282315
-0.00280541
-0.00272995
-0.00258796
-0.00236909
-0.00206656
-0.00155594
-0.000776384
0.000408755
0.00313485
0.00512481
0.0135862
-0.00231832
-0.00228776
-0.00238862
-0.00252541
-0.00274182
-0.00297009
-0.00318858
-0.00336743
-0.00349064
-0.00355088
-0.00355212
-0.00350079
-0.00340671
-0.00327164
-0.00307967
-0.00270657
-0.00242076
-0.000134946
-0.00104884
0.0113713
-0.00242319
-0.00308232
-0.00307855
-0.00353069
-0.00371607
-0.00395353
-0.00415414
-0.0043197
-0.00444744
-0.00453693
-0.00460354
-0.00467666
-0.0047955
-0.00506256
-0.00557962
-0.00613174
-0.00866383
-0.00791099
-0.0117577
0.00555577
-0.00392833
-0.00270843
-0.0028604
-0.00288849
-0.00331118
-0.00376819
-0.00423463
-0.00463247
-0.00494995
-0.00516137
-0.00532165
-0.00544623
-0.00566957
-0.00605718
-0.00715261
-0.00839718
-0.0131031
-0.0149399
-0.0179379
0.00814539
-0.00113308
-0.00441845
-0.00419614
-0.00533486
-0.00553137
-0.00596875
-0.0062628
-0.00648071
-0.00663318
-0.0067096
-0.00670325
-0.00682291
-0.00689442
-0.00750994
-0.00929273
-0.0108754
-0.0185593
-0.0213087
-0.0166781
0.0255368
-0.013946
-0.00208879
-0.00210139
-0.00271668
-0.00344404
-0.00417614
-0.00492476
-0.00548089
-0.00599949
-0.00617833
-0.00645394
-0.00645867
-0.00681847
-0.0071311
-0.00824594
-0.00896183
-0.0086074
0.000298033
0.0321852
0.110247
-1.06817e-07
-9.01517e-06
1.23268e-05
4.95748e-05
0.000106128
0.000182007
0.000277109
0.000391023
0.000522787
0.00067072
0.000832234
0.0010037
0.00118031
0.00135609
0.00152397
0.00167613
0.00180441
0.00190038
0.00196277
0.00196751
7.8057e-06
-1.78651e-06
1.90868e-05
5.48247e-05
0.000109398
0.000182968
0.000275613
0.00038711
0.000516687
0.000662852
0.00082316
0.000994058
0.00117102
0.00134803
0.00151789
0.00167258
0.00180358
0.001902
0.00196677
0.00197158
-1.68431e-05
-2.79852e-05
-7.81858e-06
2.69053e-05
8.05517e-05
0.000153431
0.000245861
0.000357891
0.000489031
0.000638055
0.000802812
0.00098014
0.00116526
0.00135203
0.00153292
0.00169918
0.0018413
0.00194893
0.00202038
0.00202594
-5.98181e-05
-7.26477e-05
-5.35101e-05
-2.02208e-05
3.21216e-05
0.000104094
0.00019639
0.000309484
0.000443343
0.000597193
0.000769267
0.000956641
0.00115496
0.00135786
0.00155711
0.00174276
0.0019037
0.00202719
0.00211025
0.00211841
-0.000124412
-0.000139453
-0.000121731
-9.0334e-05
-3.96633e-05
3.12181e-05
0.000123515
0.000238284
0.000376122
0.00053691
0.000719506
0.000921448
0.0011387
0.00136484
0.00159099
0.00180573
0.00199541
0.0021436
0.00224497
0.00225803
-0.000210624
-0.000228553
-0.000212823
-0.000184118
-0.000135934
-6.68755e-05
2.49217e-05
0.000141275
0.00028362
0.000452727
0.000648343
0.0008688
0.00111081
0.00136804
0.00163104
0.00188663
0.00211784
0.00230285
0.00243204
0.00245385
-0.000318639
-0.000340295
-0.000327398
-0.000302623
-0.000258315
-0.000192515
-0.000102531
1.44135e-05
0.000160835
0.00033869
0.000548981
0.000791246
0.00106353
0.0013601
0.00167137
0.00198244
0.00227229
0.00251147
0.00268276
0.00272054
-0.000448669
-0.000475084
-0.000466184
-0.000447112
-0.000408771
-0.000348527
-0.000262679
-0.000147287
1.50192e-06
0.000187167
0.000412399
0.000678501
0.000985762
0.0013299
0.00170222
0.00208679
0.00245829
0.00277733
0.00301277
0.00308096
-0.000600767
-0.000633211
-0.00062985
-0.000618887
-0.000589436
-0.000538078
-0.000459917
-0.000349649
-0.000201847
-1.11797e-05
0.000227196
0.000516744
0.000862054
0.00126087
0.00170758
0.00218714
0.00267068
0.00310833
0.00344279
0.00357198
-0.000774713
-0.00081475
-0.000818881
-0.000819177
-0.000802505
-0.000764546
-0.000699039
-0.000599151
-0.000457705
-0.000267215
-1.99121e-05
0.000292345
0.000672227
0.00112894
0.00166181
0.00226011
0.00289437
0.0035086
0.00399828
0.00425528
-0.000969887
-0.00101944
-0.00103343
-0.001049
-0.00105008
-0.00103134
-0.000984996
-0.00090261
-0.000775259
-0.000593408
-0.00034672
-2.40585e-05
0.000386394
0.000899255
0.0015248
0.002264
0.00309428
0.00396708
0.00470178
0.00523785
-0.00118529
-0.00124682
-0.00127321
-0.00130903
-0.00133399
-0.00134168
-0.00132259
-0.00126663
-0.0011633
-0.00100129
-0.000767673
-0.000446677
-1.79725e-05
0.000531379
0.00123921
0.0021273
0.00319511
0.00443391
0.00554173
0.00671757
-0.00141825
-0.00149573
-0.00153724
-0.0016
-0.0016561
-0.00169866
-0.00171629
-0.00169723
-0.00162993
-0.00150252
-0.00130185
-0.00101168
-0.000611751
-6.70778e-05
0.000693619
0.00170798
0.00303507
0.00478232
0.0064151
0.00897168
-0.00167154
-0.00176006
-0.00181868
-0.00191237
-0.00201047
-0.00210104
-0.00216843
-0.00219839
-0.00217923
-0.0020997
-0.00194632
-0.00170125
-0.00133577
-0.000805262
-4.97921e-05
0.000986447
0.0024353
0.0047244
0.00690564
0.0119518
-0.00193556
-0.00211078
-0.00216391
-0.00233102
-0.00246404
-0.0025932
-0.00270309
-0.00278293
-0.00282146
-0.00280883
-0.00273776
-0.00259942
-0.00238147
-0.00205772
-0.00158437
-0.000821388
0.000358721
0.003124
0.00517454
0.0141293
-0.00223339
-0.00220952
-0.00231689
-0.00246363
-0.00269263
-0.00293448
-0.00316609
-0.00335722
-0.00349113
-0.00356009
-0.00356853
-0.00352394
-0.00343804
-0.00331542
-0.00315886
-0.00284113
-0.00266424
-0.000470161
-0.00153407
0.0114572
-0.00228996
-0.00297725
-0.00298389
-0.00346437
-0.00366897
-0.00393085
-0.00414696
-0.00432717
-0.00446734
-0.00456667
-0.00464154
-0.004724
-0.004857
-0.00515534
-0.00573918
-0.00641019
-0.00921945
-0.00885445
-0.0128445
0.00500773
-0.00375541
-0.00255926
-0.00271882
-0.00276929
-0.00321836
-0.00370469
-0.00420121
-0.00462605
-0.00496674
-0.00519475
-0.00536783
-0.00550281
-0.00574398
-0.00616648
-0.00735341
-0.00876631
-0.0138452
-0.0163355
-0.0191845
0.00777219
-0.000814587
-0.00420864
-0.00399847
-0.00520301
-0.00544327
-0.00592685
-0.00626147
-0.00651479
-0.00669587
-0.00679142
-0.00679056
-0.00691959
-0.00698419
-0.00763014
-0.00950007
-0.0111958
-0.0193481
-0.0223917
-0.0172807
0.0269642
-0.0135988
-0.00175651
-0.00179075
-0.00246575
-0.00326641
-0.0040652
-0.00487292
-0.00547414
-0.00603764
-0.00623678
-0.00652655
-0.00653678
-0.00689912
-0.00723794
-0.00836961
-0.00913599
-0.00874585
0.00022697
0.0330322
0.113952
1.56039e-06
-7.45601e-06
1.38852e-05
5.10987e-05
0.000107639
0.00018353
0.000278684
0.000392706
0.000524644
0.000672826
0.000834671
0.00100654
0.00118364
0.00135994
0.00152837
0.00168105
0.00180977
0.00190601
0.00196857
0.00197316
9.85829e-06
1.13587e-07
2.09574e-05
5.66277e-05
0.000111158
0.000184712
0.000277382
0.000388959
0.000518683
0.000665075
0.000825697
0.000996999
0.00117445
0.00135199
0.00152243
0.00167766
0.00180914
0.00190787
0.00197285
0.00197753
-1.43583e-05
-2.56881e-05
-5.58637e-06
2.90347e-05
8.26082e-05
0.000155447
0.000247882
0.000359977
0.000491261
0.000640519
0.000805613
0.000983385
0.00116905
0.00135645
0.00153803
0.00170496
0.00184769
0.00195575
0.0020275
0.00203295
-5.67505e-05
-6.97975e-05
-5.07595e-05
-1.76136e-05
3.46182e-05
0.000106515
0.000198788
0.000311929
0.000445924
0.00060002
0.000772468
0.000960358
0.00115934
0.00136303
0.00156315
0.00174971
0.00191149
0.00203563
0.00211916
0.00212728
-0.00012065
-0.000135939
-0.000118349
-8.71386e-05
-3.6621e-05
3.41457e-05
0.000126386
0.000241181
0.000379153
0.000540211
0.000723243
0.000925813
0.0011439
0.00137106
0.00159842
0.00181443
0.00200537
0.0021546
0.00225673
0.00226987
-0.000206008
-0.000224221
-0.000208657
-0.000180191
-0.000132214
-6.33237e-05
2.83709e-05
0.000144718
0.000287188
0.000456592
0.000652721
0.000873954
0.00111704
0.00137565
0.00164032
0.00189778
0.0021309
0.00231757
0.00244806
0.00247021
-0.000312943
-0.000334924
-0.00032224
-0.000297775
-0.000253752
-0.0001882
-9.83924e-05
1.84883e-05
0.000165006
0.000343173
0.000554056
0.00079727
0.00107094
0.00136937
0.00168298
0.0019968
0.00228959
0.0025315
0.00270501
0.00274365
-0.000441575
-0.000468369
-0.000459749
-0.000441092
-0.000403153
-0.000343282
-0.000257732
-0.000142507
6.30872e-06
0.000192267
0.00041815
0.000685372
0.000994395
0.00134101
0.00171657
0.00210515
0.00248119
0.00280472
0.00304395
0.00311412
-0.000591832
-0.000624727
-0.000621746
-0.000611355
-0.000582489
-0.000531703
-0.000454038
-0.000344118
-0.000196434
-5.5549e-06
0.000233484
0.000524301
0.000871743
0.00127372
0.00172485
0.00221014
0.00270058
0.00314562
0.00348659
0.00362009
-0.000763315
-0.000803901
-0.000808564
-0.000809674
-0.000793868
-0.000756792
-0.000692099
-0.000592868
-0.00045181
-0.00026131
-1.34348e-05
0.000300173
0.000682406
0.00114294
0.00168156
0.00228786
0.00293238
0.0035586
0.00405956
0.00432568
-0.000955146
-0.00100539
-0.00102013
-0.00103689
-0.00103926
-0.00102189
-0.00097686
-0.000895628
-0.000769135
-0.000587699
-0.000340796
-1.70383e-05
0.000395726
0.000912811
0.00154543
0.00229528
0.00314027
0.00403181
0.00478546
0.00534157
-0.00116594
-0.00122835
-0.00125585
-0.00129342
-0.00132033
-0.00133011
-0.0013131
-0.00125906
-0.00115734
-0.000996484
-0.000763383
-0.000441938
-1.12417e-05
0.000541868
0.00125744
0.00215857
0.00324616
0.00451279
0.00565208
0.00686878
-0.00139252
-0.00147116
-0.00151427
-0.00157967
-0.00163868
-0.00168441
-0.00170526
-0.00168927
-0.00162472
-0.00149963
-0.00130067
-0.00101163
-0.000612367
-6.64363e-05
0.000701868
0.00172995
0.00308117
0.00486756
0.00655093
0.00918684
-0.00163681
-0.00172669
-0.00178763
-0.00188507
-0.00198758
-0.00208305
-0.00215546
-0.0021902
-0.0021754
-0.00209958
-0.0019494
-0.00170724
-0.00134525
-0.000819076
-5.79297e-05
0.000990204
0.00246206
0.00479578
0.00705007
0.012235
-0.00188923
-0.00206832
-0.00212409
-0.00229784
-0.00243678
-0.0025725
-0.00268905
-0.00277542
-0.00282013
-0.0028132
-0.00274744
-0.00261413
-0.00240086
-0.00208218
-0.00161865
-0.00086435
0.000321471
0.00311159
0.0052463
0.0144202
-0.002169
-0.00214803
-0.00225941
-0.00241309
-0.00265085
-0.00290274
-0.00314518
-0.00334688
-0.0034907
-0.00356846
-0.00358497
-0.0035486
-0.00347267
-0.00336485
-0.0032283
-0.00293794
-0.00280403
-0.000647136
-0.00164713
0.01158
-0.00220181
-0.0028993
-0.00290925
-0.00340542
-0.0036213
-0.00389693
-0.00412832
-0.00432272
-0.00447554
-0.00458587
-0.00467087
-0.00476426
-0.00491159
-0.00523411
-0.00586007
-0.00659991
-0.00952349
-0.00936149
-0.0131924
0.00485984
-0.00364466
-0.00245576
-0.00261968
-0.00268172
-0.00314482
-0.00364978
-0.00416658
-0.00461158
-0.00497088
-0.00521448
-0.00540127
-0.00554914
-0.00580803
-0.00625886
-0.00750351
-0.00901436
-0.0142678
-0.0171042
-0.0196365
0.00756521
-0.000676131
-0.00408856
-0.00387001
-0.00509479
-0.00534864
-0.0058613
-0.00622571
-0.00650714
-0.00671206
-0.00682656
-0.00683836
-0.00698144
-0.0070542
-0.00773038
-0.0096566
-0.0114361
-0.0197557
-0.0230502
-0.017524
0.0274816
-0.0134378
-0.00158571
-0.00162233
-0.00231456
-0.00314504
-0.00397963
-0.00482416
-0.00545638
-0.0060475
-0.00626594
-0.00657088
-0.00659346
-0.0069645
-0.00733314
-0.00848835
-0.00931405
-0.00898356
9.80727e-05
0.033505
0.115374
3.24846e-06
-5.8291e-06
1.54891e-05
5.26681e-05
0.000109194
0.000185099
0.000280306
0.000394429
0.00052653
0.000674941
0.000837088
0.00100933
0.00118686
0.00136365
0.00153258
0.00168573
0.00181486
0.0019114
0.00197415
0.00197873
1.1759e-05
1.94661e-06
2.27562e-05
5.83783e-05
0.000112879
0.000186431
0.000279138
0.000390802
0.000520676
0.000667291
0.000828214
0.000999898
0.0011778
0.00135585
0.00152683
0.00168258
0.00181452
0.00191359
0.00197879
0.00198347
-1.21304e-05
-2.35423e-05
-3.49301e-06
3.10585e-05
8.4582e-05
0.000157399
0.000249856
0.000362028
0.00049346
0.000642949
0.000808369
0.000986565
0.00117275
0.00136075
0.00154297
0.00171055
0.00185386
0.00196238
0.00203443
0.00203992
-5.40536e-05
-6.71987e-05
-4.82342e-05
-1.5186e-05
3.69671e-05
0.000108815
0.000201086
0.000314289
0.000448429
0.000602772
0.000775585
0.00096397
0.00116358
0.00136801
0.00156897
0.0017564
0.00191899
0.00204379
0.00212779
0.00213601
-0.000117358
-0.000132762
-0.00011527
-8.41929e-05
-3.37912e-05
3.68906e-05
0.000129098
0.000243935
0.00038205
0.000543378
0.000726832
0.000930002
0.00114888
0.00137701
0.00160549
0.00182272
0.00201484
0.00216509
0.00226797
0.00228135
-0.000201963
-0.000220308
-0.000204877
-0.00017659
-0.00012878
-6.00261e-05
3.15894e-05
0.000147945
0.000290546
0.000460242
0.000656864
0.000878829
0.00112292
0.00138282
0.00164905
0.00190824
0.00214314
0.0023314
0.00246311
0.00248574
-0.000307934
-0.000330071
-0.000317564
-0.000293345
-0.000249564
-0.000184227
-9.45736e-05
2.22554e-05
0.00016887
0.000347336
0.000558778
0.000802877
0.00107783
0.00137797
0.00169372
0.00201004
0.0023055
0.00254993
0.00272545
0.00276503
-0.000435317
-0.000462298
-0.000453921
-0.000435606
-0.000398023
-0.000338492
-0.000253217
-0.000138151
1.06838e-05
0.000196911
0.000423393
0.000691647
0.00100226
0.0013511
0.00172958
0.00212172
0.00250178
0.00282931
0.00307188
0.00314388
-0.000583935
-0.00061706
-0.000614419
-0.000604516
-0.000576178
-0.000525923
-0.000448728
-0.000339149
-0.000191598
-5.48507e-07
0.00023907
0.00053099
0.000880349
0.00128513
0.00174012
0.0022304
0.00272679
0.00317817
0.00352468
0.00366172
-0.000753245
-0.000794122
-0.000799267
-0.000801081
-0.000786063
-0.000749809
-0.00068589
-0.000587295
-0.000446636
-0.000256177
-7.83373e-06
0.000306962
0.000691223
0.00115505
0.00169857
0.00231164
0.00296475
0.00360088
0.0041111
0.0043841
-0.000942166
-0.000992788
-0.00100822
-0.001026
-0.00102955
-0.00101343
-0.000969635
-0.0008895
-0.000763847
-0.000582854
-0.000335825
-1.11628e-05
0.000403597
0.000924317
0.00156276
0.00232134
0.00317837
0.00408497
0.00485381
0.00542415
-0.00114903
-0.00121196
-0.00124044
-0.0012795
-0.00130814
-0.00131982
-0.00130472
-0.00125246
-0.00115226
-0.000992493
-0.000759816
-0.000437981
-5.466e-06
0.000551112
0.00127252
0.00218397
0.00328744
0.00457604
0.00574024
0.00698517
-0.00137036
-0.00144969
-0.00149417
-0.00156174
-0.00162327
-0.0016718
-0.00169552
-0.00168232
-0.00162028
-0.00149731
-0.00129996
-0.00101185
-0.000612365
-6.29383e-05
0.000708845
0.00174699
0.00311752
0.00493441
0.00665841
0.00934811
-0.00160751
-0.00169821
-0.00176107
-0.00186153
-0.0019677
-0.00206731
-0.00214403
-0.00218299
-0.00217209
-0.0020998
-0.00195276
-0.00171339
-0.00135379
-0.000827586
-6.50114e-05
0.000991928
0.00248304
0.00485165
0.00716604
0.0124444
-0.00185119
-0.00203279
-0.00209059
-0.00226925
-0.00241294
-0.00255409
-0.00267632
-0.00276841
-0.00281869
-0.00281712
-0.00275654
-0.00262838
-0.00242037
-0.00210801
-0.0016507
-0.000902414
0.000292582
0.00310645
0.00531946
0.0146398
-0.00211707
-0.00209764
-0.00221244
-0.0023716
-0.00261622
-0.00287611
-0.00312728
-0.00333778
-0.00349
-0.0035757
-0.00359996
-0.00357184
-0.00350603
-0.00341206
-0.00329069
-0.00301771
-0.00291154
-0.000770908
-0.00171152
0.0117001
-0.00213698
-0.00284102
-0.00285205
-0.00335833
-0.00358212
-0.0038687
-0.00411124
-0.00431647
-0.00447959
-0.00459968
-0.00469436
-0.00479861
-0.00495999
-0.00530318
-0.0059619
-0.00675199
-0.00975088
-0.00971532
-0.0134528
0.00481513
-0.00355765
-0.00237272
-0.00254175
-0.00261257
-0.00308641
-0.00360491
-0.0041372
-0.00459767
-0.00497177
-0.00522864
-0.00542805
-0.00558882
-0.00586542
-0.00634158
-0.00763445
-0.00921696
-0.0146118
-0.0176347
-0.0200268
0.00744269
-0.000593245
-0.00401258
-0.00378255
-0.00501861
-0.00528003
-0.00581067
-0.00619273
-0.00649299
-0.0067159
-0.00684654
-0.00687155
-0.00702848
-0.00711551
-0.00781716
-0.00979272
-0.0116397
-0.0201357
-0.0235421
-0.0178771
0.0277128
-0.013318
-0.00146098
-0.00149922
-0.00220127
-0.00304959
-0.00390715
-0.00477685
-0.00543309
-0.006047
-0.00628355
-0.00660375
-0.00663861
-0.00702581
-0.007413
-0.00860512
-0.00946271
-0.00917952
-8.31427e-05
0.0335142
0.116084
4.77603e-06
-4.32491e-06
1.69759e-05
5.41339e-05
0.000110652
0.000186571
0.000281823
0.000396033
0.000528271
0.000676877
0.000839281
0.00101185
0.00118975
0.00136695
0.00153631
0.00168988
0.00181938
0.00191621
0.00197915
0.00198378
1.34145e-05
3.57307e-06
2.43588e-05
5.99521e-05
0.000114437
0.000187995
0.00028074
0.000392485
0.000522495
0.000669306
0.000830493
0.00100251
0.00118081
0.0013593
0.00153075
0.00168696
0.00181932
0.00191872
0.00198414
0.00198888
-1.0231e-05
-2.16786e-05
-1.66434e-06
3.28442e-05
8.63376e-05
0.000159147
0.000251631
0.000363879
0.000495445
0.000645142
0.000810849
0.000989418
0.00117605
0.00136458
0.00154736
0.00171552
0.00185935
0.00196829
0.00204065
0.00204624
-5.17879e-05
-6.49768e-05
-4.60629e-05
-1.30785e-05
3.90223e-05
0.000110842
0.000203122
0.000316389
0.000450664
0.000605229
0.000778365
0.000967187
0.00116734
0.00137243
0.00157412
0.0017623
0.00192562
0.00205103
0.00213547
0.00214385
-0.000114607
-0.000130064
-0.000112644
-8.16584e-05
-3.13401e-05
3.92819e-05
0.000131472
0.000246355
0.000384602
0.000546172
0.00073
0.000933694
0.00115326
0.00138224
0.00161169
0.00182997
0.00202313
0.00217428
0.00227784
0.0022915
-0.000198584
-0.000216995
-0.000201663
-0.000173507
-0.000125825
-5.71776e-05
3.43784e-05
0.000150749
0.000293469
0.000463422
0.000660473
0.000883074
0.00112804
0.00138904
0.0016566
0.00191727
0.00215369
0.00234332
0.0024761
0.0024992
-0.000303745
-0.000325965
-0.000313597
-0.000289567
-0.00024598
-0.00018082
-9.12942e-05
2.54925e-05
0.000172191
0.000350914
0.000562835
0.000807689
0.00108373
0.00138532
0.00170287
0.00202128
0.00231899
0.00256552
0.00274271
0.00278313
-0.000430078
-0.000457167
-0.000448985
-0.000430943
-0.000393654
-0.000334409
-0.000249373
-0.000134449
1.43938e-05
0.00020084
0.000427825
0.000696943
0.00100889
0.00135958
0.00174047
0.00213554
0.00251887
0.00284963
0.00309488
0.00316835
-0.000577328
-0.000610594
-0.00060823
-0.000598723
-0.000570828
-0.000521027
-0.000444244
-0.000334973
-0.000187557
3.61043e-06
0.000243689
0.000536495
0.000887447
0.00129452
0.00175264
0.00224693
0.00274803
0.00320437
0.00355517
0.00369481
-0.00074484
-0.000785906
-0.000791446
-0.000793834
-0.000779478
-0.000743929
-0.000680686
-0.000582663
-0.000442384
-0.00025201
-3.32494e-06
0.000312431
0.000698312
0.00116479
0.00171219
0.00233055
0.00299031
0.00363391
0.00415102
0.00442869
-0.000931394
-0.000982267
-0.000998265
-0.00101687
-0.0010214
-0.00100635
-0.00096362
-0.000884459
-0.000759583
-0.000579054
-0.00033203
-6.7029e-06
0.000409636
0.00093322
0.00157617
0.00234142
0.00320748
0.00412504
0.00490474
0.00548393
-0.00113513
-0.00119841
-0.00122767
-0.00126793
-0.00129798
-0.00131124
-0.00129777
-0.00124708
-0.00114826
-0.000989554
-0.000757518
-0.000435522
-1.54682e-06
0.000557736
0.00128352
0.00220264
0.0033177
0.00462173
0.00580293
0.00706395
-0.00135239
-0.00143218
-0.00147772
-0.00154698
-0.00161053
-0.00166134
-0.00168747
-0.00167665
-0.00161686
-0.00149584
-0.00130006
-0.00101291
-0.000613445
-6.18291e-05
0.000712723
0.00175827
0.00314268
0.00498014
0.00673134
0.00944888
-0.0015842
-0.00167542
-0.00173973
-0.00184249
-0.00195149
-0.00205436
-0.00213456
-0.00217701
-0.00216949
-0.00210035
-0.0019562
-0.00171941
-0.00136194
-0.000835986
-7.23909e-05
0.000990802
0.00249619
0.00488776
0.00724204
0.0125657
-0.00182169
-0.00200477
-0.00206401
-0.00224612
-0.00239337
-0.00253868
-0.00266542
-0.00276218
-0.00281722
-0.00282032
-0.00276433
-0.00264075
-0.00243734
-0.00213012
-0.00167713
-0.000932805
0.000271603
0.00310301
0.00537128
0.014763
-0.00207807
-0.00205924
-0.00217647
-0.00233943
-0.00258902
-0.00285484
-0.00311258
-0.00332986
-0.0034889
-0.00358125
-0.0036122
-0.00359125
-0.00353383
-0.00345023
-0.003339
-0.00307471
-0.00298089
-0.000841852
-0.00172736
0.0117737
-0.00209177
-0.0027986
-0.00280972
-0.00332199
-0.00355079
-0.00384469
-0.00409513
-0.0043086
-0.00448015
-0.00460861
-0.00471184
-0.00482555
-0.0049985
-0.00535703
-0.00603747
-0.00685799
-0.00989392
-0.00991796
-0.0135826
0.00479263
-0.00349707
-0.00231328
-0.00248584
-0.00256178
-0.00304252
-0.00357006
-0.00411293
-0.00458442
-0.00496972
-0.00523737
-0.00544759
-0.00561964
-0.00591079
-0.0064061
-0.00773172
-0.00935885
-0.0148364
-0.0179477
-0.0202512
0.00734364
-0.00054418
-0.0039621
-0.00372316
-0.00496361
-0.00522838
-0.00576895
-0.00616235
-0.00647551
-0.0067118
-0.0068554
-0.00689235
-0.00706204
-0.00716325
-0.00788511
-0.00989527
-0.0117901
-0.0203877
-0.0238673
-0.0181357
0.0277373
-0.0132448
-0.00138408
-0.00142152
-0.00212669
-0.00298338
-0.00385385
-0.00473948
-0.0054118
-0.00604142
-0.00629192
-0.0066252
-0.00667189
-0.0070737
-0.00747733
-0.00869863
-0.00958665
-0.00934016
-0.000252673
0.0334465
0.11634
6.01372e-06
-3.0968e-06
1.81914e-05
5.53366e-05
0.000111852
0.000187785
0.000283076
0.000397358
0.000529708
0.000678471
0.000841081
0.0010139
0.0011921
0.00136963
0.00153933
0.00169324
0.00182305
0.00192012
0.00198323
0.00198791
1.47341e-05
4.88024e-06
2.56501e-05
6.12268e-05
0.000115705
0.000189273
0.000282054
0.000393868
0.000523989
0.000670961
0.000832361
0.00100465
0.00118326
0.00136211
0.00153393
0.00169052
0.00182321
0.00192289
0.0019885
0.00199331
-8.73401e-06
-2.01971e-05
-2.05367e-07
3.42773e-05
8.77539e-05
0.000160564
0.000253075
0.000365388
0.000497068
0.000646933
0.000812873
0.000991741
0.00117874
0.00136768
0.00155092
0.00171953
0.0018638
0.00197309
0.0020457
0.00205139
-5.00178e-05
-6.32269e-05
-4.43461e-05
-1.1402e-05
4.06657e-05
0.000112469
0.000204764
0.000318088
0.000452476
0.000607223
0.000780621
0.000969793
0.00117039
0.001376
0.00157827
0.00176706
0.00193096
0.00205685
0.00214165
0.00215019
-0.000112465
-0.000127949
-0.000110577
-7.96536e-05
-2.93923e-05
4.11896e-05
0.000133373
0.000248298
0.000386655
0.000548421
0.00073255
0.000936664
0.00115677
0.00138643
0.00161665
0.00183576
0.00202975
0.00218161
0.00228571
0.00229961
-0.000195956
-0.000214403
-0.000199141
-0.000171078
-0.000123489
-5.49182e-05
3.65957e-05
0.000152982
0.000295801
0.00046596
0.000663354
0.000886458
0.00113211
0.00139398
0.00166258
0.00192441
0.00216201
0.00235271
0.00248631
0.0025098
-0.000300489
-0.000322756
-0.000310489
-0.000286597
-0.000243156
-0.000178131
-8.87037e-05
2.80508e-05
0.000174817
0.000353742
0.00056604
0.000811485
0.00108838
0.00139109
0.00171003
0.00203005
0.00232947
0.0025776
0.00275607
0.00279713
-0.000426008
-0.000453162
-0.000445126
-0.000427287
-0.000390224
-0.000331203
-0.000246354
-0.000131545
1.72996e-05
0.000203913
0.000431284
0.000701068
0.00101404
0.00136615
0.00174887
0.00214615
0.00253194
0.0028651
0.00311232
0.00318684
-0.000572202
-0.000605556
-0.000603402
-0.000594194
-0.000566643
-0.000517199
-0.000440743
-0.000331722
-0.000184423
6.82132e-06
0.000247241
0.000540709
0.000892879
0.00130169
0.00176215
0.0022594
0.00276397
0.00322389
0.00357775
0.00371917
-0.000738341
-0.000779527
-0.000785369
-0.000788192
-0.000774349
-0.000739351
-0.000676645
-0.000579084
-0.000439122
-0.000248839
8.52431e-08
0.000316554
0.00070364
0.00117207
0.00172233
0.00234454
0.00300905
0.00365791
0.00417977
0.00446044
-0.000923109
-0.000974148
-0.00099057
-0.0010098
-0.00101508
-0.00100086
-0.000958969
-0.000880587
-0.000756346
-0.000576211
-0.000329223
-3.41705e-06
0.000414059
0.000939718
0.00158591
0.00235592
0.0032283
0.00415336
0.00494035
0.0055249
-0.00112453
-0.00118803
-0.00121788
-0.00125902
-0.00129016
-0.00130462
-0.00129242
-0.00124296
-0.00114523
-0.0009874
-0.000755859
-0.000433772
1.28208e-06
0.000562361
0.00129125
0.00221572
0.00333876
0.0046531
0.00584539
0.00711571
-0.00133884
-0.00141891
-0.00146524
-0.00153574
-0.00160078
-0.0016533
-0.00168127
-0.0016723
-0.00161426
-0.00149482
-0.00130031
-0.00101398
-0.000614661
-6.16242e-05
0.000715116
0.00176573
0.00315958
0.00501053
0.00677927
0.00951217
-0.00156689
-0.00165843
-0.00172377
-0.00182817
-0.00193922
-0.00204448
-0.00212728
-0.00217239
-0.00216748
-0.00210084
-0.00195901
-0.00172431
-0.00136853
-0.000842936
-7.83835e-05
0.000989262
0.0025045
0.00491096
0.00729073
0.0126387
-0.00180019
-0.00198414
-0.00204438
-0.00222879
-0.00237855
-0.00252688
-0.00265695
-0.00275725
-0.00281591
-0.00282265
-0.00277031
-0.00265034
-0.00245047
-0.0021469
-0.00169698
-0.00095533
0.000256852
0.00310051
0.00540459
0.0148359
-0.00205025
-0.00203166
-0.00215056
-0.00231607
-0.00256907
-0.00283904
-0.00310145
-0.00332367
-0.00348776
-0.0035852
-0.00362137
-0.00360599
-0.00355488
-0.00347851
-0.00337375
-0.00311356
-0.00302604
-0.000885549
-0.00173566
0.011819
-0.00206075
-0.00276898
-0.00278001
-0.0032958
-0.00352779
-0.00382658
-0.00408248
-0.00430186
-0.00447954
-0.00461431
-0.00472418
-0.00484523
-0.00502689
-0.00539614
-0.00609068
-0.00692956
-0.00998547
-0.0100408
-0.0136651
0.00477885
-0.00345567
-0.0022722
-0.00244717
-0.00252624
-0.00301143
-0.00354481
-0.00409471
-0.00457392
-0.00496719
-0.00524278
-0.00546123
-0.00564204
-0.00594415
-0.00645304
-0.00780028
-0.00945437
-0.0149795
-0.0181398
-0.0204016
0.0072658
-0.000513169
-0.0039287
-0.00368392
-0.00492639
-0.00519254
-0.00573892
-0.00613942
-0.00646119
-0.00670665
-0.00685964
-0.00690582
-0.00708538
-0.00719813
-0.00793444
-0.00996803
-0.0118916
-0.0205325
-0.0240754
-0.0183257
0.0277072
-0.0131978
-0.00133467
-0.00137107
-0.0020774
-0.00293842
-0.0038162
-0.00471142
-0.00539426
-0.00603491
-0.00629567
-0.00663933
-0.00669513
-0.00710926
-0.0075247
-0.00876941
-0.00968241
-0.00948884
-0.000388941
0.0333484
0.116425
6.87106e-06
-2.24234e-06
1.90392e-05
5.61788e-05
0.000112696
0.000188641
0.000283963
0.000398297
0.000530726
0.0006796
0.000842354
0.00101535
0.00119376
0.00137152
0.00154146
0.00169561
0.00182563
0.00192287
0.0019861
0.00199083
1.56419e-05
5.78339e-06
2.65449e-05
6.21137e-05
0.000116591
0.000190169
0.000282978
0.000394844
0.000525046
0.000672131
0.000833681
0.00100615
0.00118499
0.00136409
0.00153617
0.00169303
0.00182596
0.00192583
0.00199157
0.00199645
-7.70902e-06
-1.91783e-05
8.00848e-07
3.52701e-05
8.87391e-05
0.000161553
0.000254088
0.000366449
0.00049821
0.000648196
0.000814299
0.000993377
0.00118063
0.00136986
0.00155342
0.00172235
0.00186692
0.00197646
0.00204925
0.00205501
-4.88099e-05
-6.2028e-05
-4.31664e-05
-1.02453e-05
4.18039e-05
0.000113601
0.000205909
0.000319276
0.000453746
0.000608622
0.000782204
0.000971621
0.00117253
0.0013785
0.00158117
0.00177038
0.00193468
0.00206092
0.00214598
0.00215463
-0.000111006
-0.000126502
-0.00010916
-7.82736e-05
-2.80474e-05
4.25108e-05
0.000134692
0.00024965
0.000388087
0.000549992
0.000734332
0.000938738
0.00115922
0.00138934
0.0016201
0.00183978
0.00203433
0.00218669
0.00229116
0.00230523
-0.000194164
-0.00021263
-0.000197412
-0.000169408
-0.000121879
-5.33582e-05
3.81296e-05
0.000154529
0.000297418
0.000467723
0.000665354
0.000888805
0.00113492
0.0013974
0.0016667
0.00192932
0.00216773
0.00235915
0.00249331
0.00251707
-0.000298267
-0.000320561
-0.000308359
-0.000284557
-0.000241213
-0.00017628
-8.69183e-05
2.98153e-05
0.000176628
0.000355693
0.00056825
0.000814099
0.00109157
0.00139505
0.00171493
0.00203603
0.00233659
0.00258579
0.00276511
0.00280659
-0.000423231
-0.000450422
-0.000442483
-0.00042478
-0.000387869
-0.000329001
-0.000244281
-0.000129552
1.92921e-05
0.000206017
0.000433649
0.000703882
0.00101755
0.00137061
0.00175456
0.00215331
0.00254071
0.00287545
0.00312394
0.00319915
-0.000568708
-0.000602115
-0.000600102
-0.000591095
-0.000563777
-0.000514577
-0.000438348
-0.000329502
-0.000182289
9.00113e-06
0.000249644
0.000543548
0.000896537
0.0013065
0.00176851
0.00226771
0.00277451
0.00323674
0.00359252
0.00373503
-0.000733922
-0.000775182
-0.000781226
-0.000784341
-0.000770845
-0.000736224
-0.000673889
-0.00057665
-0.000436916
-0.000246708
2.36602e-06
0.000319314
0.000707179
0.00117689
0.001729
0.0023537
0.00302123
0.00367339
0.00419817
0.00448058
-0.000917499
-0.000968639
-0.000985345
-0.001005
-0.00101078
-0.000997117
-0.000955807
-0.000877965
-0.000754173
-0.000574328
-0.00032739
-1.29586e-06
0.000416919
0.000943918
0.0015922
0.00236521
0.00324156
0.00417119
0.00496253
0.00555001
-0.0011174
-0.00118103
-0.00121127
-0.001253
-0.00128485
-0.00130013
-0.00128879
-0.00124017
-0.00114322
-0.000986009
-0.000754841
-0.00043274
2.97843e-06
0.000565196
0.00129604
0.00222385
0.00335179
0.00467228
0.00587098
0.00714607
-0.00132979
-0.00141005
-0.00145688
-0.00152818
-0.00159421
-0.00164787
-0.00167707
-0.00166936
-0.00161253
-0.00149418
-0.00130059
-0.00101486
-0.000615732
-6.18711e-05
0.000716258
0.00177003
0.0031696
0.00502837
0.00680702
0.00954716
-0.00155548
-0.0016472
-0.0017132
-0.00181864
-0.00193102
-0.00203784
-0.00212235
-0.00216924
-0.00216611
-0.00210119
-0.00196099
-0.00172775
-0.00137315
-0.0008479
-8.26814e-05
0.000987651
0.00250886
0.00492374
0.00731763
0.0126764
-0.00178617
-0.00197061
-0.00203147
-0.00221729
-0.00236865
-0.00251892
-0.00265117
-0.00275382
-0.00281493
-0.00282417
-0.00277431
-0.0026568
-0.00245931
-0.00215805
-0.00171012
-0.000970211
0.000247159
0.00309803
0.00542207
0.0148713
-0.00203244
-0.00201393
-0.00213384
-0.00230091
-0.00255602
-0.0028286
-0.00309398
-0.00331941
-0.00348685
-0.0035877
-0.00362741
-0.00361579
-0.00356883
-0.00349696
-0.00339596
-0.00313749
-0.00305301
-0.000910673
-0.00174045
0.011839
-0.00204134
-0.0027502
-0.00276112
-0.00327889
-0.00351274
-0.00381446
-0.00407372
-0.00429688
-0.00447862
-0.00461764
-0.004732
-0.004858
-0.00504537
-0.00542133
-0.00612419
-0.00697331
-0.0100392
-0.0101087
-0.0137117
0.00476665
-0.00343012
-0.00224664
-0.00242303
-0.00250382
-0.00299162
-0.00352845
-0.00408262
-0.0045666
-0.00496498
-0.00524581
-0.00546978
-0.00565649
-0.0059658
-0.00648328
-0.0078434
-0.00951338
-0.0150663
-0.0182476
-0.02049
0.00721141
-0.000494458
-0.00390803
-0.00365987
-0.00490318
-0.00516998
-0.00571951
-0.00612408
-0.00645097
-0.00670225
-0.00686136
-0.00691377
-0.00710005
-0.00722063
-0.00796631
-0.0100142
-0.0119574
-0.0206406
-0.0242012
-0.0184467
0.027661
-0.0131703
-0.0013057
-0.00134125
-0.00204785
-0.00291088
-0.00379247
-0.00469313
-0.00538227
-0.00602972
-0.00629703
-0.00664762
-0.00670976
-0.00713221
-0.00755567
-0.00881473
-0.00974109
-0.00955681
-0.000476518
0.0332718
0.116436
7.28734e-06
-1.82598e-06
1.94539e-05
5.65933e-05
0.000113114
0.000189069
0.000284409
0.000398773
0.000531246
0.000680179
0.000843007
0.0010161
0.00119461
0.00137249
0.00154256
0.00169683
0.00182696
0.00192429
0.00198758
0.00199234
1.60833e-05
6.22398e-06
2.6983e-05
6.25506e-05
0.00011703
0.000190617
0.000283444
0.00039534
0.000525585
0.000672731
0.000834358
0.00100693
0.00118588
0.00136511
0.00153733
0.00169432
0.00182737
0.00192734
0.00199316
0.00199807
-7.20787e-06
-1.86787e-05
1.29607e-06
3.57612e-05
8.92294e-05
0.000162049
0.000254598
0.000366988
0.000498793
0.000648842
0.000815032
0.000994219
0.0011816
0.00137099
0.0015547
0.0017238
0.00186852
0.0019782
0.00205108
0.00205688
-4.82151e-05
-6.1436e-05
-4.25823e-05
-9.67028e-06
4.23723e-05
0.000114169
0.000206487
0.000319879
0.000454394
0.000609339
0.000783017
0.000972562
0.00117362
0.00137978
0.00158266
0.00177208
0.0019366
0.00206301
0.0021482
0.00215691
-0.000110281
-0.000125783
-0.000108453
-7.7584e-05
-2.73733e-05
4.31754e-05
0.000135359
0.000250337
0.000388817
0.000550796
0.000735245
0.000939801
0.00116048
0.00139083
0.00162186
0.00184184
0.00203667
0.00218928
0.00229394
0.0023081
-0.000193269
-0.000211742
-0.000196546
-0.00016857
-0.000121069
-5.25718e-05
3.89051e-05
0.000155314
0.000298242
0.000468623
0.000666377
0.000890005
0.00113636
0.00139914
0.0016688
0.00193182
0.00217063
0.00236242
0.00249686
0.00252076
-0.000297151
-0.000319457
-0.000307288
-0.00028353
-0.000240234
-0.000175345
-8.60149e-05
3.07103e-05
0.000177549
0.000356686
0.000569374
0.000815428
0.00109319
0.00139705
0.00171741
0.00203905
0.00234019
0.00258992
0.00276965
0.00281135
-0.000421832
-0.00044904
-0.000441149
-0.000423514
-0.000386679
-0.000327887
-0.000243232
-0.000128542
2.03015e-05
0.000207083
0.000434846
0.000705305
0.00101932
0.00137287
0.00175743
0.0021569
0.00254511
0.00288063
0.00312974
0.00320527
-0.000566945
-0.000600377
-0.000598435
-0.000589527
-0.000562326
-0.00051325
-0.000437136
-0.000328379
-0.000181212
1.00991e-05
0.000250853
0.000544973
0.000898373
0.00130891
0.00177169
0.00227184
0.00277974
0.00324309
0.0035998
0.00374282
-0.000731692
-0.000772988
-0.000779132
-0.000782393
-0.000769073
-0.000734642
-0.000672495
-0.000575422
-0.000435807
-0.000245641
3.50575e-06
0.000320692
0.000708939
0.00117928
0.00173231
0.00235821
0.00302722
0.00368094
0.00420712
0.00449033
-0.000914673
-0.000965863
-0.00098271
-0.00100257
-0.0010086
-0.000995227
-0.00095421
-0.000876645
-0.000753083
-0.00057339
-0.000326483
-2.50284e-07
0.000418322
0.00094597
0.00159527
0.00236974
0.00324798
0.00417978
0.00497315
0.00556192
-0.00111382
-0.00117752
-0.00120795
-0.00124997
-0.00128217
-0.00129787
-0.00128695
-0.00123877
-0.00114221
-0.000985319
-0.000754349
-0.000432249
3.78548e-06
0.000566525
0.00129833
0.00222775
0.00335801
0.00468137
0.00588301
0.00716014
-0.00132528
-0.00140561
-0.00145269
-0.00152438
-0.0015909
-0.00164514
-0.00167496
-0.00166787
-0.00161166
-0.00149388
-0.00130075
-0.00101534
-0.000616329
-6.20885e-05
0.000716728
0.001772
0.00317427
0.00503665
0.00681981
0.00956293
-0.00154981
-0.00164163
-0.00170794
-0.00181389
-0.00192691
-0.00203451
-0.00211987
-0.00216765
-0.00216542
-0.00210138
-0.001962
-0.00172951
-0.0013755
-0.000850358
-8.48875e-05
0.000986715
0.00251074
0.00492948
0.00732973
0.0126928
-0.00177926
-0.00196392
-0.00202509
-0.00221157
-0.0023637
-0.00251492
-0.00264825
-0.00275207
-0.00281441
-0.0028249
-0.00277631
-0.00266005
-0.00246376
-0.0021637
-0.00171666
-0.000977601
0.000242357
0.00309664
0.00542976
0.0148865
-0.00202375
-0.00200526
-0.00212566
-0.00229346
-0.00254959
-0.00282341
-0.00309024
-0.00331725
-0.00348634
-0.00358891
-0.00363039
-0.00362066
-0.00357574
-0.00350603
-0.00340676
-0.00314886
-0.00306564
-0.000922163
-0.00174265
0.0118477
-0.00203198
-0.00274108
-0.00275195
-0.00327061
-0.00350533
-0.00380842
-0.00406931
-0.00429431
-0.00447805
-0.00461918
-0.00473579
-0.00486427
-0.00505446
-0.00543364
-0.00614034
-0.00699401
-0.010064
-0.0101394
-0.0137336
0.00475983
-0.00341789
-0.00223437
-0.00241142
-0.00249299
-0.002982
-0.00352044
-0.00407663
-0.0045629
-0.00496376
-0.00524717
-0.00547387
-0.00566356
-0.00597642
-0.00649804
-0.00786412
-0.00954101
-0.0151052
-0.0182962
-0.0205318
0.00718388
-0.000485566
-0.00389812
-0.00364844
-0.00489206
-0.00515913
-0.00571005
-0.0061165
-0.00644582
-0.00669987
-0.00686194
-0.00691738
-0.00710711
-0.00723164
-0.00798188
-0.0100364
-0.0119877
-0.0206803
-0.0242588
-0.0185055
0.0276331
-0.0131574
-0.00129217
-0.00132729
-0.00203392
-0.00289778
-0.00378103
-0.00468414
-0.0053762
-0.00602688
-0.00629731
-0.00665091
-0.00671672
-0.00714346
-0.00757093
-0.00883715
-0.00977139
-0.00960311
-0.000521673
0.0332301
0.116431
7.23085e-06
-1.88058e-06
1.94027e-05
5.65468e-05
0.000113073
0.000189035
0.000284381
0.00039875
0.000531227
0.000680164
0.000842996
0.00101609
0.0011946
0.00137249
0.00154256
0.00169683
0.00182696
0.0019243
0.00198758
0.00199234
1.60288e-05
6.17114e-06
2.69334e-05
6.25057e-05
0.000116991
0.000190584
0.000283416
0.000395317
0.000525567
0.000672717
0.000834348
0.00100692
0.00118587
0.0013651
0.00153733
0.00169432
0.00182738
0.00192735
0.00199316
0.00199807
-7.25895e-06
-1.87282e-05
1.24971e-06
3.57192e-05
8.91924e-05
0.000162017
0.000254572
0.000366967
0.000498776
0.000648829
0.000815022
0.000994212
0.0011816
0.00137099
0.0015547
0.0017238
0.00186852
0.0019782
0.00205108
0.00205688
-4.82614e-05
-6.14808e-05
-4.26242e-05
-9.70859e-06
4.23383e-05
0.00011414
0.000206463
0.00031986
0.000454379
0.000609328
0.00078301
0.000972556
0.00117362
0.00137978
0.00158265
0.00177208
0.00193659
0.00206301
0.0021482
0.00215691
-0.000110322
-0.000125822
-0.00010849
-7.76181e-05
-2.74039e-05
4.31488e-05
0.000135337
0.00025032
0.000388804
0.000550787
0.000735239
0.000939796
0.00116048
0.00139083
0.00162186
0.00184183
0.00203667
0.00218928
0.00229394
0.0023081
-0.000193304
-0.000211776
-0.000196577
-0.000168599
-0.000121096
-5.25952e-05
3.8886e-05
0.0001553
0.000298232
0.000468616
0.000666371
0.000889999
0.00113636
0.00139913
0.0016688
0.00193182
0.00217063
0.00236242
0.00249686
0.00252076
-0.000297179
-0.000319484
-0.000307314
-0.000283555
-0.000240256
-0.000175365
-8.6031e-05
3.06981e-05
0.00017754
0.000356679
0.000569368
0.000815422
0.00109319
0.00139705
0.00171741
0.00203905
0.00234019
0.00258992
0.00276965
0.00281134
-0.000421854
-0.000449062
-0.00044117
-0.000423533
-0.000386697
-0.000327903
-0.000243246
-0.000128553
2.02932e-05
0.000207076
0.00043484
0.0007053
0.00101932
0.00137286
0.00175742
0.0021569
0.00254511
0.00288062
0.00312974
0.00320527
-0.000566962
-0.000600394
-0.000598451
-0.000589542
-0.00056234
-0.000513262
-0.000437146
-0.000328388
-0.00018122
1.00918e-05
0.000250847
0.000544968
0.000898369
0.0013089
0.00177169
0.00227184
0.00277974
0.00324308
0.0035998
0.00374281
-0.000731705
-0.000773001
-0.000779144
-0.000782405
-0.000769083
-0.000734651
-0.000672504
-0.000575431
-0.000435815
-0.000245648
3.49964e-06
0.000320687
0.000708934
0.00117928
0.0017323
0.00235821
0.00302721
0.00368094
0.00420711
0.00449032
-0.000914683
-0.000965873
-0.000982719
-0.00100258
-0.00100861
-0.000995234
-0.000954217
-0.000876653
-0.000753091
-0.000573397
-0.000326489
-2.55682e-07
0.000418316
0.000945964
0.00159526
0.00236974
0.00324797
0.00417977
0.00497314
0.00556191
-0.00111383
-0.00117753
-0.00120795
-0.00124997
-0.00128218
-0.00129787
-0.00128696
-0.00123878
-0.00114222
-0.000985324
-0.000754354
-0.000432255
3.77753e-06
0.000566516
0.00129832
0.00222774
0.003358
0.00468136
0.005883
0.00716013
-0.00132528
-0.00140562
-0.0014527
-0.00152439
-0.00159091
-0.00164514
-0.00167496
-0.00166788
-0.00161167
-0.00149389
-0.00130076
-0.00101535
-0.000616338
-6.20989e-05
0.000716718
0.00177199
0.00317425
0.00503664
0.0068198
0.00956292
-0.00154982
-0.00164163
-0.00170795
-0.00181389
-0.00192692
-0.00203451
-0.00211987
-0.00216765
-0.00216543
-0.00210138
-0.00196201
-0.00172952
-0.00137551
-0.000850368
-8.4899e-05
0.000986704
0.00251073
0.00492947
0.00732971
0.0126928
-0.00177926
-0.00196392
-0.00202509
-0.00221157
-0.0023637
-0.00251492
-0.00264826
-0.00275207
-0.00281441
-0.00282491
-0.00277632
-0.00266006
-0.00246377
-0.00216371
-0.00171667
-0.000977615
0.000242344
0.00309663
0.00542975
0.0148865
-0.00202376
-0.00200526
-0.00212566
-0.00229346
-0.00254959
-0.00282342
-0.00309025
-0.00331726
-0.00348635
-0.00358892
-0.0036304
-0.00362067
-0.00357575
-0.00350605
-0.00340677
-0.00314887
-0.00306565
-0.000922175
-0.00174266
0.0118477
-0.00203198
-0.00274107
-0.00275195
-0.00327061
-0.00350533
-0.00380843
-0.00406931
-0.00429431
-0.00447805
-0.00461919
-0.0047358
-0.00486427
-0.00505447
-0.00543365
-0.00614035
-0.00699402
-0.010064
-0.0101394
-0.0137336
0.00475982
-0.00341789
-0.00223437
-0.00241142
-0.00249299
-0.002982
-0.00352045
-0.00407663
-0.00456291
-0.00496376
-0.00524718
-0.00547388
-0.00566356
-0.00597642
-0.00649805
-0.00786413
-0.00954102
-0.0151052
-0.0182962
-0.0205318
0.00718386
-0.000485565
-0.00389812
-0.00364844
-0.00489206
-0.00515913
-0.00571005
-0.0061165
-0.00644583
-0.00669988
-0.00686195
-0.00691739
-0.00710711
-0.00723164
-0.00798189
-0.0100365
-0.0119877
-0.0206803
-0.0242588
-0.0185056
0.0276331
-0.0131574
-0.00129217
-0.00132729
-0.00203392
-0.00289778
-0.00378103
-0.00468414
-0.0053762
-0.00602688
-0.00629731
-0.00665092
-0.00671673
-0.00714347
-0.00757094
-0.00883716
-0.0097714
-0.00960312
-0.000521685
0.0332301
0.116431
6.69747e-06
-2.40997e-06
1.88824e-05
5.60372e-05
0.000112572
0.000188537
0.000283877
0.000398227
0.000530671
0.000679557
0.000842321
0.00101533
0.00119374
0.00137151
0.00154146
0.00169561
0.00182563
0.00192288
0.0019861
0.00199083
1.54744e-05
5.62133e-06
2.63933e-05
6.19771e-05
0.000116472
0.000190068
0.000282895
0.000394777
0.000524992
0.00067209
0.000833649
0.00100613
0.00118497
0.00136408
0.00153617
0.00169303
0.00182596
0.00192583
0.00199158
0.00199645
-7.86541e-06
-1.93296e-05
6.59625e-07
3.51427e-05
8.86276e-05
0.000161458
0.000254009
0.000366386
0.00049816
0.000648157
0.000814271
0.000993357
0.00118062
0.00136986
0.00155341
0.00172235
0.00186692
0.00197646
0.00204925
0.00205501
-4.89511e-05
-6.21644e-05
-4.32938e-05
-1.03609e-05
4.17018e-05
0.000113513
0.000205836
0.000319218
0.0004537
0.000608588
0.000782181
0.000971605
0.00117251
0.00137849
0.00158116
0.00177037
0.00193468
0.00206092
0.00214598
0.00215463
-0.000111129
-0.000126621
-0.000109271
-7.83761e-05
-2.81389e-05
4.24317e-05
0.000134627
0.000249599
0.000388048
0.000549964
0.000734312
0.000938722
0.00115921
0.00138933
0.00162009
0.00183978
0.00203433
0.00218669
0.00229116
0.00230523
-0.000194269
-0.000212731
-0.000197507
-0.000169497
-0.000121958
-5.34274e-05
3.80726e-05
0.000154485
0.000297386
0.000467699
0.000665336
0.00088879
0.00113491
0.00139739
0.00166669
0.00192932
0.00216772
0.00235914
0.0024933
0.00251707
-0.000298352
-0.000320644
-0.000308438
-0.000284631
-0.00024128
-0.000176338
-8.69663e-05
2.97782e-05
0.0001766
0.000355671
0.000568231
0.000814083
0.00109156
0.00139504
0.00171492
0.00203602
0.00233658
0.00258578
0.0027651
0.00280658
-0.000423299
-0.000450488
-0.000442546
-0.000424839
-0.000387923
-0.000329048
-0.000244321
-0.000129583
1.92662e-05
0.000205995
0.00043363
0.000703867
0.00101754
0.0013706
0.00175455
0.00215329
0.0025407
0.00287544
0.00312393
0.00319914
-0.00056876
-0.000602166
-0.000600151
-0.00059114
-0.000563818
-0.000514613
-0.000438379
-0.000329529
-0.000182314
8.9787e-06
0.000249625
0.000543533
0.000896524
0.00130648
0.0017685
0.00226769
0.0027745
0.00323672
0.0035925
0.00373501
-0.000733961
-0.000775221
-0.000781262
-0.000784375
-0.000770876
-0.000736252
-0.000673914
-0.000576674
-0.000436939
-0.000246729
2.34777e-06
0.000319298
0.000707162
0.00117688
0.00172899
0.00235368
0.00302122
0.00367337
0.00419815
0.00448056
-0.000917528
-0.000968668
-0.000985373
-0.00100502
-0.0010108
-0.000997137
-0.000955828
-0.000877986
-0.000754193
-0.000574347
-0.000327408
-1.31425e-06
0.0004169
0.000943897
0.00159218
0.00236519
0.00324153
0.00417117
0.00496251
0.00554998
-0.00111742
-0.00118106
-0.00121129
-0.00125302
-0.00128487
-0.00130015
-0.0012888
-0.00124019
-0.00114324
-0.000986026
-0.000754859
-0.00043276
2.95561e-06
0.000565171
0.00129601
0.00222383
0.00335177
0.00467226
0.00587095
0.00714604
-0.00132981
-0.00141006
-0.00145689
-0.00152819
-0.00159422
-0.00164789
-0.00167709
-0.00166937
-0.00161254
-0.0014942
-0.00130061
-0.00101488
-0.000615758
-6.18993e-05
0.000716228
0.00176999
0.00316957
0.00502834
0.00680699
0.00954714
-0.00155549
-0.00164721
-0.00171321
-0.00181865
-0.00193102
-0.00203785
-0.00212236
-0.00216925
-0.00216613
-0.00210121
-0.00196101
-0.00172778
-0.00137318
-0.00084793
-8.27163e-05
0.000987617
0.00250882
0.0049237
0.00731759
0.0126763
-0.00178618
-0.00197062
-0.00203148
-0.0022173
-0.00236865
-0.00251892
-0.00265118
-0.00275383
-0.00281494
-0.00282418
-0.00277433
-0.00265683
-0.00245934
-0.00215808
-0.00171016
-0.000970247
0.000247123
0.003098
0.00542204
0.0148713
-0.00203245
-0.00201393
-0.00213384
-0.00230092
-0.00255603
-0.0028286
-0.00309399
-0.00331942
-0.00348686
-0.00358772
-0.00362743
-0.00361581
-0.00356885
-0.00349699
-0.00339599
-0.00313752
-0.00305305
-0.000910711
-0.00174049
0.0118389
-0.00204134
-0.00275019
-0.00276112
-0.00327889
-0.00351275
-0.00381447
-0.00407373
-0.00429689
-0.00447864
-0.00461766
-0.00473202
-0.00485802
-0.0050454
-0.00542136
-0.00612422
-0.00697334
-0.0100392
-0.0101087
-0.0137117
0.00476661
-0.00343012
-0.00224664
-0.00242303
-0.00250382
-0.00299162
-0.00352846
-0.00408263
-0.00456661
-0.00496499
-0.00524583
-0.0054698
-0.00565651
-0.00596583
-0.00648331
-0.00784343
-0.00951341
-0.0150664
-0.0182476
-0.02049
0.00721137
-0.000494457
-0.00390803
-0.00365987
-0.00490318
-0.00516998
-0.00571951
-0.00612409
-0.00645098
-0.00670227
-0.00686138
-0.00691378
-0.00710007
-0.00722066
-0.00796634
-0.0100143
-0.0119575
-0.0206406
-0.0242012
-0.0184468
0.0276609
-0.0131703
-0.0013057
-0.00134125
-0.00204785
-0.00291088
-0.00379247
-0.00469313
-0.00538228
-0.00602974
-0.00629705
-0.00664764
-0.00670978
-0.00713224
-0.0075557
-0.00881476
-0.00974113
-0.00955684
-0.000476556
0.0332717
0.116436
5.70985e-06
-3.38931e-06
1.79198e-05
5.50938e-05
0.000111643
0.000187609
0.000282931
0.000397241
0.000529616
0.000678401
0.000841028
0.00101386
0.00119207
0.00136961
0.00153933
0.00169324
0.00182305
0.00192012
0.00198323
0.00198791
1.44418e-05
4.59829e-06
2.53885e-05
6.09932e-05
0.000115503
0.000189103
0.000281913
0.000393755
0.0005239
0.000670893
0.00083231
0.00100461
0.00118323
0.0013621
0.00153392
0.00169052
0.00182322
0.00192289
0.0019885
0.00199332
-9.00521e-06
-2.04586e-05
-4.47688e-07
3.40607e-05
8.75658e-05
0.000160405
0.000252943
0.000365281
0.000496983
0.000646868
0.000812825
0.000991708
0.00117872
0.00136767
0.00155091
0.00171953
0.0018638
0.00197309
0.0020457
0.00205139
-5.02607e-05
-6.34608e-05
-4.4563e-05
-1.1597e-05
4.04949e-05
0.000112324
0.000204643
0.00031799
0.000452399
0.000607164
0.000780578
0.000969763
0.00117037
0.00137599
0.00157826
0.00176705
0.00193095
0.00205685
0.00214165
0.00215019
-0.000112676
-0.000128152
-0.000110766
-7.98251e-05
-2.95439e-05
4.10596e-05
0.000133265
0.000248211
0.000386588
0.00054837
0.000732512
0.000936636
0.00115675
0.00138641
0.00161664
0.00183575
0.00202974
0.0021816
0.00228571
0.0022996
-0.000196133
-0.000214574
-0.000199301
-0.000171225
-0.00012362
-5.50308e-05
3.65025e-05
0.000152908
0.000295744
0.000465916
0.000663319
0.00088643
0.00113208
0.00139397
0.00166256
0.0019244
0.002162
0.0023527
0.0024863
0.0025098
-0.000300633
-0.000322896
-0.000310621
-0.000286719
-0.000243265
-0.000178226
-8.87823e-05
2.79884e-05
0.000174768
0.000353703
0.000566008
0.000811458
0.00108836
0.00139108
0.00171002
0.00203004
0.00232945
0.00257758
0.00275605
0.00279711
-0.000426123
-0.000453273
-0.000445232
-0.000427386
-0.000390312
-0.000331281
-0.000246419
-0.000131598
1.72563e-05
0.000203877
0.000431253
0.000701043
0.00101402
0.00136614
0.00174886
0.00214613
0.00253192
0.00286509
0.0031123
0.00318683
-0.00057229
-0.000605642
-0.000603484
-0.000594271
-0.000566713
-0.00051726
-0.000440796
-0.000331767
-0.000184463
6.78628e-06
0.000247211
0.000540684
0.000892857
0.00130166
0.00176213
0.00225938
0.00276395
0.00322387
0.00357772
0.00371915
-0.000738408
-0.000779592
-0.000785431
-0.000788251
-0.000774403
-0.000739399
-0.000676688
-0.000579123
-0.000439159
-0.000248872
5.65653e-08
0.000316527
0.000703613
0.00117205
0.0017223
0.00234451
0.00300902
0.00365788
0.00417974
0.00446041
-0.000923158
-0.000974195
-0.000990617
-0.00100985
-0.00101512
-0.00100089
-0.000959004
-0.000880621
-0.000756378
-0.000576241
-0.000329252
-3.44713e-06
0.000414029
0.000939685
0.00158588
0.00235588
0.00322827
0.00415332
0.00494031
0.00552486
-0.00112457
-0.00118806
-0.00121791
-0.00125906
-0.00129019
-0.00130465
-0.00129245
-0.00124298
-0.00114526
-0.000987429
-0.00075589
-0.000433804
1.2456e-06
0.000562321
0.00129121
0.00221567
0.00333872
0.00465306
0.00584534
0.00711567
-0.00133886
-0.00141894
-0.00146526
-0.00153576
-0.0016008
-0.00165333
-0.00168129
-0.00167232
-0.00161428
-0.00149484
-0.00130034
-0.00101401
-0.000614702
-6.16702e-05
0.000715067
0.00176568
0.00315953
0.00501049
0.00677922
0.00951212
-0.00156691
-0.00165845
-0.00172379
-0.00182818
-0.00193923
-0.0020445
-0.00212729
-0.0021724
-0.0021675
-0.00210086
-0.00195904
-0.00172435
-0.00136857
-0.000842987
-7.84372e-05
0.000989208
0.00250445
0.0049109
0.00729067
0.0126386
-0.0018002
-0.00198415
-0.00204439
-0.0022288
-0.00237856
-0.00252689
-0.00265696
-0.00275726
-0.00281593
-0.00282268
-0.00277034
-0.00265037
-0.00245052
-0.00214695
-0.00169704
-0.000955388
0.000256792
0.00310045
0.00540453
0.0148358
-0.00205026
-0.00203167
-0.00215056
-0.00231608
-0.00256907
-0.00283905
-0.00310146
-0.00332369
-0.00348778
-0.00358523
-0.0036214
-0.00360603
-0.00355493
-0.00347856
-0.00337381
-0.00311362
-0.0030261
-0.00088561
-0.00173572
0.0118189
-0.00206074
-0.00276898
-0.00278001
-0.00329581
-0.0035278
-0.00382659
-0.00408249
-0.00430187
-0.00447956
-0.00461434
-0.00472421
-0.00484527
-0.00502693
-0.00539619
-0.00609074
-0.00692962
-0.00998554
-0.0100409
-0.0136651
0.00477879
-0.00345567
-0.0022722
-0.00244717
-0.00252625
-0.00301144
-0.00354481
-0.00409472
-0.00457393
-0.00496721
-0.00524282
-0.00546127
-0.00564208
-0.0059442
-0.00645309
-0.00780033
-0.00945443
-0.0149796
-0.0181398
-0.0204017
0.00726574
-0.000513168
-0.0039287
-0.00368392
-0.00492639
-0.00519254
-0.00573892
-0.00613943
-0.00646121
-0.00670668
-0.00685967
-0.00690585
-0.00708542
-0.00719817
-0.00793449
-0.00996808
-0.0118917
-0.0205325
-0.0240754
-0.0183257
0.0277071
-0.0131978
-0.00133467
-0.00137107
-0.0020774
-0.00293842
-0.00381621
-0.00471143
-0.00539428
-0.00603494
-0.0062957
-0.00663937
-0.00669517
-0.0071093
-0.00752474
-0.00876946
-0.00968247
-0.0094889
-0.000389007
0.0333483
0.116425
4.31697e-06
-4.76368e-06
1.65738e-05
5.37793e-05
0.00011035
0.000186319
0.000281616
0.000395867
0.000528141
0.000676779
0.000839209
0.00101179
0.00118971
0.00136693
0.00153629
0.00168988
0.00181938
0.00191621
0.00197916
0.00198378
1.29759e-05
3.15294e-06
2.39736e-05
5.96127e-05
0.000114147
0.000187752
0.000280541
0.000392325
0.000522369
0.000669211
0.000830423
0.00100246
0.00118077
0.00135928
0.00153073
0.00168696
0.00181932
0.00191872
0.00198414
0.00198888
-1.06332e-05
-2.2064e-05
-2.01777e-06
3.25319e-05
8.60691e-05
0.000158921
0.000251444
0.000363727
0.000495326
0.00064505
0.000810781
0.00098937
0.00117602
0.00136456
0.00154735
0.00171551
0.00185935
0.00196829
0.00204065
0.00204624
-5.21433e-05
-6.53175e-05
-4.6376e-05
-1.33569e-05
3.87808e-05
0.000110637
0.000202952
0.000316251
0.000450554
0.000605144
0.000778302
0.000967143
0.00116732
0.00137241
0.0015741
0.00176229
0.00192562
0.00205102
0.00213546
0.00214385
-0.000114911
-0.000130356
-0.000112914
-8.19008e-05
-3.15519e-05
3.91016e-05
0.000131322
0.000246233
0.000384505
0.000546096
0.000729943
0.000933653
0.00115323
0.00138222
0.00161168
0.00182996
0.00202313
0.00217427
0.00227784
0.00229149
-0.000198837
-0.00021724
-0.000201891
-0.000173714
-0.000126007
-5.73322e-05
3.42498e-05
0.000150644
0.000293386
0.000463357
0.000660422
0.000883034
0.00112801
0.00138902
0.00165658
0.00191726
0.00215368
0.00234331
0.00247609
0.00249919
-0.000303952
-0.000326165
-0.000313784
-0.000289738
-0.000246131
-0.00018095
-9.14027e-05
2.54047e-05
0.000172121
0.000350857
0.000562789
0.000807652
0.00108371
0.0013853
0.00170286
0.00202126
0.00231897
0.0025655
0.0027427
0.00278312
-0.000430242
-0.000457326
-0.000449135
-0.000431081
-0.000393777
-0.000334517
-0.000249463
-0.000134522
1.43335e-05
0.00020079
0.000427783
0.000696909
0.00100886
0.00135956
0.00174045
0.00213551
0.00251885
0.00284961
0.00309485
0.00316832
-0.000577453
-0.000610716
-0.000608346
-0.000598831
-0.000570927
-0.000521114
-0.000444318
-0.000335035
-0.000187611
3.56396e-06
0.00024365
0.000536461
0.000887416
0.00129449
0.00175262
0.0022469
0.002748
0.00320434
0.00355514
0.00369478
-0.000744933
-0.000785996
-0.000791534
-0.000793917
-0.000779556
-0.000743997
-0.000680747
-0.000582718
-0.000442433
-0.000252054
-3.36374e-06
0.000312394
0.000698274
0.00116475
0.00171215
0.00233051
0.00299027
0.00363387
0.00415098
0.00442865
-0.000931462
-0.000982333
-0.000998331
-0.00101694
-0.00102146
-0.0010064
-0.00096367
-0.000884506
-0.000759627
-0.000579094
-0.00033207
-6.74444e-06
0.000409593
0.000933177
0.00157613
0.00234138
0.00320743
0.00412499
0.00490469
0.00548388
-0.00113518
-0.00119845
-0.00122772
-0.00126797
-0.00129803
-0.00131128
-0.00129781
-0.00124712
-0.0011483
-0.000989592
-0.00075756
-0.000435567
-1.59529e-06
0.000557684
0.00128346
0.00220258
0.00331765
0.00462167
0.00580287
0.00706389
-0.00135242
-0.00143221
-0.00147775
-0.00154702
-0.00161056
-0.00166137
-0.0016875
-0.00167668
-0.0016169
-0.00149588
-0.0013001
-0.00101296
-0.0006135
-6.18891e-05
0.000712659
0.00175821
0.00314261
0.00498008
0.00673127
0.00944882
-0.00158422
-0.00167544
-0.00173975
-0.00184251
-0.00195151
-0.00205438
-0.00213458
-0.00217703
-0.00216952
-0.00210038
-0.00195624
-0.00171947
-0.001362
-0.000836051
-7.24622e-05
0.000990729
0.00249611
0.00488769
0.00724196
0.0125656
-0.00182171
-0.00200478
-0.00206403
-0.00224613
-0.00239338
-0.0025387
-0.00266544
-0.00276221
-0.00281725
-0.00282035
-0.00276438
-0.00264081
-0.00243741
-0.00213019
-0.00167721
-0.000932881
0.000271523
0.00310293
0.0053712
0.014763
-0.00207808
-0.00205924
-0.00217648
-0.00233944
-0.00258903
-0.00285486
-0.0031126
-0.00332988
-0.00348892
-0.00358129
-0.00361225
-0.0035913
-0.00353389
-0.0034503
-0.00333907
-0.00307479
-0.00298098
-0.000841934
-0.00172744
0.0117736
-0.00209177
-0.0027986
-0.00280972
-0.00332199
-0.0035508
-0.0038447
-0.00409515
-0.00430862
-0.00448018
-0.00460864
-0.00471189
-0.0048256
-0.00499856
-0.0053571
-0.00603755
-0.00685807
-0.00989401
-0.00991804
-0.0135827
0.00479254
-0.00349707
-0.00231328
-0.00248584
-0.00256179
-0.00304252
-0.00357007
-0.00411295
-0.00458444
-0.00496975
-0.00523741
-0.00544764
-0.0056197
-0.00591085
-0.00640617
-0.00773179
-0.00935893
-0.0148365
-0.0179478
-0.0202513
0.00734355
-0.00054418
-0.0039621
-0.00372316
-0.00496361
-0.00522838
-0.00576896
-0.00616236
-0.00647553
-0.00671183
-0.00685544
-0.00689239
-0.00706209
-0.00716331
-0.00788518
-0.00989535
-0.0117902
-0.0203878
-0.0238674
-0.0181358
0.0277372
-0.0132448
-0.00138408
-0.00142153
-0.00212669
-0.00298338
-0.00385385
-0.00473949
-0.00541182
-0.00604145
-0.00629196
-0.00662524
-0.00667195
-0.00707376
-0.0074774
-0.0086987
-0.00958673
-0.00934024
-0.000252759
0.0334464
0.11634
2.59113e-06
-6.44935e-06
1.49316e-05
5.21862e-05
0.00010879
0.000184766
0.000280035
0.000394214
0.000526363
0.000674817
0.000836998
0.00100927
0.00118682
0.00136362
0.00153256
0.00168572
0.00181486
0.00191141
0.00197416
0.00197873
1.11388e-05
1.3594e-06
2.22268e-05
5.79195e-05
0.000112493
0.00018611
0.000278876
0.000390593
0.000520515
0.00066717
0.000828126
0.000999834
0.00117775
0.00135582
0.0015268
0.00168257
0.00181452
0.00191359
0.00197879
0.00198347
-1.26883e-05
-2.40722e-05
-3.97256e-06
3.06406e-05
8.4227e-05
0.000157103
0.000249612
0.000361832
0.000493306
0.000642831
0.000808281
0.000986503
0.00117271
0.00136072
0.00154295
0.00171054
0.00185385
0.00196237
0.00203443
0.00203992
-5.45372e-05
-6.76593e-05
-4.86532e-05
-1.55541e-05
3.66514e-05
0.00010855
0.000200867
0.000314111
0.000448286
0.00060266
0.000775502
0.000963913
0.00116354
0.00136799
0.00156895
0.00175638
0.00191898
0.00204378
0.00212778
0.00213601
-0.000117766
-0.000133151
-0.000115627
-8.45095e-05
-3.40647e-05
3.66596e-05
0.000128906
0.000243777
0.000381922
0.000543277
0.000726757
0.000929948
0.00114884
0.00137699
0.00160548
0.00182271
0.00201483
0.00216508
0.00226796
0.00228134
-0.0002023
-0.000220631
-0.000205175
-0.000176857
-0.000129011
-6.02227e-05
3.1425e-05
0.00014781
0.000290437
0.000460156
0.000656796
0.000878776
0.00112288
0.00138279
0.00164903
0.00190823
0.00214312
0.00233138
0.0024631
0.00248572
-0.000308206
-0.000330333
-0.000317808
-0.000293565
-0.000249756
-0.000184392
-9.47119e-05
2.21424e-05
0.00016878
0.000347263
0.000558718
0.000802827
0.00107779
0.00137795
0.0016937
0.00201001
0.00230548
0.00254991
0.00272543
0.00276501
-0.000435531
-0.000462505
-0.000454115
-0.000435783
-0.00039818
-0.000338628
-0.000253332
-0.000138245
1.06074e-05
0.000196847
0.00042334
0.000691603
0.00100223
0.00135107
0.00172955
0.00212169
0.00250175
0.00282928
0.00307185
0.00314385
-0.000584099
-0.000617219
-0.000614568
-0.000604655
-0.000576305
-0.000526034
-0.000448822
-0.000339228
-0.000191665
-6.06691e-07
0.000239021
0.000530948
0.00088031
0.00128509
0.00174008
0.00223037
0.00272675
0.00317813
0.00352465
0.00366168
-0.000753365
-0.000794239
-0.00079938
-0.000801188
-0.000786163
-0.000749898
-0.000685967
-0.000587363
-0.000446698
-0.000256232
-7.88168e-06
0.000306918
0.000691179
0.00115501
0.00169853
0.00231159
0.00296471
0.00360083
0.00411105
0.00438405
-0.000942252
-0.000992871
-0.00100831
-0.00102608
-0.00102962
-0.0010135
-0.000969698
-0.00088956
-0.000763904
-0.000582906
-0.000335874
-1.12128e-05
0.000403546
0.000924264
0.00156271
0.00232129
0.00317831
0.00408491
0.00485375
0.00542409
-0.00114909
-0.00121202
-0.0012405
-0.00127956
-0.0013082
-0.00131987
-0.00130477
-0.00125252
-0.00115231
-0.000992543
-0.000759868
-0.000438035
-5.52471e-06
0.000551048
0.00127245
0.0021839
0.00328737
0.00457597
0.00574017
0.0069851
-0.0013704
-0.00144974
-0.00149421
-0.00156178
-0.00162331
-0.00167184
-0.00169557
-0.00168236
-0.00162032
-0.00149736
-0.00130001
-0.00101191
-0.000612431
-6.30091e-05
0.000708769
0.00174691
0.00311744
0.00493433
0.00665833
0.00934803
-0.00160754
-0.00169824
-0.0017611
-0.00186156
-0.00196773
-0.00206734
-0.00214407
-0.00218302
-0.00217213
-0.00209984
-0.00195282
-0.00171345
-0.00135386
-0.000827663
-6.50961e-05
0.00099184
0.00248294
0.00485156
0.00716595
0.0124443
-0.00185121
-0.00203281
-0.00209061
-0.00226927
-0.00241297
-0.00255411
-0.00267635
-0.00276843
-0.00281872
-0.00281716
-0.00275659
-0.00262845
-0.00242044
-0.0021081
-0.00165079
-0.000902509
0.000292485
0.00310635
0.00531937
0.0146397
-0.00211709
-0.00209765
-0.00221246
-0.00237161
-0.00261623
-0.00287613
-0.00312731
-0.00333781
-0.00349004
-0.00357574
-0.00360001
-0.00357191
-0.0035061
-0.00341214
-0.00329079
-0.00301781
-0.00291164
-0.000771008
-0.00171162
0.0116999
-0.00213699
-0.00284102
-0.00285206
-0.00335834
-0.00358214
-0.00386872
-0.00411126
-0.0043165
-0.00447963
-0.00459973
-0.00469441
-0.00479867
-0.00496007
-0.00530327
-0.00596199
-0.00675209
-0.00975098
-0.00971543
-0.0134529
0.00481502
-0.00355766
-0.00237272
-0.00254176
-0.00261257
-0.00308642
-0.00360493
-0.00413722
-0.0045977
-0.0049718
-0.00522868
-0.00542811
-0.00558888
-0.00586549
-0.00634166
-0.00763454
-0.00921706
-0.0146119
-0.0176348
-0.0200269
0.00744258
-0.000593246
-0.00401258
-0.00378256
-0.00501862
-0.00528004
-0.00581068
-0.00619275
-0.00649302
-0.00671594
-0.00684659
-0.0068716
-0.00702854
-0.00711559
-0.00781725
-0.0097928
-0.0116398
-0.0201358
-0.0235422
-0.0178772
0.0277126
-0.013318
-0.00146099
-0.00149922
-0.00220127
-0.00304959
-0.00390716
-0.00477687
-0.00543312
-0.00604704
-0.0062836
-0.00660381
-0.00663868
-0.00702588
-0.00741308
-0.00860521
-0.00946281
-0.00917963
-8.32475e-05
0.033514
0.116084
6.2865e-07
-8.31655e-06
1.31338e-05
5.0467e-05
0.000107121
0.000183111
0.000278349
0.000392442
0.000524444
0.000672677
0.000834563
0.00100646
0.00118358
0.0013599
0.00152834
0.00168103
0.00180976
0.00190601
0.00196857
0.00197316
8.99781e-06
-6.87004e-07
2.02526e-05
5.60308e-05
0.000110665
0.00018431
0.000277059
0.000388705
0.000518489
0.00066493
0.00082559
0.00099692
0.00117439
0.00135195
0.0015224
0.00167764
0.00180913
0.00190787
0.00197284
0.00197752
-1.51099e-05
-2.63933e-05
-6.21362e-06
2.84979e-05
8.21597e-05
0.000155078
0.000247583
0.000359739
0.000491075
0.000640376
0.000805506
0.000983308
0.001169
0.00135642
0.001538
0.00170495
0.00184767
0.00195574
0.00202749
0.00203295
-5.73841e-05
-7.03963e-05
-5.12974e-05
-1.80793e-05
3.42246e-05
0.000106188
0.00019852
0.000311712
0.00044575
0.000599884
0.000772366
0.000960287
0.00115929
0.001363
0.00156313
0.00174969
0.00191148
0.00203562
0.00211915
0.00212728
-0.000121173
-0.000136436
-0.000118799
-8.75332e-05
-3.6958e-05
3.38631e-05
0.000126152
0.000240988
0.000378997
0.000540089
0.000723151
0.000925746
0.00114385
0.00137103
0.00159839
0.00181441
0.00200535
0.00215459
0.00225672
0.00226986
-0.000206432
-0.000224626
-0.000209029
-0.000180519
-0.000132497
-6.35632e-05
2.81707e-05
0.000144553
0.000287056
0.000456488
0.00065264
0.000873889
0.00111699
0.00137561
0.0016403
0.00189776
0.00213088
0.00231756
0.00244804
0.00247019
-0.000313281
-0.000335249
-0.00032254
-0.000298044
-0.000253986
-0.000188401
-9.85607e-05
1.83514e-05
0.000164897
0.000343086
0.000553983
0.000797209
0.0010709
0.00136934
0.00168296
0.00199677
0.00228956
0.00253148
0.00270498
0.00274362
-0.000441838
-0.000468624
-0.000459986
-0.000441306
-0.000403343
-0.000343448
-0.000257871
-0.000142619
6.21731e-06
0.000192191
0.000418085
0.000685319
0.000994353
0.00134097
0.00171654
0.00210511
0.00248115
0.00280469
0.00304392
0.00311409
-0.000592031
-0.000624919
-0.000621927
-0.000611524
-0.000582642
-0.000531837
-0.00045415
-0.000344211
-0.000196515
-5.62444e-06
0.000233426
0.000524251
0.000871697
0.00127368
0.00172481
0.0022101
0.00270054
0.00314558
0.00348655
0.00362004
-0.00076346
-0.000804041
-0.0008087
-0.000809804
-0.000793988
-0.000756897
-0.00069219
-0.000592949
-0.000451884
-0.000261374
-1.349e-05
0.000300121
0.000682352
0.00114288
0.00168151
0.00228781
0.00293233
0.00355855
0.0040595
0.00432562
-0.000955248
-0.00100549
-0.00102024
-0.00103699
-0.00103936
-0.00102197
-0.000976935
-0.000895698
-0.0007692
-0.000587757
-0.000340852
-1.70967e-05
0.000395665
0.000912749
0.00154537
0.00229521
0.0031402
0.00403175
0.00478539
0.0053415
-0.00116601
-0.00122842
-0.00125592
-0.00129349
-0.0013204
-0.00133018
-0.00131316
-0.00125912
-0.0011574
-0.000996539
-0.000763442
-0.000442002
-1.13094e-05
0.000541797
0.00125736
0.0021585
0.00324608
0.00451271
0.005652
0.0068687
-0.00139257
-0.00147122
-0.00151432
-0.00157972
-0.00163873
-0.00168446
-0.00170531
-0.00168932
-0.00162477
-0.00149968
-0.00130073
-0.0010117
-0.00061244
-6.6516e-05
0.00070178
0.00172985
0.00308108
0.00486747
0.00655084
0.00918675
-0.00163685
-0.00172673
-0.00178767
-0.0018851
-0.00198762
-0.00208309
-0.0021555
-0.00219024
-0.00217545
-0.00209963
-0.00194947
-0.00170731
-0.00134533
-0.000819166
-5.80292e-05
0.000990102
0.00246196
0.00479567
0.00704997
0.0122349
-0.00188926
-0.00206835
-0.00212412
-0.00229787
-0.00243681
-0.00257253
-0.00268908
-0.00277545
-0.00282017
-0.00281325
-0.0027475
-0.0026142
-0.00240095
-0.00208228
-0.00161875
-0.000864458
0.000321358
0.00311148
0.00524619
0.0144201
-0.00216902
-0.00214805
-0.00225943
-0.00241311
-0.00265087
-0.00290277
-0.00314521
-0.00334692
-0.00349075
-0.00356851
-0.00358503
-0.00354867
-0.00347275
-0.00336494
-0.00322841
-0.00293806
-0.00280415
-0.000647254
-0.00164725
0.0115799
-0.00220183
-0.00289931
-0.00290926
-0.00340544
-0.00362132
-0.00389695
-0.00412834
-0.00432276
-0.00447558
-0.00458592
-0.00467094
-0.00476433
-0.00491168
-0.00523421
-0.00586018
-0.00660002
-0.00952361
-0.00936162
-0.0131925
0.00485971
-0.00364467
-0.00245577
-0.00261969
-0.00268174
-0.00314483
-0.00364979
-0.0041666
-0.00461162
-0.00497092
-0.00521454
-0.00540134
-0.00554921
-0.00580811
-0.00625896
-0.00750361
-0.00901448
-0.0142679
-0.0171043
-0.0196366
0.00756508
-0.000676133
-0.00408856
-0.00387002
-0.0050948
-0.00534865
-0.00586132
-0.00622574
-0.00650717
-0.00671211
-0.00682661
-0.00683842
-0.00698152
-0.00705429
-0.00773047
-0.00965671
-0.0114362
-0.0197559
-0.0230503
-0.0175241
0.0274815
-0.0134378
-0.00158572
-0.00162234
-0.00231456
-0.00314505
-0.00397964
-0.00482418
-0.00545641
-0.00604755
-0.00626599
-0.00657095
-0.00659354
-0.00696458
-0.00733324
-0.00848845
-0.00931415
-0.00898367
9.79494e-05
0.0335049
0.115374
-1.45766e-06
-1.02171e-05
1.13244e-05
4.87652e-05
0.000105485
0.0001815
0.000276712
0.000390717
0.000522556
0.000670549
0.000832108
0.0010036
0.00118024
0.00135603
0.00152393
0.0016761
0.0018044
0.00190037
0.00196277
0.0019675
6.60418e-06
-2.87409e-06
1.81629e-05
5.40678e-05
0.00010879
0.000182485
0.000275233
0.000386815
0.000516462
0.000662683
0.000823034
0.000993964
0.00117095
0.00134798
0.00151786
0.00167256
0.00180357
0.00190199
0.00196677
0.00197157
-1.78453e-05
-2.89092e-05
-8.6204e-06
2.62362e-05
8.00057e-05
0.000152991
0.00024551
0.000357613
0.000488815
0.000637889
0.000802688
0.00098005
0.0011652
0.00135199
0.00153289
0.00169916
0.00184129
0.00194892
0.00202038
0.00202594
-6.0629e-05
-7.3406e-05
-5.41802e-05
-2.07903e-05
3.16486e-05
0.000103706
0.000196075
0.000309231
0.000443141
0.000597036
0.00076915
0.000956557
0.00115491
0.00135783
0.00155708
0.00174274
0.00190369
0.00202717
0.00211024
0.00211841
-0.000125059
-0.000140065
-0.000122279
-9.08083e-05
-4.00641e-05
3.08843e-05
0.00012324
0.00023806
0.000375943
0.00053677
0.0007194
0.00092137
0.00113864
0.0013648
0.00159096
0.0018057
0.00199539
0.00214359
0.00224495
0.00225802
-0.000211136
-0.000229041
-0.000213267
-0.000184507
-0.000136268
-6.71579e-05
2.46871e-05
0.000141084
0.000283469
0.000452609
0.000648249
0.000868725
0.00111076
0.001368
0.00163101
0.00188661
0.00211782
0.00230282
0.00243202
0.00245383
-0.00031904
-0.000340679
-0.000327751
-0.000302938
-0.00025859
-0.000192751
-0.000102728
1.4255e-05
0.00016071
0.00033859
0.000548898
0.000791177
0.00106348
0.00136006
0.00167134
0.00198241
0.00227226
0.00251144
0.00268273
0.00272051
-0.000448977
-0.00047538
-0.00046646
-0.000447363
-0.000408993
-0.000348719
-0.000262839
-0.000147417
1.39597e-06
0.000187079
0.000412326
0.000678441
0.000985714
0.00132986
0.00170218
0.00208675
0.00245826
0.00277729
0.00301274
0.00308092
-0.000600998
-0.000633433
-0.00063006
-0.000619082
-0.000589612
-0.000538231
-0.000460046
-0.000349757
-0.00020194
-1.12591e-05
0.00022713
0.000516689
0.000862002
0.00126082
0.00170753
0.00218709
0.00267064
0.00310828
0.00344274
0.00357193
-0.000774881
-0.000814913
-0.000819038
-0.000819326
-0.000802641
-0.000764666
-0.000699142
-0.000599244
-0.000457789
-0.000267287
-1.99745e-05
0.000292286
0.000672167
0.00112888
0.00166175
0.00226005
0.00289431
0.00350853
0.00399822
0.00425521
-0.000970006
-0.00101956
-0.00103354
-0.00104911
-0.00105018
-0.00103143
-0.000985081
-0.00090269
-0.000775333
-0.000593475
-0.000346784
-2.41239e-05
0.000386328
0.000899189
0.00152473
0.00226392
0.0030942
0.00396701
0.0047017
0.00523778
-0.00118538
-0.00124691
-0.00127329
-0.00130911
-0.00133407
-0.00134176
-0.00132266
-0.0012667
-0.00116336
-0.00100135
-0.000767739
-0.000446747
-1.8045e-05
0.000531302
0.00123912
0.00212721
0.00319502
0.00443383
0.00554165
0.00671749
-0.00141831
-0.00149579
-0.0015373
-0.00160006
-0.00165616
-0.00169872
-0.00171635
-0.00169729
-0.00162999
-0.00150258
-0.00130192
-0.00101175
-0.000611831
-6.71658e-05
0.000693522
0.00170788
0.00303497
0.00478222
0.00641499
0.00897158
-0.00167159
-0.00176011
-0.00181872
-0.00191241
-0.00201051
-0.00210108
-0.00216848
-0.00219844
-0.00217928
-0.00209976
-0.00194639
-0.00170133
-0.00133585
-0.00080536
-4.98977e-05
0.00098634
0.00243519
0.00472429
0.00690552
0.0119517
-0.0019356
-0.00211082
-0.00216394
-0.00233105
-0.00246407
-0.00259324
-0.00270313
-0.00278296
-0.00282151
-0.00280889
-0.00273783
-0.0025995
-0.00238156
-0.00205783
-0.00158448
-0.000821504
0.000358594
0.00312387
0.00517441
0.0141291
-0.00223341
-0.00220954
-0.00231691
-0.00246365
-0.00269266
-0.00293451
-0.00316612
-0.00335726
-0.00349118
-0.00356015
-0.00356859
-0.00352403
-0.00343813
-0.00331553
-0.00315897
-0.00284126
-0.00266437
-0.000470288
-0.00153421
0.011457
-0.00228997
-0.00297727
-0.00298391
-0.00346439
-0.00366899
-0.00393087
-0.00414699
-0.0043272
-0.00446739
-0.00456672
-0.00464161
-0.00472409
-0.00485709
-0.00515545
-0.0057393
-0.00641031
-0.00921958
-0.00885458
-0.0128446
0.00500759
-0.00375542
-0.00255927
-0.00271883
-0.00276931
-0.00321838
-0.00370471
-0.00420124
-0.00462609
-0.00496678
-0.00519481
-0.0053679
-0.00550289
-0.00574407
-0.00616659
-0.00735352
-0.00876643
-0.0138453
-0.0163357
-0.0191846
0.00777205
-0.000814593
-0.00420865
-0.00399849
-0.00520302
-0.00544329
-0.00592686
-0.00626149
-0.00651482
-0.00669592
-0.00679148
-0.00679063
-0.00691967
-0.00698428
-0.00763024
-0.00950018
-0.011196
-0.0193483
-0.0223918
-0.0172808
0.026964
-0.0135988
-0.00175652
-0.00179076
-0.00246576
-0.00326643
-0.00406522
-0.00487295
-0.00547418
-0.00603769
-0.00623683
-0.00652662
-0.00653686
-0.00689921
-0.00723804
-0.00836972
-0.00913611
-0.00874598
0.000226835
0.033032
0.113952
-3.54814e-06
-1.17589e-05
9.93481e-06
4.75543e-05
0.000104357
0.000180377
0.000275522
0.000389382
0.000520996
0.000668672
0.00082983
0.00100085
0.00117693
0.00135211
0.00151939
0.00167099
0.00179885
0.00189461
0.00195694
0.00196227
3.81724e-06
-5.11246e-06
1.60889e-05
5.22064e-05
0.000107066
0.000180838
0.000273602
0.000385128
0.000514639
0.000660635
0.000820665
0.00099118
0.00116767
0.00134413
0.00151342
0.00166755
0.00179813
0.00189633
0.00196102
0.00196648
-2.10999e-05
-3.15811e-05
-1.1113e-05
2.39846e-05
7.79181e-05
0.000151006
0.000243565
0.000355635
0.000486718
0.000635574
0.000800046
0.000976964
0.00116156
0.00134771
0.00152792
0.00169351
0.00183507
0.00194239
0.00201369
0.00201996
-6.45272e-05
-7.66835e-05
-5.72618e-05
-2.35995e-05
2.90366e-05
0.000101233
0.000193678
0.000306831
0.00044064
0.000594317
0.000766077
0.000952979
0.00115068
0.00135281
0.00155119
0.00173596
0.00189611
0.00201909
0.00210185
0.00211072
-0.000129695
-0.000144034
-0.000126034
-9.42562e-05
-4.32807e-05
2.78417e-05
0.000120304
0.000235142
0.000372927
0.000533512
0.000715725
0.000917079
0.00113353
0.00135866
0.00158363
0.00179711
0.0019856
0.00213293
0.0022337
0.00224741
-0.000216677
-0.00023386
-0.000217846
-0.000188736
-0.00014022
-7.08918e-05
2.10973e-05
0.000137535
0.000279822
0.000448684
0.000643824
0.000863526
0.00110448
0.00136033
0.00162166
0.00187539
0.00210473
0.00228822
0.0024163
0.00243857
-0.000325735
-0.000346583
-0.000333379
-0.00030815
-0.000263458
-0.000197332
-0.000107107
9.95663e-06
0.000156325
0.0003339
0.000543616
0.000784931
0.00105581
0.00135047
0.00165933
0.00196759
0.00225446
0.00249099
0.00266021
0.00269791
-0.000457179
-0.000482704
-0.000473449
-0.000453835
-0.000415013
-0.000354342
-0.000268159
-0.000152577
-3.80347e-06
0.000181569
0.000406159
0.000671156
0.000976504
0.00131801
0.00168687
0.0020672
0.00243392
0.00274831
0.0029799
0.0030467
-0.0006112
-0.000642646
-0.000638844
-0.00062719
-0.000597095
-0.000545135
-0.000466472
-0.000355872
-0.000207994
-1.75933e-05
0.000220066
0.000508276
0.00085121
0.00124654
0.00168841
0.00216163
0.00263752
0.00306702
0.00339436
0.00351899
-0.000787788
-0.000826678
-0.000830224
-0.000829586
-0.000811997
-0.000773143
-0.000706846
-0.000606373
-0.000464652
-0.000274329
-2.7831e-05
0.000282717
0.000660048
0.00111244
0.00163872
0.00222778
0.00285007
0.0034501
0.00392657
0.00417161
-0.000986642
-0.00103484
-0.00104801
-0.00106225
-0.00106196
-0.00104185
-0.000994236
-0.000910823
-0.000782814
-0.00060083
-0.000354736
-3.36622e-05
0.000373917
0.000881728
0.00149874
0.002225
0.00303712
0.00388597
0.00459659
0.00510167
-0.00120729
-0.00126715
-0.00129232
-0.00132615
-0.00134903
-0.00135457
-0.00133343
-0.00127572
-0.00117108
-0.00100838
-0.000774847
-0.000454963
-2.88197e-05
0.000515814
0.0012132
0.00208438
0.00312628
0.00432677
0.00539118
0.00649331
-0.00144784
-0.00152313
-0.00156279
-0.00162247
-0.00167532
-0.0017145
-0.00172886
-0.00170689
-0.00163726
-0.00150819
-0.00130652
-0.00101618
-0.000616541
-7.20231e-05
0.000675789
0.00167089
0.0029649
0.00465379
0.00621647
0.00860862
-0.00171248
-0.00179844
-0.00185409
-0.00194323
-0.00203606
-0.00212101
-0.00218296
-0.00220812
-0.00218512
-0.00210255
-0.00194703
-0.00170052
-0.00133205
-0.000777815
-5.1125e-05
0.000968802
0.00238781
0.00460521
0.00669164
0.011424
-0.00199266
-0.00216024
-0.00220975
-0.00236765
-0.00249322
-0.0026146
-0.00271731
-0.00279054
-0.0028232
-0.00280547
-0.00273002
-0.00258804
-0.00236919
-0.00206667
-0.00155606
-0.000776508
0.000408623
0.00313472
0.00512468
0.0135861
-0.00231835
-0.00228778
-0.00238865
-0.00252544
-0.00274184
-0.00297013
-0.00318861
-0.00336747
-0.00349069
-0.00355094
-0.00355219
-0.00350088
-0.00340681
-0.00327175
-0.00307979
-0.0027067
-0.0024209
-0.000135081
-0.00104898
0.0113712
-0.00242321
-0.00308234
-0.00307857
-0.00353071
-0.00371609
-0.00395355
-0.00415417
-0.00431974
-0.00444749
-0.00453699
-0.00460362
-0.00467674
-0.00479559
-0.00506267
-0.00557975
-0.00613187
-0.00866397
-0.00791113
-0.0117578
0.00555562
-0.00392835
-0.00270844
-0.00286042
-0.00288851
-0.00331121
-0.00376822
-0.00423466
-0.00463251
-0.00495
-0.00516143
-0.00532172
-0.00544631
-0.00566967
-0.0060573
-0.00715274
-0.00839732
-0.0131032
-0.01494
-0.017938
0.00814524
-0.0011331
-0.00441847
-0.00419616
-0.00533488
-0.00553138
-0.00596877
-0.00626283
-0.00648075
-0.00663323
-0.00670966
-0.00670332
-0.00682299
-0.00689452
-0.00751005
-0.00929285
-0.0108756
-0.0185594
-0.0213088
-0.0166782
0.0255367
-0.013946
-0.0020888
-0.0021014
-0.0027167
-0.00344406
-0.00417616
-0.00492479
-0.00548093
-0.00599954
-0.00617839
-0.00645401
-0.00645876
-0.00681857
-0.00713121
-0.00824606
-0.00896196
-0.00860754
0.000297885
0.032185
0.110247
-5.38765e-06
-1.28588e-05
8.96521e-06
4.67508e-05
0.000103621
0.000179639
0.000274716
0.000388441
0.000519853
0.000667247
0.000828014
0.000998537
0.00117406
0.00134865
0.00151532
0.00166637
0.00179381
0.0018894
0.0019517
0.00195805
9.91815e-07
-7.12811e-06
1.42162e-05
5.05739e-05
0.000105584
0.000179451
0.000272256
0.000383765
0.000513192
0.000659027
0.000818802
0.000988959
0.00116501
0.00134097
0.00150972
0.00166336
0.00179354
0.0018916
0.00195625
0.00196272
-2.43901e-05
-3.39954e-05
-1.33741e-05
2.19829e-05
7.60893e-05
0.000149303
0.000241936
0.000354017
0.000485036
0.000633735
0.000797947
0.000974488
0.00115861
0.00134419
0.00152379
0.00168877
0.00182984
0.00193693
0.00200814
0.00201551
-6.84511e-05
-7.96701e-05
-6.00825e-05
-2.61319e-05
2.67068e-05
9.90609e-05
0.000191613
0.000304807
0.000438573
0.0005921
0.000763586
0.000950066
0.00114721
0.00134867
0.00154629
0.00173028
0.00188975
0.00201236
0.00209493
0.00210497
-0.000134317
-0.000147644
-0.000129467
-9.73719e-05
-4.61649e-05
2.51439e-05
0.000117737
0.000232629
0.000370368
0.000530779
0.000712666
0.000913508
0.00112927
0.00135352
0.00157747
0.00178985
0.00197732
0.00212401
0.00222438
0.00223937
-0.000222153
-0.000238231
-0.000222027
-0.000192561
-0.000143777
-7.42279e-05
1.79179e-05
0.000134423
0.000276657
0.000445314
0.000640052
0.000859097
0.00109915
0.0013538
0.00161369
0.00186581
0.00209357
0.00227589
0.00240315
0.00242674
-0.000332301
-0.000351929
-0.000338513
-0.000312872
-0.000267856
-0.000201457
-0.000111031
6.12779e-06
0.00015245
0.000329789
0.000539021
0.000779498
0.00104918
0.00134218
0.00164895
0.00195477
0.00223909
0.00247349
0.00264109
0.00267992
-0.000465166
-0.000489327
-0.000479822
-0.000459707
-0.000420475
-0.000359442
-0.000272978
-0.000157235
-8.4754e-06
0.000176657
0.000400749
0.000665011
0.000968478
0.00130762
0.00167345
0.00205006
0.00241261
0.00272313
0.00295163
0.00301859
-0.000621073
-0.000650972
-0.000646854
-0.000634563
-0.000603912
-0.000551437
-0.000472345
-0.000361463
-0.000213521
-2.33535e-05
0.000213744
0.000501587
0.000841671
0.00123385
0.00167141
0.00213901
0.0026082
0.00303071
0.00335221
0.00347426
-0.000800208
-0.000837318
-0.000840437
-0.000838943
-0.000820556
-0.000780924
-0.000713941
-0.000612961
-0.000471006
-0.000280845
-3.50926e-05
0.000273383
0.000649245
0.00109769
0.00161803
0.00219883
0.00281051
0.0033982
0.00386381
0.00409886
-0.00100259
-0.0010487
-0.00106124
-0.00107427
-0.00107278
-0.00105145
-0.00100273
-0.000918411
-0.00078983
-0.000607738
-0.000362171
-4.24843e-05
0.000362863
0.000865783
0.00147511
0.00218976
0.00298584
0.0038139
0.00450519
0.00498243
-0.00122824
-0.00128559
-0.00130982
-0.00134184
-0.00136285
-0.00136646
-0.0013435
-0.00128421
-0.00117842
-0.00101512
-0.000781738
-0.000463044
-3.91836e-05
0.000501099
0.00118959
0.0020456
0.00306461
0.00423202
0.00526276
0.00629708
-0.00147617
-0.00154824
-0.00158642
-0.00164322
-0.00169313
-0.00172925
-0.00174064
-0.00171604
-0.00164429
-0.00151377
-0.00131145
-0.00102145
-0.000624051
-8.46494e-05
0.000656882
0.00163481
0.00289944
0.00453782
0.00605202
0.00829282
-0.00175188
-0.00183438
-0.00188746
-0.00197243
-0.00206031
-0.00214002
-0.00219688
-0.00221755
-0.00219091
-0.0021058
-0.00194893
-0.00170235
-0.00133782
-0.000809297
-6.11166e-05
0.000947042
0.00234139
0.00449492
0.00652966
0.0109845
-0.00204867
-0.00220774
-0.00225397
-0.00240277
-0.00252123
-0.00263527
-0.00273108
-0.00279798
-0.00282516
-0.0028031
-0.00272438
-0.0025796
-0.00235572
-0.00202665
-0.00153943
-0.000750403
0.000440973
0.00311962
0.0051713
0.013198
-0.00239947
-0.0023596
-0.00245621
-0.00258479
-0.00278977
-0.00300589
-0.00321142
-0.00337823
-0.00349168
-0.0035443
-0.00353993
-0.00348431
-0.00338501
-0.00323902
-0.00303172
-0.00261867
-0.00225185
8.84774e-05
-0.000581486
0.0115436
-0.00256868
-0.00320967
-0.00318388
-0.00360988
-0.00377245
-0.00398766
-0.00416548
-0.00431257
-0.0044265
-0.00450661
-0.0045674
-0.00463566
-0.00474845
-0.00499605
-0.00546989
-0.00594431
-0.00822321
-0.00711639
-0.0110056
0.00637713
-0.00407019
-0.00283091
-0.00299159
-0.00300608
-0.00340515
-0.00383226
-0.00426729
-0.00463712
-0.00493106
-0.00512705
-0.00527758
-0.00539897
-0.00561745
-0.00599314
-0.00703735
-0.00813726
-0.0126403
-0.0135998
-0.0172451
0.00839335
-0.00157328
-0.00479028
-0.00448902
-0.00556352
-0.0056893
-0.00604487
-0.006269
-0.00643209
-0.00654612
-0.00659947
-0.00659451
-0.00671309
-0.00681151
-0.00742599
-0.00913112
-0.0106302
-0.0180639
-0.0205154
-0.0177333
0.0236789
-0.0141907
-0.00237821
-0.00240341
-0.00295235
-0.00360574
-0.00427285
-0.00495825
-0.00547172
-0.00594895
-0.0061156
-0.00638074
-0.00639871
-0.00676509
-0.00705119
-0.00820509
-0.00885756
-0.00904524
-0.000556674
0.0286406
0.104986
-6.98818e-06
-1.13567e-05
1.06582e-05
4.86778e-05
0.000105476
0.000181264
0.000275995
0.000389262
0.000520088
0.000666786
0.000826777
0.000996417
0.00117096
0.00134449
0.00151011
0.00166018
0.00178688
0.00188232
0.00194472
0.00195511
-4.21376e-06
-9.16236e-06
1.23848e-05
4.91848e-05
0.000104429
0.000178454
0.000271366
0.000382924
0.000512326
0.000658047
0.000817584
0.000987376
0.00116299
0.00133841
0.00150658
0.00165963
0.0017894
0.00188753
0.00195231
0.00196299
-3.0425e-05
-3.6613e-05
-1.57725e-05
2.00784e-05
7.44666e-05
0.000147889
0.000240681
0.000352861
0.000483894
0.0006325
0.000796519
0.00097272
0.00115638
0.0013414
0.00152032
0.00168464
0.0018252
0.00193234
0.00200366
0.00201562
-7.54923e-05
-8.30899e-05
-6.32811e-05
-2.87923e-05
2.43787e-05
9.6999e-05
0.000189771
0.000303121
0.000436956
0.00059044
0.000761751
0.00094787
0.00114454
0.00134536
0.00154224
0.00172546
0.00188432
0.00200693
0.0020896
0.00210483
-0.000142282
-0.000151741
-0.000133356
-0.000100697
-4.91352e-05
2.24583e-05
0.000115284
0.000230339
0.000368144
0.000528496
0.000710162
0.000910561
0.00112575
0.0013492
0.0015722
0.00178357
0.00197019
0.00211673
0.00221716
0.00223802
-0.000231179
-0.000243083
-0.000226693
-0.000196644
-0.000147492
-7.76541e-05
1.47201e-05
0.000131374
0.000273648
0.000442197
0.000636621
0.000855041
0.00109436
0.00134796
0.00160653
0.0018572
0.00208364
0.00226549
0.00239267
0.00242301
-0.000342655
-0.000357733
-0.00034416
-0.000317908
-0.000272512
-0.000205817
-0.000115166
2.12472e-06
0.000148448
0.000325608
0.000534402
0.000773852
0.00104269
0.0013342
0.00163905
0.00194265
0.0022248
0.00245801
0.00262515
0.00267169
-0.000477212
-0.000496368
-0.000486739
-0.000465972
-0.000426332
-0.000364981
-0.00027828
-0.000162418
-1.37022e-05
0.000171189
0.000394875
0.000658973
0.000960004
0.0012968
0.00165969
0.00203272
0.00239151
0.0026993
0.00292634
0.00300168
-0.000635296
-0.000659643
-0.000655434
-0.00064242
-0.000611298
-0.000558445
-0.000479079
-0.000368075
-0.000220226
-3.04374e-05
0.000205938
0.000492459
0.000830261
0.00121923
0.00165233
0.00211409
0.00257646
0.0029929
0.00331059
0.00343904
-0.000817279
-0.000848177
-0.000851223
-0.000848875
-0.000829886
-0.000789747
-0.000722391
-0.000621241
-0.000479414
-0.000289821
-4.53477e-05
0.000260783
0.000634693
0.00107848
0.00159192
0.00216306
0.00276241
0.00333663
0.00379328
0.00402415
-0.00102349
-0.00106258
-0.00107502
-0.00108694
-0.00108459
-0.00106249
-0.00101317
-0.000928528
-0.000800005
-0.000618527
-0.000374355
-5.70209e-05
0.000345373
0.000840785
0.00143999
0.00213903
0.00291339
0.00371295
0.00438282
0.00481952
-0.00125449
-0.00130375
-0.00132774
-0.00135821
-0.00137784
-0.00138018
-0.00135617
-0.00129621
-0.00119026
-0.00102752
-0.000795793
-0.000480443
-6.35142e-05
0.000475714
0.00114792
0.0019787
0.00296024
0.00407162
0.00505294
0.00593349
-0.00151078
-0.00157277
-0.00161027
-0.00166446
-0.00171209
-0.00174606
-0.0017556
-0.00172963
-0.00165719
-0.00152687
-0.00132583
-0.00103821
-0.000643262
-0.000108622
0.000607752
0.00154794
0.0027528
0.0042896
0.00572018
0.00749727
-0.00179913
-0.00187186
-0.00192241
-0.00200385
-0.00208673
-0.00216163
-0.00221436
-0.00223206
-0.00220382
-0.00211863
-0.00196356
-0.00172156
-0.00136664
-0.000852735
-8.056e-05
0.000872829
0.00220055
0.00418753
0.00613821
0.00956065
-0.00211814
-0.00224876
-0.00229551
-0.00243254
-0.00254554
-0.0026541
-0.00274545
-0.00280865
-0.00283302
-0.00280943
-0.00273042
-0.00258728
-0.00236766
-0.00205034
-0.00160067
-0.0007507
0.000414619
0.00297001
0.00538053
0.01175
-0.00251562
-0.00245913
-0.00254397
-0.00266423
-0.00285009
-0.00305002
-0.00323996
-0.00339448
-0.00349834
-0.00354576
-0.00354025
-0.00348687
-0.00339172
-0.00324719
-0.00302702
-0.00254638
-0.00188486
0.00067062
0.00216441
0.0121606
-0.00281672
-0.00335496
-0.00328727
-0.00365317
-0.00379266
-0.0039803
-0.00414128
-0.00427615
-0.0043827
-0.00446007
-0.00452253
-0.00459284
-0.00470795
-0.0049298
-0.00532666
-0.00560417
-0.00697056
-0.0051942
-0.00569397
0.0101303
-0.00438488
-0.0030415
-0.00321017
-0.00320587
-0.00353947
-0.00390745
-0.00428871
-0.00461856
-0.00488252
-0.00506549
-0.00521233
-0.00534352
-0.00556989
-0.00593703
-0.00685818
-0.00765456
-0.0111429
-0.0103073
-0.011485
0.0115352
-0.00318326
-0.00554254
-0.00490015
-0.00566649
-0.00564751
-0.00587094
-0.00601044
-0.00612309
-0.00621958
-0.00627584
-0.00632745
-0.00646459
-0.00667742
-0.00733772
-0.00885743
-0.0104089
-0.0166379
-0.0170558
-0.0156448
0.0224139
-0.0152189
-0.00320274
-0.00320324
-0.0034214
-0.00384232
-0.00438968
-0.00497074
-0.00541437
-0.0058108
-0.00599211
-0.0062273
-0.00630521
-0.0066727
-0.00698352
-0.00811517
-0.00847998
-0.00922682
-0.000372061
0.0219933
0.0891636
)
;

boundaryField
{
    movingWall
    {
        type            zeroGradient;
    }
    fixedWalls
    {
        type            zeroGradient;
    }
}


// ************************************************************************* //
