/*--------------------------------*- C++ -*----------------------------------*\
  =========                 |
  \\      /  F ield         | OpenFOAM: The Open Source CFD Toolbox
   \\    /   O peration     | Website:  https://openfoam.org
    \\  /    A nd           | Version:  9
     \\/     M anipulation  |
\*---------------------------------------------------------------------------*/
FoamFile
{
    format      ascii;
    class       volScalarField;
    location    "3";
    object      p;
}
// * * * * * * * * * * * * * * * * * * * * * * * * * * * * * * * * * * * * * //

dimensions      [0 2 -2 0 0 0 0];

internalField   nonuniform List<scalar> 
8000
(
2.25115e-08
-2.72349e-07
3.31648e-05
8.93754e-05
0.00016944
0.00027243
0.000396978
0.000541215
0.000702648
0.000878085
0.00106361
0.00125455
0.00144544
0.00163022
0.00180239
0.00195526
0.00208236
0.00217765
0.00223931
0.00225251
-6.52294e-06
-5.43457e-06
2.82797e-05
8.40405e-05
0.00016347
0.000265816
0.000389844
0.000533797
0.000695286
0.000871213
0.00105764
0.00124998
0.00144282
0.00162996
0.00180477
0.00196036
0.00209003
0.00218745
0.00225084
0.00226427
-4.52828e-05
-4.44498e-05
-1.02535e-05
4.61521e-05
0.00012668
0.00023075
0.000357281
0.00050466
0.000670616
0.000852125
0.00104542
0.0012458
0.00144758
0.00164438
0.00182915
0.00199448
0.00213296
0.00223747
0.00230578
0.00232029
-0.000109257
-0.000109084
-7.4337e-05
-1.68649e-05
6.55611e-05
0.000172593
0.000303378
0.000456523
0.000629943
0.00082076
0.0010252
0.00123855
0.00145505
0.00166784
0.00186916
0.00205074
0.00220402
0.00232054
0.00239725
0.00241415
-0.00020132
-0.000202167
-0.000166773
-0.000107845
-2.27445e-05
8.84875e-05
0.000225308
0.000386623
0.000570612
0.000774604
0.000994929
0.00122684
0.00146439
0.00170021
0.00192568
0.00213119
0.00230656
0.0024412
0.00253071
0.00255152
-0.000323088
-0.000325381
-0.000289361
-0.0002288
-0.000140511
-2.41236e-05
0.000120235
0.000291876
0.000489347
0.000710275
0.000951194
0.00120743
0.00147288
0.00173962
0.00199798
0.00223665
0.00244314
0.0026038
0.00271195
0.00273887
-0.000476422
-0.000480734
-0.000444319
-0.000382263
-0.000290642
-0.000168541
-1.55346e-05
0.000168226
0.000381788
0.000623217
0.000889397
0.00117583
0.00147648
0.00178294
0.00208442
0.00236756
0.00261678
0.0028141
0.00294903
0.00298543
-0.000663524
-0.000670646
-0.000634374
-0.000571386
-0.000476778
-0.000348921
-0.000186671
1.0514e-05
0.000242331
0.000507452
0.000803309
0.00112582
0.00146933
0.00182519
0.00218172
0.00252336
0.00283053
0.0030793
0.00325283
0.00330447
-0.000886898
-0.000897924
-0.00086275
-0.000799952
-0.000703334
-0.000570332
-0.000398889
-0.000187608
6.40118e-05
0.000355429
0.000684862
0.00104897
0.00144303
0.0018587
0.00228393
0.00270129
0.00308659
0.00340795
0.00363764
0.00371482
-0.00114934
-0.00116577
-0.00113321
-0.00107245
-0.000975585
-0.000838842
-0.000659028
-0.00043374
-0.000161558
0.000157911
0.000523922
0.000934276
0.00138598
0.00187187
0.00238077
0.00289446
0.00338441
0.00380919
0.00412169
0.00424374
-0.00145391
-0.00147783
-0.00145012
-0.00139417
-0.0012998
-0.00116163
-0.000975103
-0.000736727
-0.000444139
-9.59682e-05
0.000308243
0.000767661
0.00128252
0.00184777
0.00245536
0.0030888
0.00371681
0.00429059
0.00472709
0.00493237
-0.00180418
-0.00183841
-0.00181867
-0.00177147
-0.00168345
-0.00154712
-0.00135634
-0.00110655
-0.000794602
-0.000418314
2.42112e-05
0.000535223
0.00111309
0.00176255
0.002481
0.00325802
0.00406379
0.00485305
0.00547784
0.00584351
-0.00220346
-0.00225196
-0.00224476
-0.00221196
-0.00213555
-0.00200524
-0.00181321
-0.00155405
-0.00122442
-0.000822041
-0.000344621
0.00021092
0.00084902
0.00158238
0.00241705
0.0033567
0.00438207
0.00547713
0.00637975
0.00708832
-0.00266465
-0.00272863
-0.00273766
-0.00272591
-0.00266743
-0.00254777
-0.00235734
-0.00209043
-0.0017444
-0.00131797
-0.000808652
-0.000208604
0.000495853
0.00129611
0.00222807
0.00332157
0.00458749
0.00609346
0.00739538
0.00881864
-0.00315578
-0.00327205
-0.00330275
-0.00332848
-0.00329552
-0.00318956
-0.00300143
-0.00272627
-0.00236343
-0.00191521
-0.0013865
-0.000781019
-9.7318e-05
0.000707562
0.00168848
0.00290758
0.00439488
0.00653015
0.00835415
0.0112424
-0.00383948
-0.0038572
-0.00393825
-0.00398399
-0.00399355
-0.0039212
-0.00374791
-0.00346661
-0.00308235
-0.00260347
-0.00203672
-0.00138174
-0.000629497
0.000250278
0.00129842
0.00258485
0.00419374
0.00682776
0.00913856
0.0142286
-0.00437437
-0.00495573
-0.00488597
-0.00510291
-0.00508766
-0.00496405
-0.00472368
-0.00437796
-0.00394073
-0.00342524
-0.00285441
-0.00224251
-0.00160707
-0.000950941
-0.000339591
0.00048271
0.00144218
0.00503393
0.00701125
0.0169885
-0.00607201
-0.00489549
-0.00527816
-0.00532395
-0.00550511
-0.00553015
-0.00541238
-0.00513131
-0.0047066
-0.00415946
-0.00354274
-0.00287232
-0.0022003
-0.0015049
-0.000897986
0.000136924
0.000233392
0.00364166
0.00522275
0.0202282
-0.00558211
-0.0081318
-0.00753137
-0.00823338
-0.00802004
-0.0077252
-0.00724026
-0.00664618
-0.00599352
-0.00524316
-0.00454923
-0.003874
-0.00332294
-0.00294572
-0.00309857
-0.00315574
-0.005676
-0.00249427
-0.00288655
0.0241222
-0.0170794
-0.00583303
-0.00631959
-0.00672399
-0.0069205
-0.0069745
-0.00685596
-0.00651335
-0.00600244
-0.00532892
-0.00467848
-0.00389691
-0.00340546
-0.00269482
-0.00269429
-0.00181432
-0.0010317
0.0075022
0.0246896
0.074596
-1.44143e-06
-2.28417e-06
3.14862e-05
8.76693e-05
0.00016785
0.000271042
0.000395868
0.000540463
0.000702318
0.000878259
0.00106435
0.00125587
0.00144741
0.00163287
0.00180569
0.00195914
0.00208665
0.002182
0.00224355
0.00225387
-3.40786e-06
-4.41679e-06
2.92813e-05
8.47807e-05
0.000164062
0.000266304
0.000390263
0.000534187
0.000695689
0.000871669
0.00105812
0.00125079
0.00144391
0.00163136
0.00180649
0.00196239
0.00209223
0.00218952
0.00225274
0.00226313
-4.10272e-05
-4.2762e-05
-8.73294e-06
4.7323e-05
0.000127648
0.000231567
0.000357985
0.000505293
0.000671227
0.000852776
0.00104618
0.00124673
0.00144876
0.00164586
0.00183096
0.00199659
0.00213526
0.00223961
0.00230774
0.00231894
-0.000104073
-0.000106707
-7.21882e-05
-1.51326e-05
6.70367e-05
0.000173867
0.000304489
0.000457513
0.000630869
0.000821698
0.00102628
0.00123972
0.00145644
0.00166951
0.00187117
0.00205306
0.00220655
0.0023229
0.0023994
0.00241264
-0.000195315
-0.000199203
-0.000164062
-0.000105596
-2.07861e-05
9.02158e-05
0.000226849
0.000388024
0.000571941
0.000775945
0.000996385
0.00122843
0.00146621
0.00170236
0.00192821
0.00213411
0.00230974
0.00244422
0.00253349
0.00255019
-0.000316148
-0.000321765
-0.000286007
-0.000225954
-0.000137986
-2.18543e-05
0.000122298
0.000293789
0.000491183
0.00071212
0.000953129
0.00120959
0.00147535
0.0017425
0.00200135
0.00224054
0.00244742
0.00260798
0.00271589
0.00273808
-0.000468306
-0.000476291
-0.000440146
-0.000378653
-0.000287397
-0.000165585
-1.281e-05
0.000170787
0.00038427
0.000625721
0.000892034
0.00117878
0.00147984
0.00178685
0.00208902
0.0023729
0.00262276
0.00282012
0.00295488
0.00298586
-0.000653881
-0.000665107
-0.000629119
-0.000566773
-0.000472597
-0.000345087
-0.00018311
1.38863e-05
0.000245621
0.000510789
0.000806848
0.00112977
0.00147385
0.0018305
0.00218804
0.00253081
0.00283908
0.00308827
0.00326179
0.00330711
-0.000875239
-0.0008909
-0.000856042
-0.000794011
-0.000697938
-0.000565382
-0.000394291
-0.000183248
6.82737e-05
0.000359765
0.000689485
0.00105417
0.00144902
0.00186583
0.00229259
0.0027118
0.00309904
0.00342167
0.00365178
0.0037217
-0.00113496
-0.0011567
-0.00112452
-0.00106474
-0.000968617
-0.000832498
-0.000653177
-0.000428225
-0.000156187
0.000163371
0.000529771
0.000940941
0.00139372
0.00188129
0.00239255
0.00290932
0.00340277
0.00383066
0.00414472
0.00425961
-0.00143574
-0.00146585
-0.00143869
-0.00138408
-0.00129081
-0.00115358
-0.000967803
-0.000729943
-0.000437602
-8.93636e-05
0.000315329
0.000775999
0.00129219
0.00185989
0.00247113
0.00310964
0.00374404
0.00432486
0.00476551
0.0049675
-0.00178057
-0.00182224
-0.0018034
-0.00175818
-0.00167191
-0.00153708
-0.00134749
-0.00109853
-0.000787028
-0.000410778
3.21238e-05
0.00054342
0.00112418
0.00177746
0.00250145
0.00328664
0.00410373
0.00490828
0.00554328
0.00592106
-0.00217091
-0.00222923
-0.00222377
-0.00219431
-0.00212088
-0.00199306
-0.00180297
-0.00154518
-0.00121632
-0.000814164
-0.00033632
0.000220918
0.000861878
0.00160058
0.00244292
0.00339476
0.00443879
0.00556403
0.00648967
0.00726111
-0.00262005
-0.00269599
-0.00270822
-0.00270228
-0.00264906
-0.00253374
-0.00234658
-0.00208185
-0.00173704
-0.00131116
-0.000801573
-0.000201005
0.000501218
0.00130877
0.00225099
0.00336138
0.00465481
0.00622015
0.00756774
0.0091987
-0.00308224
-0.00322584
-0.0032602
-0.00329906
-0.00327522
-0.00317628
-0.00299317
-0.00272125
-0.00236036
-0.00191322
-0.00138519
-0.000781963
-0.000109384
0.000724032
0.0017176
0.00295298
0.00446383
0.00667733
0.00855636
0.0119585
-0.00371958
-0.00375213
-0.00386046
-0.00392536
-0.00395826
-0.00390388
-0.00374375
-0.00347004
-0.00308909
-0.00261033
-0.00204088
-0.00137755
-0.000597183
0.000284656
0.00130378
0.00259098
0.00416836
0.00687139
0.00905617
0.01507
-0.00414182
-0.00486346
-0.00480798
-0.00509464
-0.00510293
-0.00499815
-0.00476563
-0.0044214
-0.00398229
-0.00346377
-0.00288911
-0.0022742
-0.00164137
-0.00101505
-0.000382871
0.000480227
0.0011242
0.00456356
0.00561986
0.0171323
-0.00565322
-0.00458818
-0.00505952
-0.00517447
-0.00544698
-0.00553097
-0.00545387
-0.00519316
-0.00477515
-0.00422788
-0.00360477
-0.00292452
-0.00225783
-0.00158899
-0.0011039
-0.000397427
-0.000905236
0.00211217
0.00204396
0.0194667
-0.00413721
-0.00766406
-0.00734904
-0.0083948
-0.0083022
-0.00808356
-0.0076033
-0.0069761
-0.00627132
-0.00549238
-0.00474824
-0.00403717
-0.00346199
-0.00311492
-0.00336798
-0.00369678
-0.00718418
-0.00499573
-0.0054168
0.0236282
-0.0158575
-0.00505896
-0.00570432
-0.00649835
-0.00690942
-0.0070716
-0.00701812
-0.00670015
-0.00619535
-0.00548863
-0.00484261
-0.00399287
-0.00355811
-0.00281057
-0.00303231
-0.00244772
-0.00200049
0.00676162
0.0287782
0.0848917
-1.35671e-06
-2.18879e-06
3.17801e-05
8.80074e-05
0.000168189
0.000271389
0.000396245
0.000540882
0.000702825
0.000878892
0.00106517
0.00125693
0.00144872
0.00163444
0.00180752
0.00196119
0.00208884
0.0021842
0.00224571
0.00225544
-2.18813e-06
-3.52453e-06
3.021e-05
8.56319e-05
0.000164841
0.000267023
0.00039094
0.000534847
0.000696364
0.000872394
0.00105896
0.00125177
0.00144507
0.00163273
0.00180805
0.00196412
0.00209407
0.00219135
0.00225451
0.00226431
-3.91888e-05
-4.14233e-05
-7.4581e-06
4.84591e-05
0.000128672
0.000232497
0.000358845
0.000506112
0.000672042
0.000853625
0.00104712
0.00124781
0.00145002
0.00164733
0.00183265
0.00199848
0.00213727
0.00224162
0.0023097
0.00232024
-0.00010165
-0.000104874
-7.0479e-05
-1.36152e-05
6.83999e-05
0.0001751
0.00030562
0.000458576
0.000631902
0.000822732
0.00102729
0.00124097
0.0014579
0.0016712
0.00187311
0.00205523
0.00220888
0.00232525
0.00240172
0.00241425
-0.000192311
-0.000196863
-0.000161883
-0.000103655
-1.90409e-05
9.17939e-05
0.000228293
0.000389378
0.000573261
0.000777314
0.000997938
0.00123004
0.00146801
0.00170442
0.00193058
0.00213679
0.00231267
0.00244724
0.00253651
0.00255242
-0.000312468
-0.000318828
-0.000283267
-0.000223502
-0.00013578
-1.9861e-05
0.000124117
0.000295487
0.000492825
0.00071379
0.000954909
0.00121155
0.00147757
0.00174508
0.00200436
0.002244
0.00245127
0.00261203
0.00272004
0.00274135
-0.000463776
-0.0004726
-0.000436696
-0.000375559
-0.000284616
-0.000163084
-1.05413e-05
0.000172887
0.000386282
0.000627741
0.000894168
0.00118116
0.00148259
0.00179009
0.00209287
0.00237744
0.00262794
0.00282574
0.00296076
0.00299073
-0.000648239
-0.000660426
-0.000624743
-0.000562854
-0.000469095
-0.000341965
-0.000180312
1.64418e-05
0.000248037
0.000513192
0.000809385
0.00113262
0.00147719
0.00183454
0.00219297
0.00253679
0.00284614
0.00309619
0.00327032
0.0033146
-0.000868105
-0.000884889
-0.000850438
-0.000789018
-0.000693525
-0.000561511
-0.000390888
-0.000180207
7.10917e-05
0.000362527
0.000692394
0.00105747
0.00145296
0.00187073
0.00229879
0.00271961
0.00310865
0.00343293
0.00366433
0.00373352
-0.00112577
-0.00114886
-0.00111726
-0.00105833
-0.000963057
-0.000827737
-0.000649115
-0.000424716
-0.000153043
0.000166378
0.00053291
0.000944537
0.00139813
0.00188699
0.0024001
0.0029193
0.0034157
0.00384667
0.00416326
0.00427849
-0.00142368
-0.00145546
-0.00142916
-0.00137581
-0.00128381
-0.00114779
-0.000963078
-0.000726074
-0.000434329
-8.63787e-05
0.000318381
0.000779555
0.0012967
0.00186606
0.00247981
0.00312188
0.00376093
0.00434731
0.00479279
0.00499815
-0.00176434
-0.0018082
-0.00179069
-0.00174741
-0.00166311
-0.00153015
-0.0013422
-0.00109456
-0.000784019
-0.000408308
3.45001e-05
0.000546213
0.00112799
0.00178326
0.00251047
0.00330055
0.00412461
0.00493877
0.00558269
0.00597075
-0.00214836
-0.00220981
-0.0022065
-0.00218016
-0.00210986
-0.00198497
-0.00179741
-0.00154165
-0.00121428
-0.000813048
-0.00033559
0.000221803
0.000863713
0.00160453
0.00245055
0.00340844
0.0044621
0.00560285
0.00654389
0.00734261
-0.00258829
-0.00266855
-0.00268423
-0.00268345
-0.0026353
-0.00252462
-0.00234137
-0.00207974
-0.00173719
-0.00131263
-0.000803758
-0.000203353
0.000499139
0.0013082
0.00225369
0.00337012
0.00467486
0.00626398
0.00763555
0.00933166
-0.00303524
-0.00318721
-0.00322634
-0.00327447
-0.00325871
-0.00316701
-0.00298975
-0.00272226
-0.00236444
-0.00191933
-0.00139274
-0.000790959
-0.000118513
0.000714577
0.00170857
0.00294596
0.00446382
0.00670785
0.00861946
0.0121519
-0.00364693
-0.00368718
-0.00380665
-0.00388521
-0.00393283
-0.00389162
-0.00374197
-0.0034758
-0.0030995
-0.00262313
-0.00205445
-0.00139085
-0.000610814
0.000272987
0.00128347
0.0025651
0.00412859
0.00685457
0.00903345
0.0152674
-0.00402594
-0.00477781
-0.00473774
-0.00505882
-0.00508687
-0.00500111
-0.00478126
-0.0044446
-0.00400947
-0.00349287
-0.00291911
-0.00230581
-0.00167839
-0.00106526
-0.00044337
0.000392872
0.000958764
0.00437296
0.00535593
0.0171655
-0.00549663
-0.00446143
-0.00494894
-0.00509725
-0.00540583
-0.00551965
-0.00546592
-0.00522035
-0.00481077
-0.00426769
-0.00364599
-0.0029668
-0.00230787
-0.00165553
-0.0012161
-0.000577157
-0.0012575
0.00164876
0.00152596
0.0193584
-0.00376848
-0.00740672
-0.00717051
-0.00831316
-0.00829395
-0.00813437
-0.00768401
-0.00706812
-0.00636277
-0.0055798
-0.00482661
-0.00410839
-0.00353448
-0.00320421
-0.00351196
-0.00394799
-0.00769575
-0.00576846
-0.00558617
0.0237724
-0.0155663
-0.00479771
-0.00548537
-0.00637732
-0.00687624
-0.00709023
-0.00706401
-0.00676245
-0.00626312
-0.00555128
-0.00490481
-0.00404596
-0.00363085
-0.0028998
-0.00319859
-0.00269461
-0.0021959
0.00677935
0.030443
0.0876576
-5.52066e-07
-1.63059e-06
3.23338e-05
8.85002e-05
0.000168653
0.000271854
0.000396741
0.000541453
0.000703502
0.00087971
0.00106616
0.00125814
0.00145019
0.00163618
0.00180951
0.00196339
0.00209118
0.00218655
0.00224801
0.0022573
-7.21665e-07
-2.38436e-06
3.12889e-05
8.66081e-05
0.000165737
0.00026786
0.000391744
0.000535649
0.000697199
0.000873299
0.00105998
0.00125296
0.00144646
0.00163434
0.00180988
0.00196613
0.00209619
0.00219347
0.00225658
0.0022659
-3.72255e-05
-3.98605e-05
-6.01434e-06
4.97499e-05
0.000129842
0.000233575
0.00035986
0.000507097
0.00067303
0.000854641
0.00104816
0.00124909
0.00145153
0.00164907
0.00183462
0.00200065
0.00213957
0.00224394
0.00231197
0.00232201
-9.91223e-05
-0.000102803
-6.85722e-05
-1.19104e-05
6.99385e-05
0.000176504
0.000306922
0.000459814
0.000633114
0.000823917
0.00102816
0.00124241
0.00145962
0.00167318
0.00187536
0.00205773
0.00221157
0.00232798
0.00240442
0.00241641
-0.00018917
-0.000194231
-0.000159455
-0.000101479
-1.70781e-05
9.35773e-05
0.000229936
0.00039093
0.00057479
0.000778942
0.00100009
0.00123195
0.0014701
0.0017068
0.00193331
0.00213987
0.00231602
0.0024507
0.00254
0.00255534
-0.000308597
-0.000315524
-0.00028021
-0.000220755
-0.000133305
-1.76217e-05
0.000126167
0.000297407
0.000494695
0.000715711
0.000957021
0.0012138
0.00148011
0.00174802
0.00200778
0.00224792
0.00245564
0.00261666
0.00272479
0.0027455
-0.000458982
-0.000468445
-0.000432846
-0.000372097
-0.000281508
-0.00016029
-8.00673e-06
0.000175236
0.000388537
0.000630016
0.000896585
0.00118384
0.00148568
0.00179374
0.00209721
0.00238253
0.00263377
0.0028321
0.00296746
0.00299685
-0.000642237
-0.000655158
-0.000619863
-0.000558477
-0.000465194
-0.000338497
-0.00017721
1.92713e-05
0.000250714
0.00051586
0.000812208
0.00113579
0.0014809
0.00183902
0.00219844
0.00254343
0.002854
0.00310506
0.00327993
0.00332381
-0.000860484
-0.000878132
-0.000844197
-0.000783457
-0.000688628
-0.000557232
-0.000387141
-0.000176866
7.41854e-05
0.000365565
0.000695597
0.00106109
0.0014573
0.00187613
0.0023056
0.0027282
0.00311923
0.0034454
0.00367829
0.00374757
-0.00111593
-0.00114008
-0.00110919
-0.00105123
-0.000956912
-0.0008225
-0.000644668
-0.000420885
-0.000149613
0.000169663
0.000536344
0.000948463
0.00140295
0.00189322
0.00240832
0.00293017
0.00342979
0.0038642
0.0041837
0.00430025
-0.00141072
-0.00144385
-0.00141861
-0.00136667
-0.00127611
-0.00114145
-0.000957935
-0.000721874
-0.000430774
-8.31304e-05
0.000321697
0.000783382
0.0013016
0.00187274
0.00248918
0.00313509
0.00377921
0.00437174
0.00482278
0.00503247
-0.0017469
-0.00179258
-0.00177669
-0.00173558
-0.00165349
-0.00152262
-0.00133649
-0.00109029
-0.000780767
-0.000405621
3.70683e-05
0.000549191
0.00113211
0.00178946
0.00252004
0.00331536
0.00414708
0.00497195
0.00562637
0.00602628
-0.00212426
-0.00218843
-0.00218767
-0.00216475
-0.00209791
-0.00197625
-0.00179147
-0.00153789
-0.00121214
-0.000811923
-0.000334973
0.000222479
0.000865102
0.00160823
0.00245801
0.00342234
0.00448678
0.0056452
0.00660524
0.00743423
-0.00255437
-0.00263868
-0.0026584
-0.00266326
-0.00262062
-0.00251497
-0.00233596
-0.00207758
-0.00173747
-0.00131464
-0.000806849
-0.000207059
0.000495149
0.00130639
0.00225507
0.0033779
0.00469577
0.00631181
0.00771448
0.00948162
-0.00298565
-0.00314549
-0.00319048
-0.00324842
-0.00324143
-0.00315746
-0.00298651
-0.00272381
-0.00236953
-0.001927
-0.00140257
-0.000804023
-0.000141301
0.000698065
0.0016921
0.00293093
0.00445791
0.00673773
0.00869631
0.0123778
-0.00357062
-0.00361861
-0.00375108
-0.00384467
-0.00390777
-0.00388016
-0.00374161
-0.00348325
-0.00311207
-0.00263882
-0.00207192
-0.00140851
-0.000622574
0.00025085
0.00124772
0.00251783
0.00407393
0.00682997
0.00905176
0.0155429
-0.00391332
-0.00470157
-0.00467237
-0.00502654
-0.00507454
-0.00500598
-0.00479778
-0.00446852
-0.00403787
-0.00352404
-0.00295273
-0.00234315
-0.00172384
-0.00113056
-0.000534308
0.000243148
0.00076225
0.00416492
0.00513409
0.0173391
-0.00532267
-0.0043153
-0.0048313
-0.00501748
-0.00536374
-0.0055093
-0.0054797
-0.00524974
-0.00484925
-0.00431072
-0.00369183
-0.00301583
-0.0023663
-0.00173251
-0.00133413
-0.000744688
-0.00160205
0.0011966
0.000953386
0.0194458
-0.0034909
-0.00725108
-0.00703695
-0.00826734
-0.00829386
-0.0081763
-0.00775082
-0.00714632
-0.00644409
-0.00565941
-0.00490322
-0.00418318
-0.00361609
-0.00331221
-0.00366727
-0.00423241
-0.00818468
-0.00648084
-0.0061551
0.0242137
-0.015203
-0.00449063
-0.00524379
-0.00622906
-0.00681373
-0.00708821
-0.00710463
-0.00682452
-0.00633601
-0.00562366
-0.00497924
-0.0041143
-0.0037129
-0.00299705
-0.00334468
-0.00291883
-0.00247906
0.00656365
0.030761
0.0896418
4.68447e-07
-6.94824e-07
3.32519e-05
8.93739e-05
0.000169486
0.000272657
0.000397533
0.000542259
0.000704353
0.000880639
0.0010672
0.00125933
0.00145156
0.00163773
0.00181125
0.00196529
0.00209319
0.00218861
0.00225008
0.00225924
5.76936e-07
-1.20225e-06
3.24254e-05
8.76744e-05
0.000166738
0.000268808
0.000392659
0.000536557
0.000698129
0.000874286
0.00106106
0.00125417
0.00144784
0.0016359
0.00181162
0.00196803
0.00209821
0.00219553
0.00225865
0.00226785
-3.56035e-05
-3.83821e-05
-4.61262e-06
5.10515e-05
0.000131051
0.000234707
0.000360936
0.000508146
0.000674085
0.000855739
0.00104935
0.00125041
0.00145303
0.00165077
0.00183652
0.00200274
0.00214181
0.00224625
0.0023143
0.00232422
-9.70719e-05
-0.000100922
-6.67997e-05
-1.0275e-05
7.14452e-05
0.000177899
0.00030823
0.000461069
0.000634358
0.000825199
0.00102961
0.00124392
0.00146132
0.00167512
0.00187754
0.00206016
0.0022142
0.00233073
0.00240723
0.00241911
-0.000186601
-0.000191858
-0.000157225
-9.94283e-05
-1.52014e-05
9.52986e-05
0.000231532
0.000392443
0.000576273
0.000780452
0.00100162
0.00123372
0.0014721
0.0017091
0.00193594
0.00214283
0.00231928
0.00245417
0.00254361
0.00255883
-0.000305381
-0.000312538
-0.000277408
-0.000218188
-0.000130971
-1.55011e-05
0.00012811
0.000299224
0.000496453
0.000717492
0.000958909
0.00121589
0.00148249
0.00175078
0.002011
0.00225163
0.00245981
0.0026212
0.00272959
0.00275023
-0.000454937
-0.000464676
-0.000429316
-0.000368879
-0.000278606
-0.000157686
-5.6583e-06
0.000177394
0.00039059
0.000632067
0.000898752
0.00118625
0.00148847
0.00179706
0.00210117
0.00238723
0.0026392
0.00283815
0.00297399
0.0030034
-0.000637109
-0.000650366
-0.000615394
-0.000554431
-0.000461588
-0.000335315
-0.0001744
2.17916e-05
0.000253054
0.000518156
0.00081462
0.0011385
0.00148411
0.00184294
0.00220328
0.00254935
0.00286109
0.00311322
0.00328894
0.00333303
-0.000853911
-0.000871982
-0.000838495
-0.000778349
-0.000684149
-0.000553367
-0.000383828
-0.000173998
7.67537e-05
0.000368016
0.000698147
0.00106399
0.00146082
0.00188059
0.00231134
0.00273554
0.00312841
0.00345638
0.00369078
0.00376071
-0.0011074
-0.00113209
-0.00110186
-0.00104475
-0.000951351
-0.000817846
-0.000640841
-0.000417742
-0.000146956
0.000172076
0.000538798
0.000951283
0.00140652
0.00189797
0.00241479
0.00293894
0.00344138
0.00387883
0.00420099
0.00431913
-0.0013995
-0.00143337
-0.00140907
-0.00135841
-0.00126921
-0.00113591
-0.000953633
-0.000718615
-0.00042829
-8.11009e-05
0.000323642
0.000785652
0.00130469
0.00187724
0.00249584
0.00314489
0.00379318
0.00439075
0.00484645
0.00505974
-0.00173191
-0.00177864
-0.00176418
-0.00172498
-0.00164494
-0.0015161
-0.00133183
-0.00108721
-0.000778895
-0.000404546
3.78584e-05
0.000550163
0.00113382
0.00179262
0.00252565
0.00332498
0.00416258
0.00499546
0.00565788
0.00606554
-0.00210393
-0.00216967
-0.00217107
-0.00215107
-0.00208734
-0.00196873
-0.00178671
-0.00153548
-0.00121153
-0.000812537
-0.00033621
0.000221163
0.000864022
0.00160815
0.00246008
0.00342902
0.00450128
0.00567187
0.00664514
0.00749045
-0.00252653
-0.00261319
-0.00263611
-0.0026455
-0.00260758
-0.00250647
-0.00233153
-0.00207657
-0.00173904
-0.00131807
-0.000811403
-0.000211998
0.000490139
0.00130172
0.00225118
0.00337741
0.00470425
0.00633716
0.00776073
0.00956055
-0.00294724
-0.00311104
-0.00316038
-0.0032255
-0.00322553
-0.00314826
-0.00298315
-0.00272525
-0.00237473
-0.00193508
-0.00141305
-0.000817964
-0.000170384
0.000678423
0.00167113
0.00290968
0.00444464
0.00674745
0.0087383
0.0124818
-0.00351551
-0.00356748
-0.00370765
-0.00381156
-0.0038858
-0.00386873
-0.00373924
-0.00348814
-0.00312232
-0.00265296
-0.0020891
-0.00142735
-0.000632028
0.000227434
0.00121258
0.002473
0.0040325
0.00681019
0.00907051
0.0156625
-0.00384065
-0.00464262
-0.00461963
-0.00499306
-0.00505447
-0.00499914
-0.00480207
-0.0044813
-0.00405691
-0.00354782
-0.0029809
-0.00237681
-0.00176618
-0.00118966
-0.000614322
0.000110198
0.000634985
0.00405263
0.0050666
0.0174196
-0.00522143
-0.00422367
-0.00475234
-0.00495895
-0.00532736
-0.00549307
-0.00548081
-0.00526405
-0.00487289
-0.00434078
-0.00372708
-0.00305641
-0.00241473
-0.00179169
-0.00140839
-0.000814933
-0.00175989
0.000998412
0.000772896
0.0194866
-0.00336683
-0.00715168
-0.00694105
-0.00820612
-0.00825905
-0.00817005
-0.00776605
-0.0071758
-0.00648269
-0.00570315
-0.00495061
-0.00423477
-0.00367594
-0.00339012
-0.00377189
-0.00440022
-0.00844318
-0.00681966
-0.00637262
0.0243578
-0.0150396
-0.00433331
-0.005112
-0.00613568
-0.00676284
-0.007072
-0.00711368
-0.00684999
-0.00637272
-0.00566559
-0.00502593
-0.00416382
-0.00377308
-0.00307184
-0.00344786
-0.00306007
-0.00264581
0.00644139
0.0308909
0.0902707
1.51023e-06
2.91257e-07
3.42007e-05
9.02758e-05
0.000170345
0.000273485
0.000398349
0.000543084
0.000705213
0.000881563
0.00106822
0.00126047
0.00145284
0.00163916
0.00181283
0.00196701
0.00209502
0.00219049
0.00225198
0.00226109
1.77898e-06
-6.145e-08
3.3519e-05
8.87091e-05
0.000167716
0.000269741
0.000393564
0.000537457
0.000699051
0.000875262
0.00106213
0.00125535
0.00144915
0.00163736
0.00181324
0.00196979
0.00210009
0.00219747
0.00226062
0.00226977
-3.41557e-05
-3.70082e-05
-3.30265e-06
5.22827e-05
0.000132206
0.000235796
0.000361978
0.000509167
0.000675115
0.000856817
0.00105051
0.00125169
0.00145446
0.00165237
0.0018383
0.00200469
0.0021439
0.00224843
0.00231654
0.0023264
-9.52771e-05
-9.92156e-05
-6.51792e-05
-8.76085e-06
7.28527e-05
0.000179211
0.000309468
0.000462263
0.000635546
0.000826434
0.00103098
0.00124537
0.00146293
0.00167694
0.00187959
0.00206243
0.00221666
0.00233333
0.00240992
0.00242176
-0.000184362
-0.000189724
-0.000155204
-9.75506e-05
-1.34703e-05
9.68944e-05
0.000233017
0.000393853
0.000577653
0.000781848
0.00100304
0.00123535
0.00147396
0.00171122
0.00193836
0.00214557
0.00232231
0.00245743
0.00254701
0.00256222
-0.000302575
-0.000309859
-0.000274879
-0.00021585
-0.000128835
-1.35562e-05
0.000129892
0.000300889
0.000498059
0.000719108
0.00096061
0.00121778
0.00148465
0.0017533
0.00201393
0.00225501
0.00246364
0.00262539
0.00273404
0.00275471
-0.0004514
-0.000461294
-0.000426137
-0.000365961
-0.000275969
-0.00015532
-3.53044e-06
0.00017934
0.000392431
0.000633895
0.000900674
0.00118839
0.00149096
0.00180002
0.00210472
0.00239144
0.00264409
0.00284364
0.00297992
0.00300947
-0.000632616
-0.000646069
-0.000611375
-0.000550778
-0.000458332
-0.00033245
-0.000171886
2.40274e-05
0.000255113
0.000520163
0.00081672
0.00114085
0.00148691
0.00184636
0.00220751
0.00255455
0.00286732
0.00312043
0.00329692
0.00334133
-0.000848151
-0.000866478
-0.000833385
-0.000773757
-0.000680129
-0.000549918
-0.000380898
-0.000171492
7.89717e-05
0.000370113
0.000700318
0.00106645
0.00146382
0.0018844
0.00231625
0.00274182
0.00313626
0.00346581
0.00370153
0.00377214
-0.00109995
-0.00112498
-0.00109531
-0.00103895
-0.000946391
-0.000813725
-0.00063749
-0.00041503
-0.0001447
0.000174098
0.000540845
0.000953639
0.00140951
0.00190196
0.0024202
0.00294626
0.00345103
0.003891
0.00421537
0.00433489
-0.00138974
-0.00142409
-0.00140063
-0.00135107
-0.00126309
-0.00113103
-0.000949892
-0.000715831
-0.000426213
-7.94228e-05
0.000325249
0.000787554
0.0013073
0.00188097
0.00250129
0.00315285
0.00380449
0.00440607
0.00486547
0.00508151
-0.00171899
-0.00176644
-0.00175321
-0.00171564
-0.00163741
-0.00151039
-0.00132779
-0.00108459
-0.000777345
-0.000403668
3.85164e-05
0.000551115
0.0011356
0.00179536
0.00253018
0.00333259
0.00417479
0.00501387
0.00568246
0.00609568
-0.00208667
-0.0021535
-0.00215671
-0.00213914
-0.00207807
-0.00196213
-0.00178255
-0.0015334
-0.00121106
-0.000813149
-0.000337204
0.000220682
0.000864766
0.00160877
0.00246191
0.00343417
0.00451239
0.00569224
0.00667554
0.00753224
-0.00250333
-0.00259163
-0.00261717
-0.0026302
-0.00259619
-0.00249896
-0.00232756
-0.00207559
-0.00174045
-0.00132112
-0.000814932
-0.000213603
0.000494831
0.00130041
0.00224819
0.00337662
0.0047104
0.00635601
0.00779554
0.00961777
-0.00291603
-0.00308247
-0.00313535
-0.00320596
-0.00321164
-0.00313992
-0.00297986
-0.00272617
-0.00237908
-0.00194201
-0.0014212
-0.000821919
-0.000136957
0.000669481
0.00165364
0.00289075
0.00443328
0.00675454
0.0087704
0.0125567
-0.0034721
-0.00352692
-0.00367299
-0.00378469
-0.00386745
-0.00385871
-0.00373663
-0.00349158
-0.00313059
-0.00266527
-0.00210574
-0.00145339
-0.000700997
0.000196952
0.00117976
0.00243148
0.00399935
0.00679636
0.00909001
0.0157508
-0.00378626
-0.00459692
-0.00457823
-0.0049647
-0.00503654
-0.00499166
-0.00480335
-0.00448971
-0.00407104
-0.00356682
-0.00300512
-0.00240879
-0.00181201
-0.00124401
-0.000687173
-2.93498e-05
0.00053368
0.00397562
0.00502674
0.0174887
-0.00514448
-0.00415251
-0.00469164
-0.00491307
-0.00529746
-0.00547876
-0.00547985
-0.00527366
-0.00489048
-0.00436442
-0.00375622
-0.00309161
-0.0024577
-0.00184105
-0.00146178
-0.00083065
-0.00186221
0.000869831
0.000654006
0.0195317
-0.00328807
-0.00708459
-0.00687299
-0.00815968
-0.00822993
-0.0081598
-0.0077714
-0.00719307
-0.00650852
-0.00573472
-0.00498722
-0.00427685
-0.00372633
-0.0034545
-0.00385485
-0.0045206
-0.00862452
-0.00703804
-0.00655568
0.0244447
-0.0149216
-0.00421823
-0.00501343
-0.00606134
-0.00671625
-0.00705104
-0.00711371
-0.00686549
-0.00639855
-0.00569765
-0.00506358
-0.00420578
-0.00382409
-0.00313341
-0.00352896
-0.00316087
-0.00278047
0.00632986
0.0308403
0.0905721
2.45395e-06
1.20785e-06
3.50874e-05
9.11258e-05
0.000171159
0.00027427
0.000399118
0.000543854
0.000706006
0.000882402
0.00106913
0.00126147
0.00145395
0.0016404
0.00181419
0.00196848
0.00209658
0.00219212
0.00225364
0.00226274
2.82155e-06
9.49697e-07
3.4494e-05
8.96398e-05
0.000168602
0.00027059
0.000394389
0.000538275
0.000699887
0.000876141
0.00106308
0.00125639
0.0014503
0.00163864
0.00181465
0.00197133
0.00210172
0.00219918
0.00226237
0.00227152
-3.293e-05
-3.58206e-05
-2.16232e-06
5.33645e-05
0.000133227
0.000236765
0.000362908
0.000510079
0.000676037
0.000857778
0.00105155
0.00125282
0.00145571
0.00165376
0.00183985
0.00200639
0.00214573
0.00225035
0.00231852
0.00232838
-9.37797e-05
-9.7765e-05
-6.37922e-05
-7.45382e-06
7.40758e-05
0.000180357
0.000310554
0.000463312
0.000636591
0.000827517
0.00103217
0.00124663
0.00146433
0.00167851
0.00188136
0.0020644
0.0022188
0.00233561
0.00241229
0.00242415
-0.000182502
-0.000187923
-0.000153489
-9.59452e-05
-1.19824e-05
9.82715e-05
0.000234301
0.000395074
0.000578847
0.000783055
0.00100429
0.00123676
0.00147555
0.00171305
0.00194045
0.00214792
0.00232492
0.00246025
0.00254998
0.00256524
-0.000300245
-0.000307604
-0.000272741
-0.000213863
-0.000127012
-1.18928e-05
0.000131417
0.000302311
0.000499426
0.000720478
0.000962049
0.00121937
0.00148648
0.00175543
0.00201642
0.00225789
0.00246689
0.00262897
0.00273787
0.00275863
-0.000448461
-0.000458451
-0.000423455
-0.00036349
-0.00027373
-0.000153312
-1.72784e-06
0.000180982
0.000393976
0.000635422
0.000902276
0.00119017
0.00149303
0.00180249
0.00210768
0.00239495
0.00264818
0.00284824
0.00298492
0.00301464
-0.000628882
-0.000642463
-0.000607994
-0.000547693
-0.00045558
-0.000330033
-0.000169775
2.58907e-05
0.000256813
0.000521807
0.000818433
0.00114277
0.00148919
0.00184916
0.00221098
0.00255881
0.00287244
0.00312635
0.00330349
0.00334821
-0.00084337
-0.000861871
-0.000829098
-0.000769896
-0.000676749
-0.000547028
-0.000378461
-0.00016943
8.07687e-05
0.000371787
0.000702035
0.0010684
0.00146621
0.00188744
0.00232018
0.00274687
0.00314257
0.00347337
0.00371013
0.0037813
-0.00109378
-0.00111906
-0.00108985
-0.0010341
-0.000942242
-0.000810291
-0.000634725
-0.000412831
-0.000142921
0.000175644
0.000542381
0.00095541
0.00141179
0.00190505
0.00242442
0.00295198
0.00345856
0.00390048
0.00422653
0.00434707
-0.00138172
-0.00141642
-0.00139363
-0.00134496
-0.00125801
-0.00112699
-0.000946827
-0.000713609
-0.000424642
-7.82694e-05
0.000326308
0.000788826
0.00130914
0.00188375
0.0025054
0.00315889
0.00381305
0.00441758
0.00487966
0.00509757
-0.00170849
-0.00175644
-0.00174418
-0.00170792
-0.00163117
-0.00150566
-0.00132449
-0.00108252
-0.000776262
-0.000403213
3.87396e-05
0.000551516
0.0011366
0.00179718
0.00253345
0.00333816
0.00418372
0.00502713
0.00569996
0.00611662
-0.00207285
-0.00214043
-0.00214503
-0.00212937
-0.00207042
-0.00195665
-0.00177913
-0.00153176
-0.00121085
-0.000813909
-0.000338367
0.00021974
0.000864406
0.00160878
0.00246306
0.00343772
0.00452024
0.00570625
0.00669608
0.00755917
-0.00248512
-0.00257449
-0.00260201
-0.00261779
-0.00258681
-0.00249267
-0.00232415
-0.00207474
-0.00174167
-0.0013238
-0.000818245
-0.000216312
0.000493649
0.00129843
0.0022462
0.00337657
0.00471482
0.00636827
0.00781778
0.0096515
-0.00289223
-0.00306025
-0.0031157
-0.00319025
-0.00320017
-0.00313272
-0.00297659
-0.00272653
-0.00238241
-0.00194765
-0.0014283
-0.000828619
-0.000139837
0.000660174
0.00164208
0.0028798
0.00442686
0.00675889
0.00878992
0.0125966
-0.00344035
-0.00349683
-0.00364683
-0.00376388
-0.0038527
-0.00385004
-0.00373359
-0.00349349
-0.00313663
-0.00267482
-0.00211876
-0.00147108
-0.000726168
0.000177959
0.00115993
0.00240959
0.00398105
0.00678807
0.00910237
0.0157941
-0.00374833
-0.00456307
-0.00454713
-0.00494162
-0.00502054
-0.00498302
-0.0048016
-0.004494
-0.00408046
-0.00358078
-0.00302365
-0.00243286
-0.0018431
-0.00128389
-0.000738012
-0.000128489
0.000469408
0.00392988
0.00500704
0.0175187
-0.00509303
-0.00410337
-0.00464882
-0.00487916
-0.00527392
-0.00546553
-0.00547624
-0.00527828
-0.00490184
-0.00438133
-0.00377829
-0.00311904
-0.0024912
-0.00187992
-0.00150316
-0.000836177
-0.00192277
0.000798381
0.000597695
0.0195427
-0.00324008
-0.00703841
-0.0068253
-0.00812307
-0.00820338
-0.00814488
-0.00776824
-0.00719963
-0.00652282
-0.00575507
-0.00501308
-0.00430861
-0.00376565
-0.00350509
-0.00391986
-0.00460854
-0.00874085
-0.00716431
-0.00666398
0.0244569
-0.0148515
-0.00414735
-0.0049503
-0.00601059
-0.00668137
-0.00703201
-0.0071085
-0.00687152
-0.00641312
-0.00571866
-0.00509035
-0.00423782
-0.00386397
-0.00318233
-0.00359221
-0.00323733
-0.00287777
0.00624318
0.0307835
0.0906513
3.21555e-06
1.95424e-06
3.58107e-05
9.18215e-05
0.000171827
0.000274915
0.00039975
0.000544486
0.000706655
0.000883085
0.00106986
0.00126228
0.00145484
0.00164138
0.00181527
0.00196965
0.00209783
0.00219342
0.00225497
0.00226408
3.64817e-06
1.75896e-06
3.52768e-05
9.03902e-05
0.00016932
0.000271279
0.00039506
0.000538942
0.000700567
0.000876856
0.00106385
0.00125723
0.00145123
0.00163967
0.00181578
0.00197255
0.00210303
0.00220055
0.00226378
0.00227293
-3.19702e-05
-3.48818e-05
-1.25747e-06
5.42271e-05
0.000134046
0.000237543
0.000363658
0.000510816
0.000676781
0.000858554
0.00105238
0.00125372
0.00145671
0.00165488
0.00184108
0.00200774
0.00214719
0.00225189
0.00232011
0.00232999
-9.26171e-05
-9.66291e-05
-6.27019e-05
-6.4214e-06
7.50458e-05
0.00018127
0.00031142
0.000464151
0.000637426
0.000828381
0.0010331
0.00124764
0.00146545
0.00167976
0.00188276
0.00206596
0.00222051
0.00233743
0.00241419
0.00242608
-0.000181064
-0.00018652
-0.000152148
-9.46842e-05
-1.08096e-05
9.93595e-05
0.000235318
0.000396041
0.000579793
0.000784013
0.00100528
0.00123787
0.00147681
0.00171448
0.00194209
0.00214978
0.00232699
0.00246249
0.00255234
0.00256765
-0.000298445
-0.000305849
-0.000271072
-0.000212307
-0.000125582
-1.05858e-05
0.000132616
0.000303428
0.000500498
0.000721552
0.000963176
0.00122062
0.0014879
0.00175709
0.00201835
0.00226013
0.00246944
0.00263178
0.00274087
0.00276172
-0.00044619
-0.000456242
-0.000421366
-0.000361559
-0.000271979
-0.000151741
-3.20678e-07
0.00018226
0.000395174
0.000636604
0.000903513
0.00119155
0.00149463
0.00180439
0.00210996
0.00239766
0.00265133
0.0028518
0.00298879
0.00301865
-0.000625999
-0.000639665
-0.000605365
-0.00054529
-0.000453436
-0.000328152
-0.000168138
2.73294e-05
0.000258119
0.000523062
0.000819737
0.00114424
0.00149093
0.00185129
0.00221362
0.00256206
0.00287633
0.00313085
0.00330847
0.00335344
-0.000839687
-0.000858306
-0.000825775
-0.000766898
-0.000674124
-0.000544788
-0.00037658
-0.000167851
8.21331e-05
0.000373047
0.000703322
0.00106985
0.001468
0.00188972
0.00232314
0.00275065
0.00314728
0.003479
0.00371652
0.0037881
-0.00108904
-0.00111449
-0.00108563
-0.00103035
-0.000939032
-0.000807641
-0.000632601
-0.000411159
-0.000141584
0.000176792
0.000543509
0.000956706
0.00141346
0.00190731
0.00242755
0.00295621
0.0034641
0.00390738
0.0042346
0.00435584
-0.0013756
-0.00141054
-0.00138825
-0.00134026
-0.00125408
-0.00112387
-0.000944479
-0.000711927
-0.00042347
-7.74107e-05
0.000327061
0.00078972
0.00131044
0.00188565
0.00250843
0.00316335
0.00381927
0.00442579
0.00488966
0.00510875
-0.00170055
-0.00174884
-0.00173731
-0.00170202
-0.00162637
-0.00150203
-0.00132196
-0.00108096
-0.000775462
-0.000402928
3.88022e-05
0.000551665
0.00113718
0.0017985
0.00253596
0.00334241
0.00419022
0.00503643
0.00571196
0.00613068
-0.00206253
-0.0021306
-0.00213622
-0.00212194
-0.00206457
-0.00195244
-0.00177648
-0.0015305
-0.00121071
-0.000814567
-0.000339425
0.0002187
0.000863677
0.00160882
0.00246444
0.00344119
0.00452632
0.00571605
0.0067098
0.00757655
-0.00247174
-0.00256182
-0.00259072
-0.00260845
-0.00257967
-0.00248781
-0.00232148
-0.00207401
-0.00174256
-0.0013259
-0.000821017
-0.000219118
0.000491233
0.0012971
0.0022464
0.00337917
0.00471962
0.00637714
0.00783234
0.00967234
-0.00287507
-0.00304407
-0.00310129
-0.00317854
-0.00319145
-0.00312712
-0.002974
-0.00272659
-0.00238475
-0.00195184
-0.00143381
-0.00083462
-0.000145444
0.00065447
0.00163881
0.00288127
0.00442761
0.00676362
0.00880258
0.0126202
-0.00341806
-0.00347557
-0.00362816
-0.00374876
-0.00384172
-0.00384332
-0.00373095
-0.00349446
-0.00314073
-0.00268164
-0.00212803
-0.00148268
-0.00073922
0.000169672
0.00115957
0.00242988
0.00398228
0.00678661
0.00911077
0.0158186
-0.00372225
-0.0045392
-0.00452509
-0.00492451
-0.00500825
-0.00497589
-0.00479938
-0.00449621
-0.0040866
-0.00359043
-0.00303673
-0.00244948
-0.00186309
-0.00130727
-0.0007477
-4.1189e-05
0.000452722
0.00390557
0.00499483
0.0175343
-0.00505847
-0.00406998
-0.0046195
-0.00485537
-0.00525678
-0.00545535
-0.00547269
-0.00528061
-0.00490917
-0.00439298
-0.00379404
-0.00313906
-0.00251633
-0.00191282
-0.00155836
-0.000994241
-0.00198714
0.000749407
0.0005613
0.0195441
-0.00320905
-0.00700736
-0.00679329
-0.00809719
-0.00818389
-0.00813338
-0.00776423
-0.00720241
-0.00653145
-0.00576847
-0.00503121
-0.00433179
-0.00379559
-0.00354603
-0.0039797
-0.00470357
-0.00883037
-0.00724661
-0.00673819
0.0244492
-0.0148071
-0.00410186
-0.00490892
-0.00597616
-0.00665625
-0.00701684
-0.00710277
-0.00687385
-0.00642203
-0.00573274
-0.0051093
-0.00426155
-0.00389448
-0.0032212
-0.00364452
-0.00330166
-0.00295142
0.00617867
0.0307273
0.0906669
3.7378e-06
2.46876e-06
3.63108e-05
9.23041e-05
0.000172291
0.000275366
0.000400192
0.000544929
0.000707109
0.000883564
0.00107038
0.00126284
0.00145546
0.00164207
0.00181602
0.00197046
0.00209869
0.00219432
0.0022559
0.00226502
4.21118e-06
2.31279e-06
3.58139e-05
9.0907e-05
0.000169815
0.000271757
0.000395526
0.000539407
0.000701042
0.000877354
0.00106439
0.00125781
0.00145187
0.00164038
0.00181656
0.0019734
0.00210394
0.0022015
0.00226476
0.00227393
-3.13192e-05
-3.42422e-05
-6.39351e-07
5.48183e-05
0.000134608
0.000238081
0.000364177
0.000511327
0.000677298
0.000859092
0.00105296
0.00125435
0.0014574
0.00165565
0.00184194
0.00200868
0.0021482
0.00225296
0.00232122
0.00233112
-9.183e-05
-9.5857e-05
-6.19591e-05
-5.71606e-06
7.57105e-05
0.000181896
0.000312017
0.00046473
0.000638004
0.000828977
0.00103375
0.00124833
0.00146622
0.00168063
0.00188374
0.00206704
0.00222169
0.0023387
0.00241552
0.00242742
-0.00018009
-0.000185566
-0.000151235
-9.38237e-05
-1.00075e-05
0.000100105
0.000236016
0.000396705
0.000580443
0.000784672
0.00100597
0.00123863
0.00147767
0.00171547
0.00194322
0.00215106
0.00232841
0.00246403
0.00255398
0.00256932
-0.000297224
-0.000304656
-0.000269936
-0.000211245
-0.000124604
-9.69204e-06
0.000133435
0.000304191
0.000501231
0.000722286
0.000963947
0.00122148
0.00148888
0.00175822
0.00201968
0.00226166
0.00247118
0.0026337
0.00274293
0.00276384
-0.00044465
-0.000454739
-0.000419942
-0.000360242
-0.000270784
-0.000150669
6.38687e-07
0.00018313
0.000395989
0.000637406
0.000904353
0.00119248
0.00149572
0.00180569
0.00211151
0.0023995
0.00265347
0.00285421
0.00299141
0.00302137
-0.000624043
-0.000637761
-0.000603575
-0.000543652
-0.000451974
-0.000326871
-0.000167024
2.83049e-05
0.000259001
0.000523908
0.000820613
0.00114522
0.00149209
0.00185273
0.0022154
0.00256424
0.00287894
0.00313386
0.0033118
0.00335693
-0.000837191
-0.000855884
-0.000823515
-0.000764858
-0.000672337
-0.000543264
-0.000375305
-0.000166785
8.30488e-05
0.000373887
0.000704175
0.00107082
0.00146918
0.00189124
0.00232511
0.00275317
0.0031504
0.00348272
0.00372071
0.00379256
-0.00108584
-0.0011114
-0.00108277
-0.00102781
-0.000936851
-0.000805841
-0.000631164
-0.000410034
-0.000140696
0.000177543
0.000544239
0.000957546
0.00141456
0.00190882
0.00242962
0.002959
0.00346773
0.00391187
0.00423981
0.00436147
-0.00137148
-0.00140657
-0.00138462
-0.00133708
-0.00125142
-0.00112176
-0.000942892
-0.000710799
-0.000422702
-7.68737e-05
0.000327518
0.000790264
0.00131127
0.00188701
0.00251046
0.00316629
0.00382331
0.00443105
0.00489598
0.00511575
-0.00169524
-0.00174375
-0.00173269
-0.00169804
-0.00162314
-0.00149957
-0.00132025
-0.00107991
-0.000774948
-0.000402783
3.87754e-05
0.000551675
0.0011375
0.0017994
0.00253772
0.00334532
0.00419449
0.00504233
0.00571937
0.0061392
-0.0020557
-0.00212407
-0.00213034
-0.00211696
-0.00206063
-0.00194959
-0.00177468
-0.00152964
-0.00121063
-0.000815052
-0.000340221
0.000217863
0.000863078
0.00160897
0.00246575
0.00344396
0.00453058
0.00572226
0.00671808
0.00758662
-0.00246298
-0.00255347
-0.00258326
-0.00260222
-0.00257486
-0.0024845
-0.00231962
-0.00207347
-0.00174314
-0.00132732
-0.000822961
-0.000221182
0.00048941
0.00129664
0.00224773
0.00338254
0.00472385
0.00638301
0.0078409
0.00968374
-0.00286398
-0.00303354
-0.00309188
-0.00317079
-0.0031856
-0.00312328
-0.00297212
-0.00272649
-0.00238621
-0.00195458
-0.00143747
-0.000838702
-0.000149454
0.00065197
0.00163978
0.00288701
0.00443124
0.00676763
0.00880986
0.0126321
-0.00340394
-0.00346204
-0.00361618
-0.00373893
-0.00383444
-0.00383872
-0.00372895
-0.00349485
-0.00314323
-0.00268596
-0.00213389
-0.00148967
-0.000745908
0.000167147
0.00116556
0.00245404
0.00398954
0.006788
0.0091155
0.0158296
-0.00370595
-0.004524
-0.004511
-0.00491326
-0.00499992
-0.00497074
-0.00479738
-0.00449716
-0.0040902
-0.00359644
-0.00304499
-0.00245983
-0.00187498
-0.00131968
-0.000744887
4.08765e-05
0.000452294
0.00389383
0.00498768
0.0175392
-0.00503747
-0.00404947
-0.0046013
-0.0048403
-0.00524562
-0.00544836
-0.0054698
-0.0052815
-0.00491341
-0.0044002
-0.0038041
-0.00315211
-0.00253319
-0.00193643
-0.00160214
-0.00112071
-0.0020348
0.00071868
0.000540047
0.0195392
-0.00319032
-0.00698815
-0.00677355
-0.00808069
-0.008171
-0.00812503
-0.00776055
-0.00720313
-0.0065361
-0.00577651
-0.00504264
-0.004347
-0.00381595
-0.00357504
-0.00402397
-0.00477312
-0.00888964
-0.00729633
-0.00678288
0.0244341
-0.0147814
-0.00407534
-0.00488436
-0.00595515
-0.00664028
-0.00700659
-0.00709816
-0.00687422
-0.0064267
-0.00574114
-0.00512128
-0.00427723
-0.00391527
-0.00324871
-0.00368235
-0.00334885
-0.00300104
0.006135
0.0306876
0.0906569
3.98157e-06
2.70959e-06
3.65457e-05
9.25322e-05
0.000172513
0.000275582
0.000400406
0.000545146
0.000707333
0.000883802
0.00107063
0.00126313
0.00145578
0.00164241
0.0018164
0.00197087
0.00209913
0.00219479
0.00225638
0.0022655
4.47533e-06
2.57327e-06
3.60674e-05
9.11523e-05
0.000170052
0.000271988
0.000395753
0.000539635
0.000701277
0.000877603
0.00106465
0.0012581
0.0014522
0.00164074
0.00181696
0.00197383
0.0021044
0.00220199
0.00226527
0.00227444
-3.10099e-05
-3.39375e-05
-3.44243e-07
5.51017e-05
0.00013488
0.000238341
0.000364431
0.000511579
0.000677554
0.000859361
0.00105325
0.00125467
0.00145775
0.00165604
0.00184238
0.00200916
0.00214872
0.00225351
0.00232179
0.0023317
-9.14505e-05
-9.54839e-05
-6.15996e-05
-5.37394e-06
7.6034e-05
0.000182203
0.00031231
0.000465016
0.000638291
0.000829275
0.00103407
0.00124868
0.00146661
0.00168107
0.00188423
0.00206759
0.00222229
0.00233935
0.0024162
0.00242812
-0.000179613
-0.000185098
-0.000150787
-9.34015e-05
-9.61338e-06
0.000100472
0.000236361
0.000397035
0.000580767
0.000785002
0.00100632
0.00123902
0.00147811
0.00171597
0.00194379
0.00215171
0.00232913
0.00246482
0.00255481
0.00257018
-0.000296621
-0.000304066
-0.000269373
-0.000210719
-0.00012412
-9.24889e-06
0.000133842
0.000304571
0.000501597
0.000722654
0.000964335
0.00122191
0.00148937
0.0017588
0.00202035
0.00226244
0.00247206
0.00263468
0.00274398
0.00276492
-0.000443882
-0.00045399
-0.000419233
-0.000359585
-0.000270188
-0.000150135
1.11698e-06
0.000183564
0.000396397
0.000637808
0.000904774
0.00119295
0.00149626
0.00180634
0.00211229
0.00240043
0.00265455
0.00285542
0.00299273
0.00302274
-0.000623064
-0.000636808
-0.000602678
-0.000542832
-0.000451242
-0.00032623
-0.000166467
2.87926e-05
0.000259442
0.000524331
0.000821052
0.00114571
0.00149268
0.00185345
0.00221629
0.00256533
0.00288025
0.00313537
0.00331347
0.00335868
-0.000835939
-0.000854669
-0.000822381
-0.000763833
-0.000671441
-0.0005425
-0.000374665
-0.000166251
8.35059e-05
0.000374306
0.0007046
0.0010713
0.00146977
0.00189201
0.00232609
0.00275442
0.00315195
0.00348456
0.00372279
0.00379477
-0.00108424
-0.00110984
-0.00108133
-0.00102653
-0.000935755
-0.000804937
-0.000630443
-0.000409471
-0.000140253
0.000177915
0.000544599
0.000957957
0.0014151
0.00190957
0.00243066
0.0029604
0.00346953
0.00391408
0.00424236
0.00436422
-0.00136942
-0.00140458
-0.00138279
-0.00133548
-0.00125009
-0.0011207
-0.000942095
-0.000710235
-0.000422321
-7.66112e-05
0.000327737
0.000790527
0.00131169
0.00188768
0.00251148
0.00316777
0.00382532
0.00443362
0.00489904
0.00511912
-0.00169259
-0.00174121
-0.00173037
-0.00169604
-0.00162151
-0.00149833
-0.00131939
-0.00107939
-0.000774695
-0.00040272
3.87462e-05
0.000551662
0.00113766
0.00179988
0.00253866
0.00334684
0.00419665
0.0050452
0.00572293
0.00614323
-0.0020523
-0.00212082
-0.00212741
-0.00211446
-0.00205865
-0.00194815
-0.00177376
-0.0015292
-0.00121059
-0.000815305
-0.000340639
0.000217412
0.000862781
0.00160913
0.00246658
0.00344555
0.00453283
0.00572533
0.00672201
0.0075913
-0.00245866
-0.00254934
-0.00257955
-0.00259912
-0.00257245
-0.00248283
-0.00231867
-0.00207319
-0.00174341
-0.00132804
-0.000823943
-0.000222216
0.00048854
0.00129662
0.00224882
0.00338476
0.00472635
0.00638603
0.00784496
0.00968892
-0.00285855
-0.00302837
-0.00308723
-0.00316694
-0.00318267
-0.00312133
-0.00297114
-0.0027264
-0.00238691
-0.00195592
-0.00143928
-0.00084069
-0.000151277
0.000651203
0.00164119
0.00289111
0.00443397
0.00677003
0.00881333
0.0126374
-0.0033971
-0.00345547
-0.00361034
-0.00373409
-0.00383082
-0.00383639
-0.0037279
-0.00349498
-0.00314441
-0.00268805
-0.00213672
-0.00149296
-0.000748833
0.000166701
0.00117006
0.00246816
0.00399472
0.00678937
0.00911775
0.0158343
-0.0036981
-0.00451662
-0.00450415
-0.0049077
-0.00499574
-0.0049681
-0.00479628
-0.00449751
-0.00409188
-0.00359931
-0.00304897
-0.00246479
-0.00188055
-0.00132511
-0.000741825
8.3796e-05
0.000454041
0.00388896
0.00498425
0.0175407
-0.00502749
-0.00403969
-0.00459259
-0.00483301
-0.00524014
-0.00544485
-0.00546826
-0.0052818
-0.00491537
-0.00440366
-0.00380901
-0.00315856
-0.00254165
-0.00194861
-0.00162513
-0.00118524
-0.00205935
0.00070362
0.000529666
0.0195355
-0.00318143
-0.00697896
-0.00676414
-0.0080727
-0.00816465
-0.00812081
-0.00775856
-0.00720326
-0.00653818
-0.00578031
-0.00504821
-0.00435457
-0.00382629
-0.00359007
-0.00404717
-0.00480898
-0.00891931
-0.0073203
-0.00680455
0.0244244
-0.0147694
-0.00406298
-0.00487282
-0.00594516
-0.00663254
-0.00700146
-0.00709568
-0.00687418
-0.00642882
-0.00574514
-0.00512714
-0.00428508
-0.00392588
-0.00326301
-0.00370218
-0.00337351
-0.00302617
0.00611303
0.0306671
0.090648
3.92571e-06
2.65493e-06
3.64941e-05
9.24853e-05
0.000172471
0.000275546
0.000400375
0.000545119
0.000707311
0.000883783
0.00107062
0.00126311
0.00145577
0.00164241
0.00181639
0.00197087
0.00209913
0.00219479
0.00225638
0.0022655
4.42094e-06
2.52013e-06
3.60174e-05
9.11068e-05
0.000170012
0.000271952
0.000395723
0.000539609
0.000701255
0.000877584
0.00106464
0.00125809
0.00145219
0.00164073
0.00181696
0.00197383
0.0021044
0.00220199
0.00226527
0.00227444
-3.10606e-05
-3.3987e-05
-3.91063e-07
5.50587e-05
0.000134841
0.000238308
0.000364401
0.000511554
0.000677533
0.000859344
0.00105323
0.00125466
0.00145774
0.00165603
0.00184237
0.00200916
0.00214872
0.00225351
0.00232179
0.0023317
-9.1496e-05
-9.55283e-05
-6.16422e-05
-5.41366e-06
7.59979e-05
0.000182171
0.000312283
0.000464993
0.000638272
0.00082926
0.00103406
0.00124867
0.0014666
0.00168106
0.00188423
0.00206759
0.00222229
0.00233935
0.0024162
0.00242812
-0.000179653
-0.000185137
-0.000150825
-9.34371e-05
-9.64592e-06
0.000100444
0.000236336
0.000397014
0.00058075
0.000784988
0.00100631
0.00123901
0.0014781
0.00171597
0.00194379
0.00215171
0.00232913
0.00246482
0.00255481
0.00257018
-0.000296655
-0.000304099
-0.000269406
-0.00021075
-0.000124148
-9.27424e-06
0.00013382
0.000304553
0.000501583
0.000722642
0.000964325
0.0012219
0.00148937
0.00175879
0.00202035
0.00226244
0.00247206
0.00263468
0.00274398
0.00276492
-0.000443912
-0.000454019
-0.000419261
-0.000359612
-0.000270212
-0.000150157
1.09835e-06
0.000183549
0.000396384
0.000637798
0.000904766
0.00119295
0.00149626
0.00180634
0.00211229
0.00240043
0.00265455
0.00285543
0.00299273
0.00302274
-0.000623089
-0.000636833
-0.000602702
-0.000542855
-0.000451262
-0.000326249
-0.000166483
2.87799e-05
0.000259432
0.000524324
0.000821046
0.00114571
0.00149267
0.00185344
0.00221629
0.00256533
0.00288025
0.00313537
0.00331347
0.00335868
-0.00083596
-0.00085469
-0.000822401
-0.000763852
-0.000671458
-0.000542515
-0.000374678
-0.000166262
8.34979e-05
0.000374301
0.000704596
0.0010713
0.00146977
0.001892
0.00232609
0.00275442
0.00315196
0.00348457
0.0037228
0.00379477
-0.00108425
-0.00110986
-0.00108135
-0.00102654
-0.000935769
-0.00080495
-0.000630454
-0.00040948
-0.000140259
0.000177911
0.000544596
0.000957955
0.0014151
0.00190957
0.00243066
0.0029604
0.00346953
0.00391408
0.00424236
0.00436423
-0.00136943
-0.0014046
-0.0013828
-0.00133549
-0.0012501
-0.00112071
-0.000942104
-0.000710241
-0.000422326
-7.66147e-05
0.000327735
0.000790526
0.00131169
0.00188768
0.00251148
0.00316777
0.00382532
0.00443362
0.00489904
0.00511912
-0.0016926
-0.00174122
-0.00173038
-0.00169605
-0.00162152
-0.00149834
-0.00131939
-0.00107939
-0.0007747
-0.000402723
3.87445e-05
0.000551661
0.00113766
0.00179988
0.00253866
0.00334684
0.00419665
0.00504521
0.00572293
0.00614323
-0.00205231
-0.00212083
-0.00212742
-0.00211447
-0.00205865
-0.00194815
-0.00177377
-0.00152921
-0.0012106
-0.000815308
-0.000340641
0.000217412
0.000862782
0.00160913
0.00246658
0.00344555
0.00453283
0.00572533
0.00672201
0.0075913
-0.00245866
-0.00254935
-0.00257956
-0.00259912
-0.00257246
-0.00248283
-0.00231867
-0.00207319
-0.00174342
-0.00132804
-0.000823944
-0.000222215
0.000488541
0.00129662
0.00224882
0.00338476
0.00472635
0.00638603
0.00784496
0.00968892
-0.00285855
-0.00302837
-0.00308724
-0.00316694
-0.00318268
-0.00312133
-0.00297114
-0.0027264
-0.00238691
-0.00195592
-0.00143928
-0.000840688
-0.000151275
0.000651205
0.00164119
0.00289111
0.00443397
0.00677003
0.00881333
0.0126374
-0.0033971
-0.00345547
-0.00361034
-0.00373409
-0.00383082
-0.00383639
-0.00372789
-0.00349498
-0.00314441
-0.00268805
-0.00213671
-0.00149295
-0.000748832
0.000166704
0.00117006
0.00246816
0.00399472
0.00678937
0.00911775
0.0158343
-0.0036981
-0.00451662
-0.00450415
-0.0049077
-0.00499574
-0.0049681
-0.00479628
-0.0044975
-0.00409188
-0.00359931
-0.00304897
-0.00246479
-0.00188054
-0.0013251
-0.000741822
8.37985e-05
0.000454042
0.00388897
0.00498425
0.0175407
-0.00502749
-0.0040397
-0.00459259
-0.00483301
-0.00524014
-0.00544485
-0.00546826
-0.0052818
-0.00491537
-0.00440365
-0.00380901
-0.00315856
-0.00254165
-0.0019486
-0.00162513
-0.00118524
-0.00205935
0.000703622
0.000529668
0.0195355
-0.00318143
-0.00697896
-0.00676414
-0.0080727
-0.00816465
-0.0081208
-0.00775856
-0.00720326
-0.00653818
-0.00578031
-0.0050482
-0.00435456
-0.00382629
-0.00359007
-0.00404717
-0.00480898
-0.00891931
-0.00732029
-0.00680455
0.0244244
-0.0147694
-0.00406297
-0.00487282
-0.00594515
-0.00663254
-0.00700146
-0.00709568
-0.00687418
-0.00642882
-0.00574513
-0.00512713
-0.00428508
-0.00392587
-0.00326301
-0.00370218
-0.00337351
-0.00302617
0.00611303
0.0306671
0.090648
3.56691e-06
2.30207e-06
3.61543e-05
9.21621e-05
0.000172166
0.000275256
0.000400097
0.000544848
0.000707041
0.000883507
0.00107033
0.00126281
0.00145544
0.00164205
0.00181601
0.00197045
0.00209869
0.00219432
0.0022559
0.00226502
4.04531e-06
2.15127e-06
3.56623e-05
9.07692e-05
0.000169693
0.00027165
0.000395434
0.000539328
0.000700975
0.000877299
0.00106434
0.00125778
0.00145185
0.00164036
0.00181655
0.00197339
0.00210393
0.0022015
0.00226476
0.00227393
-3.14734e-05
-3.43922e-05
-7.81053e-07
5.4688e-05
0.000134492
0.000237978
0.000364089
0.000511252
0.000677235
0.000859041
0.00105292
0.00125432
0.00145738
0.00165563
0.00184193
0.00200867
0.00214819
0.00225296
0.00232122
0.00233112
-9.19681e-05
-9.59916e-05
-6.20877e-05
-5.836e-06
7.5602e-05
0.000181801
0.000311935
0.000464661
0.000637947
0.00082893
0.00103371
0.0012483
0.00146619
0.00168061
0.00188373
0.00206703
0.00222169
0.0023387
0.00241552
0.00242743
-0.00018021
-0.000185684
-0.000151349
-9.3931e-05
-1.01051e-05
0.000100019
0.000235942
0.000396643
0.000580392
0.00078463
0.00100594
0.00123861
0.00147765
0.00171546
0.00194321
0.00215106
0.00232841
0.00246403
0.00255398
0.00256932
-0.000297328
-0.000304758
-0.000270035
-0.000211339
-0.000124689
-9.76737e-06
0.000133371
0.000304137
0.000501187
0.00072225
0.000963918
0.00122145
0.00148886
0.00175821
0.00201968
0.00226166
0.00247118
0.00263371
0.00274293
0.00276385
-0.000444738
-0.000454827
-0.000420027
-0.000360322
-0.000270857
-0.000150734
5.82987e-07
0.000183084
0.000395952
0.000637376
0.000904329
0.00119247
0.0014957
0.00180568
0.00211151
0.0023995
0.00265348
0.00285421
0.00299141
0.00302137
-0.000624118
-0.000637836
-0.000603647
-0.00054372
-0.000452035
-0.000326926
-0.000167071
2.82661e-05
0.00025897
0.000523885
0.000820596
0.00114521
0.00149208
0.00185272
0.00221539
0.00256424
0.00287894
0.00313387
0.00331181
0.00335694
-0.000837255
-0.000855947
-0.000823575
-0.000764914
-0.000672389
-0.00054331
-0.000375344
-0.000166817
8.30246e-05
0.00037387
0.000704163
0.00107081
0.00146918
0.00189124
0.0023251
0.00275317
0.0031504
0.00348273
0.00372072
0.00379257
-0.00108589
-0.00111145
-0.00108282
-0.00102786
-0.000936894
-0.000805879
-0.000631197
-0.000410059
-0.000140714
0.00017753
0.00054423
0.000957539
0.00141455
0.00190882
0.00242962
0.00295901
0.00346774
0.00391187
0.00423981
0.00436148
-0.00137152
-0.00140661
-0.00138466
-0.00133712
-0.00125146
-0.00112179
-0.000942918
-0.000710819
-0.000422717
-7.68846e-05
0.00032751
0.00079026
0.00131127
0.00188701
0.00251046
0.0031663
0.00382332
0.00443105
0.00489598
0.00511575
-0.00169527
-0.00174379
-0.00173272
-0.00169807
-0.00162316
-0.00149959
-0.00132027
-0.00107993
-0.000774961
-0.000402792
3.87699e-05
0.000551673
0.00113751
0.00179941
0.00253772
0.00334533
0.0041945
0.00504233
0.00571938
0.0061392
-0.00205573
-0.0021241
-0.00213037
-0.00211698
-0.00206065
-0.0019496
-0.00177469
-0.00152965
-0.00121064
-0.00081506
-0.000340225
0.000217863
0.00086308
0.00160897
0.00246576
0.00344397
0.00453058
0.00572226
0.00671808
0.00758662
-0.002463
-0.00255349
-0.00258327
-0.00260224
-0.00257487
-0.00248451
-0.00231963
-0.00207348
-0.00174314
-0.00132733
-0.000822963
-0.00022118
0.000489415
0.00129665
0.00224774
0.00338255
0.00472386
0.00638301
0.0078409
0.00968374
-0.002864
-0.00303356
-0.00309189
-0.0031708
-0.00318561
-0.00312328
-0.00297212
-0.00272649
-0.00238621
-0.00195458
-0.00143747
-0.000838697
-0.000149449
0.000651976
0.00163978
0.00288701
0.00443124
0.00676764
0.00880987
0.0126322
-0.00340395
-0.00346205
-0.00361619
-0.00373893
-0.00383444
-0.00383872
-0.00372895
-0.00349485
-0.00314323
-0.00268596
-0.00213388
-0.00148966
-0.000745902
0.000167154
0.00116557
0.00245405
0.00398955
0.006788
0.0091155
0.0158297
-0.00370596
-0.00452401
-0.00451101
-0.00491326
-0.00499992
-0.00497074
-0.00479738
-0.00449715
-0.0040902
-0.00359643
-0.00304498
-0.00245982
-0.00187497
-0.00131967
-0.000744878
4.08846e-05
0.000452298
0.00389383
0.00498769
0.0175392
-0.00503747
-0.00404948
-0.00460131
-0.0048403
-0.00524562
-0.00544836
-0.00546979
-0.00528149
-0.00491341
-0.00440019
-0.0038041
-0.00315211
-0.00253318
-0.00193642
-0.00160214
-0.00112071
-0.00203479
0.000718686
0.000540054
0.0195392
-0.00319033
-0.00698815
-0.00677355
-0.00808069
-0.008171
-0.00812502
-0.00776054
-0.00720312
-0.00653609
-0.0057765
-0.00504263
-0.00434699
-0.00381594
-0.00357504
-0.00402397
-0.00477311
-0.00888964
-0.00729632
-0.00678288
0.0244341
-0.0147814
-0.00407533
-0.00488435
-0.00595515
-0.00664028
-0.00700659
-0.00709816
-0.00687421
-0.00642669
-0.00574113
-0.00512127
-0.00427722
-0.00391526
-0.00324871
-0.00368234
-0.00334885
-0.00300104
0.00613501
0.0306876
0.090657
2.91958e-06
1.66727e-06
3.55431e-05
9.15798e-05
0.000171613
0.00027473
0.00039959
0.00054435
0.000706541
0.000882992
0.00106979
0.00126222
0.0014548
0.00164136
0.00181525
0.00196964
0.00209782
0.00219342
0.00225498
0.00226409
3.36251e-06
1.48235e-06
3.50185e-05
9.01561e-05
0.000169112
0.000271098
0.000394903
0.000538809
0.000700456
0.000876765
0.00106378
0.00125717
0.00145119
0.00163964
0.00181576
0.00197254
0.00210302
0.00220055
0.00226378
0.00227294
-3.22342e-05
-3.51376e-05
-1.49818e-06
5.40064e-05
0.000133848
0.000237371
0.00036351
0.000510691
0.000676677
0.000858469
0.00105231
0.00125367
0.00145667
0.00165485
0.00184107
0.00200773
0.00214718
0.00225189
0.00232011
0.00232999
-9.28524e-05
-9.6858e-05
-6.29199e-05
-6.62379e-06
7.48635e-05
0.00018111
0.000311284
0.000464037
0.000637332
0.000828304
0.00103304
0.00124759
0.00146541
0.00167974
0.00188275
0.00206595
0.0022205
0.00233743
0.0024142
0.00242608
-0.000181268
-0.00018672
-0.000152341
-9.48644e-05
-1.09722e-05
9.92175e-05
0.000235197
0.000395939
0.000579708
0.000783944
0.00100523
0.00123783
0.00147678
0.00171446
0.00194207
0.00214977
0.00232698
0.00246248
0.00255235
0.00256765
-0.000298621
-0.000306022
-0.000271239
-0.000212463
-0.000125722
-1.07096e-05
0.000132509
0.000303338
0.000500424
0.000721491
0.000963127
0.00122059
0.00148788
0.00175707
0.00201835
0.00226013
0.00246944
0.00263178
0.00274087
0.00276173
-0.000446341
-0.00045639
-0.000421508
-0.000361691
-0.000272099
-0.000151848
-4.12858e-07
0.000182182
0.00039511
0.000636553
0.000903474
0.00119152
0.00149461
0.00180438
0.00210996
0.00239766
0.00265134
0.0028518
0.0029888
0.00301866
-0.000626126
-0.00063979
-0.000605484
-0.000545401
-0.000453537
-0.000328243
-0.000168216
2.72636e-05
0.000258066
0.000523022
0.000819707
0.00114421
0.00149091
0.00185128
0.00221362
0.00256206
0.00287634
0.00313086
0.00330848
0.00335345
-0.000839794
-0.00085841
-0.000825874
-0.00076699
-0.000674209
-0.000544863
-0.000376646
-0.000167905
8.20911e-05
0.000373017
0.000703299
0.00106984
0.00146798
0.00188972
0.00232314
0.00275065
0.00314728
0.00347901
0.00371652
0.00378811
-0.00108913
-0.00111457
-0.00108571
-0.00103043
-0.000939102
-0.000807703
-0.000632655
-0.000411202
-0.000141617
0.000176768
0.000543491
0.000956693
0.00141346
0.00190731
0.00242755
0.00295621
0.00346411
0.00390739
0.00423461
0.00435585
-0.00137567
-0.00141061
-0.00138831
-0.00134032
-0.00125414
-0.00112392
-0.000944521
-0.00071196
-0.000423496
-7.74305e-05
0.000327047
0.000789711
0.00131044
0.00188565
0.00250843
0.00316335
0.00381927
0.0044258
0.00488966
0.00510876
-0.0017006
-0.0017489
-0.00173736
-0.00170206
-0.00162642
-0.00150207
-0.00132199
-0.00108099
-0.000775483
-0.000402944
3.87925e-05
0.000551661
0.00113718
0.00179851
0.00253596
0.00334241
0.00419022
0.00503644
0.00571196
0.00613069
-0.00206258
-0.00213064
-0.00213626
-0.00212197
-0.0020646
-0.00195247
-0.0017765
-0.00153052
-0.00121073
-0.000814578
-0.00033943
0.000218699
0.000863681
0.00160882
0.00246445
0.0034412
0.00452633
0.00571605
0.00670981
0.00757655
-0.00247178
-0.00256185
-0.00259075
-0.00260847
-0.00257968
-0.00248782
-0.00232149
-0.00207403
-0.00174257
-0.00132591
-0.000821019
-0.000219115
0.000491238
0.00129711
0.00224641
0.00337918
0.00471963
0.00637715
0.00783234
0.00967234
-0.0028751
-0.00304409
-0.00310131
-0.00317855
-0.00319146
-0.00312713
-0.00297401
-0.00272659
-0.00238475
-0.00195184
-0.00143381
-0.000834615
-0.000145439
0.000654478
0.00163881
0.00288128
0.00442762
0.00676363
0.00880259
0.0126203
-0.00341807
-0.00347559
-0.00362818
-0.00374877
-0.00384172
-0.00384333
-0.00373095
-0.00349446
-0.00314073
-0.00268164
-0.00212802
-0.00148267
-0.00073921
0.000169683
0.00115958
0.00242989
0.00398229
0.00678662
0.00911078
0.0158186
-0.00372225
-0.0045392
-0.0045251
-0.00492452
-0.00500825
-0.00497589
-0.00479938
-0.0044962
-0.00408659
-0.00359042
-0.00303672
-0.00244947
-0.00186308
-0.00130726
-0.000747688
-4.11762e-05
0.000452733
0.00390558
0.00499484
0.0175344
-0.00505848
-0.00406998
-0.0046195
-0.00485537
-0.00525678
-0.00545535
-0.00547268
-0.00528059
-0.00490916
-0.00439297
-0.00379403
-0.00313904
-0.00251632
-0.00191281
-0.00155835
-0.000994229
-0.00198713
0.000749419
0.000561311
0.0195441
-0.00320905
-0.00700736
-0.00679329
-0.00809719
-0.00818389
-0.00813338
-0.00776422
-0.0072024
-0.00653144
-0.00576846
-0.00503119
-0.00433178
-0.00379558
-0.00354602
-0.00397969
-0.00470356
-0.00883036
-0.0072466
-0.00673818
0.0244492
-0.0148071
-0.00410186
-0.00490891
-0.00597615
-0.00665625
-0.00701683
-0.00710276
-0.00687384
-0.00642203
-0.00573273
-0.00510929
-0.00426154
-0.00389447
-0.00322119
-0.0036445
-0.00330165
-0.00295141
0.00617869
0.0307273
0.0906669
2.01483e-06
7.8547e-07
3.46971e-05
9.07764e-05
0.000170853
0.000274006
0.000398891
0.000543663
0.000705847
0.000882274
0.00106903
0.0012614
0.0014539
0.00164036
0.00181416
0.00196847
0.00209658
0.00219212
0.00225365
0.00226275
2.40092e-06
5.45122e-07
3.41191e-05
8.93021e-05
0.000168305
0.000270332
0.000394168
0.000538089
0.000699734
0.000876018
0.00106298
0.00125631
0.00145025
0.00163861
0.00181463
0.00197131
0.00210172
0.00219918
0.00226238
0.00227152
-3.33153e-05
-3.61923e-05
-2.50991e-06
5.30479e-05
0.000132946
0.00023652
0.0003627
0.000509905
0.000675894
0.000857663
0.00105146
0.00125275
0.00145566
0.00165373
0.00183983
0.00200637
0.00214572
0.00225035
0.00231852
0.00232839
-9.41205e-05
-9.80957e-05
-6.4105e-05
-7.74187e-06
7.38183e-05
0.000180134
0.000310364
0.000463154
0.000636461
0.000827411
0.00103208
0.00124657
0.00146429
0.00167848
0.00188134
0.00206438
0.0022188
0.00233561
0.00241229
0.00242415
-0.000182797
-0.000188211
-0.000153764
-9.61994e-05
-1.22099e-05
9.80736e-05
0.000234133
0.000394933
0.00057873
0.000782961
0.00100421
0.0012367
0.00147551
0.00171302
0.00194043
0.00214791
0.00232492
0.00246025
0.00254998
0.00256524
-0.000300497
-0.00030785
-0.000272976
-0.000214081
-0.000127208
-1.20643e-05
0.00013127
0.000302186
0.000499323
0.000720395
0.000961982
0.00121932
0.00148644
0.0017554
0.0020164
0.00225788
0.00246689
0.00262898
0.00273787
0.00275864
-0.000448674
-0.00045866
-0.000423653
-0.000363673
-0.000273896
-0.000153459
-1.85559e-06
0.000180873
0.000393886
0.000635351
0.00090222
0.00119013
0.001493
0.00180247
0.00210767
0.00239495
0.00264818
0.00284825
0.00298493
0.00301465
-0.000629061
-0.000642638
-0.000608159
-0.000547845
-0.000455719
-0.000330157
-0.000169884
2.57982e-05
0.000256738
0.000521748
0.000818389
0.00114274
0.00148917
0.00184915
0.00221097
0.00255881
0.00287245
0.00312636
0.0033035
0.00334822
-0.000843519
-0.000862015
-0.000829234
-0.000770022
-0.000676864
-0.000547131
-0.000378552
-0.000169507
8.07075e-05
0.00037174
0.000702001
0.00106837
0.00146619
0.00188743
0.00232018
0.00274687
0.00314257
0.00347338
0.00371014
0.00378132
-0.0010939
-0.00111917
-0.00108996
-0.00103421
-0.000942337
-0.000810377
-0.000634798
-0.000412892
-0.000142969
0.000175607
0.000542355
0.000955392
0.00141178
0.00190504
0.00242442
0.00295198
0.00345857
0.00390049
0.00422654
0.00434708
-0.00138181
-0.00141651
-0.00139371
-0.00134504
-0.00125808
-0.00112705
-0.000946884
-0.000713656
-0.000424679
-7.8298e-05
0.000326288
0.000788814
0.00130914
0.00188375
0.00250541
0.0031589
0.00381306
0.00441759
0.00487967
0.00509758
-0.00170856
-0.00175651
-0.00174425
-0.00170799
-0.00163122
-0.00150571
-0.00132453
-0.00108256
-0.00077629
-0.000403234
3.87264e-05
0.000551509
0.0011366
0.00179719
0.00253345
0.00333817
0.00418373
0.00502714
0.00569997
0.00611663
-0.00207291
-0.00214048
-0.00214508
-0.00212941
-0.00207047
-0.00195669
-0.00177916
-0.00153178
-0.00121087
-0.000813921
-0.000338374
0.000219738
0.000864409
0.00160879
0.00246307
0.00343773
0.00452025
0.00570626
0.00669609
0.00755918
-0.00248517
-0.00257454
-0.00260205
-0.00261783
-0.00258684
-0.00249269
-0.00232417
-0.00207476
-0.00174168
-0.00132381
-0.000818247
-0.000216308
0.000493654
0.00129844
0.00224621
0.00337658
0.00471483
0.00636828
0.00781779
0.00965152
-0.00289226
-0.00306028
-0.00311573
-0.00319027
-0.00320019
-0.00313274
-0.0029766
-0.00272654
-0.00238241
-0.00194765
-0.00142829
-0.000828614
-0.000139828
0.000660185
0.00164209
0.00287981
0.00442687
0.00675891
0.00878993
0.0125967
-0.00344037
-0.00349685
-0.00364685
-0.00376389
-0.00385271
-0.00385004
-0.00373359
-0.00349348
-0.00313662
-0.00267482
-0.00211876
-0.00147107
-0.000726157
0.00017797
0.00115994
0.0024096
0.00398107
0.00678809
0.00910239
0.0157942
-0.00374834
-0.00456308
-0.00454714
-0.00494162
-0.00502054
-0.00498302
-0.00480159
-0.00449399
-0.00408045
-0.00358077
-0.00302364
-0.00243284
-0.00184308
-0.00128388
-0.000737998
-0.000128472
0.000469426
0.0039299
0.00500705
0.0175187
-0.00509304
-0.00410337
-0.00464882
-0.00487916
-0.00527391
-0.00546552
-0.00547622
-0.00527827
-0.00490183
-0.00438132
-0.00377828
-0.00311903
-0.00249118
-0.00187991
-0.00150314
-0.000836159
-0.00192276
0.000798397
0.000597712
0.0195427
-0.00324008
-0.00703841
-0.0068253
-0.00812307
-0.00820338
-0.00814487
-0.00776823
-0.00719962
-0.00652281
-0.00575505
-0.00501307
-0.00430859
-0.00376563
-0.00350507
-0.00391984
-0.00460853
-0.00874084
-0.0071643
-0.00666396
0.0244569
-0.0148515
-0.00414735
-0.00495029
-0.00601058
-0.00668136
-0.007032
-0.00710849
-0.00687151
-0.00641311
-0.00571865
-0.00509034
-0.00423781
-0.00386396
-0.00318232
-0.0035922
-0.00323732
-0.00287776
0.0062432
0.0307835
0.0906513
8.96999e-07
-2.92228e-07
3.36692e-05
8.98065e-05
0.000169939
0.000273139
0.000398056
0.000542841
0.000705014
0.000881403
0.00106809
0.00126038
0.00145277
0.00163912
0.0018128
0.001967
0.00209502
0.0021905
0.00225199
0.0022611
1.19761e-06
-6.15919e-07
3.30111e-05
8.82574e-05
0.000167323
0.000269404
0.00039328
0.00053722
0.000698858
0.000875107
0.00106201
0.00125526
0.00144909
0.00163732
0.00181322
0.00196978
0.00210008
0.00219748
0.00226063
0.00226978
-3.46811e-05
-3.75121e-05
-3.76905e-06
5.18631e-05
0.000131837
0.00023548
0.000361712
0.000508946
0.000674935
0.000856672
0.0010504
0.0012516
0.00145439
0.00165232
0.00183827
0.00200468
0.0021439
0.00224843
0.00231654
0.00232641
-9.57357e-05
-9.96584e-05
-6.55939e-05
-9.13814e-06
7.25191e-05
0.000178924
0.000309226
0.000462062
0.000635382
0.000826302
0.00103088
0.00124529
0.00146287
0.0016769
0.00187956
0.00206241
0.00221665
0.00233333
0.00240992
0.00242176
-0.000184753
-0.000190105
-0.000155564
-9.78798e-05
-1.3763e-05
9.6641e-05
0.000232802
0.000393674
0.000577506
0.00078173
0.00100295
0.00123528
0.0014739
0.00171119
0.00193834
0.00214555
0.0023223
0.00245742
0.00254701
0.00256222
-0.000302904
-0.000310181
-0.000275184
-0.000216131
-0.000129086
-1.37753e-05
0.000129704
0.000300731
0.000497929
0.000719003
0.000960527
0.00121771
0.0014846
0.00175327
0.00201391
0.002255
0.00246363
0.00262539
0.00273404
0.00275472
-0.000451676
-0.000461563
-0.000426391
-0.000366196
-0.00027618
-0.000155507
-3.69258e-06
0.000179202
0.000392317
0.000633805
0.000900604
0.00118834
0.00149092
0.0018
0.0021047
0.00239143
0.00264409
0.00284364
0.00297993
0.00300947
-0.000632845
-0.000646292
-0.000611585
-0.000550971
-0.000458507
-0.000332606
-0.000172023
2.391e-05
0.000255016
0.000520086
0.000816663
0.00114081
0.00148688
0.00184634
0.0022075
0.00255455
0.00286733
0.00312044
0.00329693
0.00334134
-0.000848339
-0.00086666
-0.000833556
-0.000773915
-0.000680273
-0.000550048
-0.000381012
-0.000171589
7.88921e-05
0.000370052
0.000700272
0.00106642
0.0014638
0.00188438
0.00231624
0.00274183
0.00313627
0.00346582
0.00370154
0.00377215
-0.0011001
-0.00112513
-0.00109545
-0.00103908
-0.000946508
-0.00081383
-0.000637582
-0.000415107
-0.000144763
0.00017405
0.00054081
0.000953615
0.0014095
0.00190195
0.0024202
0.00294626
0.00345104
0.00389101
0.00421539
0.0043349
-0.00138986
-0.00142421
-0.00140074
-0.00135117
-0.00126319
-0.00113111
-0.000949964
-0.00071589
-0.00042626
-7.94597e-05
0.000325222
0.000787537
0.0013073
0.00188097
0.0025013
0.00315286
0.0038045
0.00440608
0.00486548
0.00508153
-0.00171909
-0.00176653
-0.0017533
-0.00171572
-0.00163748
-0.00151045
-0.00132785
-0.00108463
-0.00077738
-0.000403695
3.8498e-05
0.000551105
0.0011356
0.00179537
0.00253019
0.0033326
0.0041748
0.00501388
0.00568247
0.00609569
-0.00208675
-0.00215358
-0.00215677
-0.0021392
-0.00207813
-0.00196217
-0.00178259
-0.00153343
-0.00121108
-0.000813165
-0.000337214
0.000220678
0.00086477
0.00160877
0.00246193
0.00343418
0.0045124
0.00569225
0.00667556
0.00753225
-0.00250339
-0.00259168
-0.00261722
-0.00263025
-0.00259622
-0.00249899
-0.00232758
-0.00207561
-0.00174047
-0.00132113
-0.000814934
-0.000213599
0.000494839
0.00130042
0.0022482
0.00337664
0.00471042
0.00635603
0.00779555
0.00961779
-0.00291607
-0.00308251
-0.00313538
-0.00320599
-0.00321167
-0.00313994
-0.00297987
-0.00272618
-0.00237908
-0.00194201
-0.0014212
-0.000821912
-0.000136946
0.000669493
0.00165366
0.00289077
0.0044333
0.00675456
0.00877042
0.0125567
-0.00347213
-0.00352694
-0.00367301
-0.0037847
-0.00386746
-0.00385871
-0.00373663
-0.00349158
-0.00313059
-0.00266526
-0.00210574
-0.00145338
-0.000700986
0.000196964
0.00117977
0.0024315
0.00399937
0.00679638
0.00909004
0.0157509
-0.00378628
-0.00459694
-0.00457824
-0.00496471
-0.00503655
-0.00499165
-0.00480335
-0.0044897
-0.00407103
-0.00356681
-0.00300511
-0.00240877
-0.001812
-0.00124399
-0.000687155
-2.93288e-05
0.000533701
0.00397564
0.00502677
0.0174887
-0.00514448
-0.00415252
-0.00469164
-0.00491307
-0.00529746
-0.00547875
-0.00547984
-0.00527365
-0.00489047
-0.0043644
-0.0037562
-0.00309159
-0.00245769
-0.00184103
-0.00146176
-0.000830631
-0.00186219
0.000869853
0.000654028
0.0195317
-0.00328807
-0.00708459
-0.00687299
-0.00815968
-0.00822993
-0.00815979
-0.00777138
-0.00719306
-0.00650851
-0.00573471
-0.0049872
-0.00427683
-0.00372631
-0.00345448
-0.00385484
-0.00452058
-0.00862451
-0.00703802
-0.00655566
0.0244447
-0.0149216
-0.00421823
-0.00501343
-0.00606133
-0.00671624
-0.00705102
-0.00711369
-0.00686547
-0.00639854
-0.00569764
-0.00506356
-0.00420576
-0.00382407
-0.00313339
-0.00352894
-0.00316086
-0.00278046
0.00632988
0.0308403
0.0905721
-3.74876e-07
-1.48315e-06
3.25508e-05
8.87692e-05
0.000168974
0.000272228
0.000397179
0.000541968
0.000704117
0.000880451
0.00106705
0.00125922
0.00145148
0.00163768
0.00181122
0.00196528
0.0020932
0.00218862
0.00225009
0.00225925
-2.09046e-07
-1.94185e-06
3.17613e-05
8.70963e-05
0.000166245
0.000268394
0.000392316
0.000536275
0.000697901
0.000874104
0.00106092
0.00125406
0.00144776
0.00163584
0.00181159
0.00196801
0.00209821
0.00219554
0.00225866
0.00226786
-3.62977e-05
-3.90414e-05
-5.21307e-06
5.05215e-05
0.000130595
0.000234321
0.000360615
0.000507882
0.000673871
0.000855568
0.00104921
0.00125031
0.00145295
0.00165072
0.00183649
0.00200272
0.0021418
0.00224625
0.00231431
0.00232423
-9.76641e-05
-0.000101489
-6.7324e-05
-1.07446e-05
7.10356e-05
0.00017755
0.000307938
0.000460828
0.000634162
0.000825043
0.00102948
0.00124383
0.00146125
0.00167507
0.00187751
0.00206014
0.00221419
0.00233073
0.00240724
0.00241911
-0.000187095
-0.000192335
-0.000157671
-9.98329e-05
-1.55585e-05
9.49906e-05
0.000231272
0.000392228
0.000576098
0.000780313
0.00100151
0.00123363
0.00147204
0.00170905
0.0019359
0.00214281
0.00231927
0.00245417
0.00254361
0.00255883
-0.000305789
-0.000312935
-0.000277781
-0.000218529
-0.000131275
-1.57671e-05
0.000127883
0.000299035
0.000496299
0.000717369
0.000958812
0.00121582
0.00148243
0.00175075
0.00201097
0.00225161
0.0024598
0.0026212
0.00272959
0.00275023
-0.000455273
-0.000465003
-0.000429624
-0.000369162
-0.000278862
-0.000157912
-5.85314e-06
0.000177229
0.000390456
0.00063196
0.000898668
0.00118618
0.00148842
0.00179703
0.00210115
0.00238721
0.0026392
0.00283815
0.00297399
0.0030034
-0.000637384
-0.000650634
-0.000615646
-0.000554664
-0.000461799
-0.000335502
-0.000174564
2.16521e-05
0.000252939
0.000518065
0.000814551
0.00113844
0.00148407
0.00184292
0.00220326
0.00254935
0.00286109
0.00311322
0.00328894
0.00333304
-0.000854136
-0.000872199
-0.0008387
-0.000778538
-0.00068432
-0.00055352
-0.000383962
-0.000174113
7.66588e-05
0.000367942
0.000698091
0.00106395
0.00146079
0.00188057
0.00231133
0.00273554
0.00312841
0.00345639
0.00369079
0.00376073
-0.00110759
-0.00113227
-0.00110202
-0.0010449
-0.000951489
-0.000817969
-0.000640948
-0.000417834
-0.000147031
0.000172017
0.000538755
0.000951253
0.0014065
0.00189797
0.00241479
0.00293895
0.00344139
0.00387884
0.00420101
0.00431914
-0.00139965
-0.00143351
-0.00140921
-0.00135853
-0.00126932
-0.00113601
-0.000953717
-0.000718685
-0.000428347
-8.11462e-05
0.000323609
0.00078563
0.00130468
0.00187723
0.00249585
0.0031449
0.00379319
0.00439076
0.00484646
0.00505976
-0.00173202
-0.00177875
-0.00176429
-0.00172507
-0.00164502
-0.00151618
-0.00133189
-0.00108726
-0.000778937
-0.000404579
3.78345e-05
0.00055015
0.00113382
0.00179263
0.00252566
0.00332499
0.00416259
0.00499548
0.0056579
0.00606555
-0.00210402
-0.00216976
-0.00217115
-0.00215114
-0.0020874
-0.00196878
-0.00178675
-0.00153551
-0.00121156
-0.000812559
-0.000336223
0.00022116
0.000864026
0.00160816
0.00246009
0.00342904
0.0045013
0.00567189
0.00664516
0.00749048
-0.00252659
-0.00261325
-0.00263617
-0.00264556
-0.00260762
-0.00250651
-0.00233156
-0.00207659
-0.00173906
-0.00131808
-0.000811405
-0.000211993
0.000490147
0.00130173
0.00225119
0.00337743
0.00470427
0.00633718
0.00776075
0.00956058
-0.00294728
-0.00311108
-0.00316042
-0.00322553
-0.00322556
-0.00314828
-0.00298316
-0.00272526
-0.00237473
-0.00193508
-0.00141305
-0.000817956
-0.000170371
0.00067844
0.00167115
0.0029097
0.00444466
0.00674748
0.00873832
0.0124819
-0.00351554
-0.00356751
-0.00370768
-0.00381158
-0.00388581
-0.00386874
-0.00373924
-0.00348814
-0.00312231
-0.00265296
-0.00208909
-0.00142733
-0.000632014
0.000227452
0.0012126
0.00247302
0.00403252
0.00681021
0.00907054
0.0156625
-0.00384067
-0.00464264
-0.00461964
-0.00499307
-0.00505447
-0.00499914
-0.00480207
-0.00448129
-0.00405689
-0.00354781
-0.00298089
-0.0023768
-0.00176616
-0.00118964
-0.000614301
0.000110222
0.00063501
0.00405266
0.00506663
0.0174196
-0.00522143
-0.00422367
-0.00475235
-0.00495896
-0.00532736
-0.00549306
-0.0054808
-0.00526403
-0.00487288
-0.00434076
-0.00372706
-0.00305639
-0.00241472
-0.00179167
-0.00140837
-0.000814911
-0.00175987
0.000998436
0.000772922
0.0194866
-0.00336683
-0.00715169
-0.00694105
-0.00820611
-0.00825904
-0.00817004
-0.00776603
-0.00717578
-0.00648267
-0.00570313
-0.00495059
-0.00423475
-0.00367592
-0.0033901
-0.00377187
-0.00440019
-0.00844316
-0.00681964
-0.00637259
0.0243578
-0.0150396
-0.0043333
-0.005112
-0.00613567
-0.00676283
-0.00707199
-0.00711366
-0.00684998
-0.0063727
-0.00566557
-0.00502591
-0.0041638
-0.00377306
-0.00307182
-0.00344784
-0.00306005
-0.00264579
0.00644141
0.0308909
0.0902707
-1.73395e-06
-2.69902e-06
3.14223e-05
8.77428e-05
0.000168032
0.000271347
0.00039633
0.00054112
0.000703235
0.000879497
0.00106599
0.00125802
0.0014501
0.00163612
0.00180947
0.00196338
0.00209119
0.00218656
0.00224803
0.00225733
-1.78757e-06
-3.36321e-06
3.04387e-05
8.58917e-05
0.000165143
0.000267373
0.000391347
0.000535327
0.000696939
0.000873091
0.00105982
0.00125283
0.00144637
0.00163428
0.00180985
0.00196611
0.00209619
0.00219347
0.00225659
0.00226592
-3.81297e-05
-4.07055e-05
-6.76535e-06
4.91037e-05
0.000129298
0.000233123
0.000359488
0.000506794
0.000672786
0.000854446
0.00104801
0.00124897
0.00145144
0.00164901
0.00183458
0.00200063
0.00213957
0.00224394
0.00231198
0.00232202
-9.98662e-05
-0.000103508
-6.92124e-05
-1.24733e-05
6.94551e-05
0.000176097
0.000306584
0.000459537
0.000632891
0.000823739
0.00102802
0.0012423
0.00145954
0.00167312
0.00187532
0.00205771
0.00221156
0.00232798
0.00240442
0.00241642
-0.000189773
-0.000194808
-0.000159989
-0.000101957
-1.74968e-05
9.32183e-05
0.000229634
0.000390683
0.00057459
0.000778783
0.000999963
0.00123185
0.00147002
0.00170675
0.00193328
0.00213984
0.00231601
0.0024507
0.00254
0.00255534
-0.000309083
-0.000315993
-0.000280649
-0.000221154
-0.000133661
-1.79312e-05
0.000125905
0.00029719
0.000494519
0.000715572
0.000956911
0.00121372
0.00148005
0.00174798
0.00200775
0.0022479
0.00245563
0.00261666
0.00272479
0.0027455
-0.000459374
-0.000468825
-0.000433204
-0.000372426
-0.000281804
-0.000160551
-8.23111e-06
0.000175048
0.000388385
0.000629894
0.00089649
0.00118376
0.00148562
0.00179371
0.00209718
0.00238251
0.00263376
0.00283209
0.00296746
0.00299685
-0.000642555
-0.000655467
-0.000620154
-0.000558746
-0.000465436
-0.000338712
-0.000177397
1.9113e-05
0.000250584
0.000515757
0.000812129
0.00113573
0.00148086
0.00183899
0.00219842
0.00254342
0.00285399
0.00310506
0.00327994
0.00332381
-0.00086074
-0.000878382
-0.000844433
-0.000783675
-0.000688824
-0.000557406
-0.000387293
-0.000176996
7.40777e-05
0.00036548
0.000695534
0.00106105
0.00145727
0.0018761
0.00230559
0.0027282
0.00311924
0.00344541
0.0036783
0.00374758
-0.00111614
-0.00114028
-0.00110939
-0.0010514
-0.000957069
-0.000822639
-0.00064479
-0.00042099
-0.000149699
0.000169595
0.000536294
0.000948428
0.00140293
0.0018932
0.00240832
0.00293018
0.0034298
0.00386421
0.00418371
0.00430026
-0.00141089
-0.00144401
-0.00141876
-0.00136681
-0.00127623
-0.00114156
-0.00095803
-0.000721955
-0.00043084
-8.31824e-05
0.000321659
0.000783357
0.00130159
0.00187274
0.00248919
0.0031351
0.00377922
0.00437176
0.0048228
0.00503249
-0.00174703
-0.00179271
-0.00177681
-0.00173569
-0.00165358
-0.0015227
-0.00133656
-0.00109035
-0.000780816
-0.000405659
3.70417e-05
0.000549177
0.0011321
0.00178947
0.00252005
0.00331538
0.0041471
0.00497197
0.00562639
0.0060263
-0.00212436
-0.00218852
-0.00218776
-0.00216483
-0.00209798
-0.00197631
-0.00179152
-0.00153794
-0.00121218
-0.000811948
-0.000334989
0.000222474
0.000865105
0.00160824
0.00245803
0.00342236
0.0044868
0.00564522
0.00660527
0.00743425
-0.00255444
-0.00263875
-0.00265846
-0.00266331
-0.00262067
-0.00251501
-0.00233599
-0.00207761
-0.00173749
-0.00131465
-0.000806853
-0.000207056
0.000495157
0.00130641
0.00225509
0.00337793
0.00469579
0.00631184
0.00771451
0.00948164
-0.0029857
-0.00314554
-0.00319052
-0.00324846
-0.00324146
-0.00315749
-0.00298653
-0.00272382
-0.00236954
-0.001927
-0.00140257
-0.000804016
-0.000141286
0.000698085
0.00169212
0.00293095
0.00445794
0.00673775
0.00869634
0.0123779
-0.00357065
-0.00361864
-0.00375111
-0.00384469
-0.00390778
-0.00388017
-0.00374161
-0.00348325
-0.00311207
-0.00263881
-0.00207191
-0.0014085
-0.000622555
0.000250872
0.00124774
0.00251785
0.00407396
0.00683
0.00905179
0.0155429
-0.00391334
-0.00470159
-0.00467239
-0.00502655
-0.00507455
-0.00500598
-0.00479777
-0.00446851
-0.00403786
-0.00352403
-0.00295271
-0.00234313
-0.00172382
-0.00113054
-0.000534286
0.000243175
0.000762277
0.00416495
0.00513413
0.0173391
-0.00532268
-0.00431531
-0.00483131
-0.00501748
-0.00536374
-0.00550929
-0.00547969
-0.00524973
-0.00484923
-0.00431071
-0.00369181
-0.00301581
-0.00236629
-0.00173249
-0.00133411
-0.000744664
-0.00160203
0.00119663
0.000953414
0.0194458
-0.0034909
-0.00725109
-0.00703695
-0.00826734
-0.00829385
-0.00817629
-0.0077508
-0.0071463
-0.00644407
-0.00565938
-0.0049032
-0.00418316
-0.00361607
-0.00331219
-0.00366725
-0.00423238
-0.00818465
-0.00648081
-0.00615507
0.0242137
-0.015203
-0.00449063
-0.00524379
-0.00622906
-0.00681372
-0.00708819
-0.00710461
-0.00682451
-0.00633599
-0.00562364
-0.00497922
-0.00411429
-0.00371288
-0.00299703
-0.00334466
-0.00291881
-0.00247904
0.00656367
0.030761
0.0896419
-3.10695e-06
-3.66502e-06
3.06066e-05
8.7083e-05
0.000167461
0.000270813
0.000395786
0.000540514
0.00070253
0.000878658
0.00106498
0.00125679
0.00144863
0.00163438
0.00180749
0.00196118
0.00208885
0.00218421
0.00224573
0.00225547
-3.66221e-06
-4.81951e-06
2.91417e-05
8.47703e-05
0.000164151
0.00026647
0.000390497
0.00053449
0.000696077
0.000872166
0.00105878
0.00125164
0.00144497
0.00163266
0.00180802
0.0019641
0.00209407
0.00219136
0.00225453
0.00226433
-4.03561e-05
-4.24866e-05
-8.37187e-06
4.76972e-05
0.000128046
0.000231987
0.000358431
0.000505777
0.000671772
0.000853411
0.00104695
0.00124768
0.00144993
0.00164727
0.00183261
0.00199846
0.00213726
0.00224163
0.00230972
0.00232026
-0.000102561
-0.000105725
-7.12353e-05
-1.42667e-05
6.78497e-05
0.000174642
0.000305243
0.00045827
0.000631656
0.000822536
0.00102714
0.00124085
0.00145781
0.00167114
0.00187307
0.00205521
0.00220887
0.00232525
0.00240173
0.00241426
-0.000193022
-0.000197537
-0.000162499
-0.000104201
-1.9514e-05
9.13915e-05
0.000227957
0.000389104
0.000573041
0.000777138
0.000997799
0.00122993
0.00146793
0.00170436
0.00193054
0.00213677
0.00231266
0.00244723
0.00253651
0.00255242
-0.000313026
-0.000319363
-0.000283765
-0.000223953
-0.000136179
-2.0207e-05
0.000123825
0.000295246
0.000492632
0.000713635
0.000954787
0.00121146
0.0014775
0.00174503
0.00200433
0.00224398
0.00245126
0.00261203
0.00272004
0.00274135
-0.000464218
-0.000473027
-0.000437097
-0.000375928
-0.000284947
-0.000163375
-1.079e-05
0.00017268
0.000386114
0.000627607
0.000894062
0.00118108
0.00148253
0.00179005
0.00209285
0.00237742
0.00262793
0.00282574
0.00296076
0.00299074
-0.000648593
-0.000660769
-0.000625068
-0.000563153
-0.000469365
-0.000342204
-0.000180519
1.62677e-05
0.000247894
0.000513078
0.000809297
0.00113256
0.00147714
0.0018345
0.00219294
0.00253677
0.00284614
0.00309619
0.00327032
0.00331461
-0.00086839
-0.000885167
-0.0008507
-0.000789259
-0.000693742
-0.000561703
-0.000391056
-0.00018035
7.09737e-05
0.000362435
0.000692325
0.00105742
0.00145293
0.00187071
0.00229877
0.0027196
0.00310865
0.00343294
0.00366434
0.00373353
-0.001126
-0.00114909
-0.00111747
-0.00105853
-0.000963231
-0.00082789
-0.00064925
-0.000424831
-0.000153137
0.000166305
0.000532856
0.000944499
0.0013981
0.00188697
0.00240009
0.00291931
0.00341571
0.00384668
0.00416327
0.00427851
-0.00142386
-0.00145564
-0.00142933
-0.00137597
-0.00128395
-0.00114791
-0.000963185
-0.000726163
-0.000434401
-8.64345e-05
0.000318341
0.000779529
0.00129669
0.00186605
0.00247982
0.00312189
0.00376094
0.00434733
0.00479281
0.00499817
-0.00176448
-0.00180834
-0.00179082
-0.00174753
-0.00166322
-0.00153025
-0.00134229
-0.00109463
-0.000784072
-0.000408348
3.44728e-05
0.000546197
0.00112799
0.00178327
0.00251048
0.00330057
0.00412463
0.00493879
0.00558272
0.00597077
-0.00214847
-0.00220992
-0.0022066
-0.00218025
-0.00210994
-0.00198504
-0.00179747
-0.0015417
-0.00121431
-0.000813074
-0.000335608
0.000221797
0.000863717
0.00160454
0.00245057
0.00340846
0.00446213
0.00560287
0.00654392
0.00734264
-0.00258837
-0.00266863
-0.0026843
-0.00268352
-0.00263535
-0.00252466
-0.00234141
-0.00207977
-0.00173721
-0.00131265
-0.000803765
-0.000203352
0.000499148
0.00130822
0.00225372
0.00337014
0.00467488
0.00626401
0.00763558
0.00933169
-0.0030353
-0.00318726
-0.00322639
-0.00327451
-0.00325874
-0.00316704
-0.00298978
-0.00272228
-0.00236445
-0.00191933
-0.00139274
-0.000790951
-0.000118499
0.000714597
0.00170859
0.00294598
0.00446385
0.00670788
0.00861949
0.012152
-0.00364697
-0.00368721
-0.00380668
-0.00388524
-0.00393285
-0.00389163
-0.00374198
-0.0034758
-0.0030995
-0.00262313
-0.00205444
-0.00139084
-0.000610797
0.000273009
0.00128349
0.00256513
0.00412862
0.0068546
0.00903348
0.0152674
-0.00402596
-0.00477784
-0.00473776
-0.00505884
-0.00508687
-0.00500111
-0.00478125
-0.00444459
-0.00400946
-0.00349286
-0.00291909
-0.00230579
-0.00167837
-0.00106523
-0.000443345
0.000392901
0.000958793
0.00437299
0.00535596
0.0171655
-0.00549664
-0.00446144
-0.00494895
-0.00509726
-0.00540582
-0.00551964
-0.00546591
-0.00522033
-0.00481075
-0.00426767
-0.00364597
-0.00296678
-0.00230785
-0.00165551
-0.00121607
-0.000577129
-0.00125748
0.00164879
0.00152599
0.0193585
-0.00376848
-0.00740672
-0.00717051
-0.00831316
-0.00829394
-0.00813435
-0.00768399
-0.0070681
-0.00636275
-0.00557978
-0.00482659
-0.00410837
-0.00353445
-0.00320419
-0.00351193
-0.00394797
-0.00769572
-0.00576843
-0.00558615
0.0237725
-0.0155663
-0.00479771
-0.00548536
-0.00637731
-0.00687622
-0.00709022
-0.00706399
-0.00676242
-0.0062631
-0.00555126
-0.00490479
-0.00404594
-0.00363083
-0.00289978
-0.00319857
-0.00269458
-0.00219587
0.00677938
0.030443
0.0876577
-4.31833e-06
-4.37459e-06
2.99999e-05
8.65826e-05
0.00016703
0.00027041
0.000395372
0.000540069
0.000702004
0.000878011
0.00106416
0.00125573
0.00144731
0.0016328
0.00180565
0.00195913
0.00208666
0.00218201
0.00224357
0.00225389
-5.49291e-06
-6.11283e-06
2.79787e-05
8.37837e-05
0.000163291
0.0002657
0.000389784
0.000533805
0.000695385
0.000871428
0.00105794
0.00125065
0.00144381
0.0016313
0.00180646
0.00196237
0.00209223
0.00218953
0.00225275
0.00226315
-4.25046e-05
-4.40596e-05
-9.80342e-06
4.64594e-05
0.000126955
0.000231011
0.000357538
0.000504935
0.000670941
0.00085255
0.001046
0.0012466
0.00144866
0.00164579
0.00183092
0.00199657
0.00213525
0.00223962
0.00230775
0.00231895
-0.000105149
-0.000107694
-7.30466e-05
-1.58577e-05
6.64337e-05
0.000173371
0.000304084
0.000457187
0.000630608
0.00082149
0.00102612
0.00123959
0.00145635
0.00166944
0.00187113
0.00205304
0.00220654
0.0023229
0.00239941
0.00241265
-0.00019612
-0.000199961
-0.000164745
-0.000106195
-2.13002e-05
8.97823e-05
0.00022649
0.000387732
0.000571705
0.000775757
0.000996237
0.00122832
0.00146613
0.00170229
0.00192817
0.00213409
0.00230973
0.00244422
0.0025335
0.00255019
-0.000316764
-0.000322355
-0.000286552
-0.000226444
-0.000138418
-2.22253e-05
0.000121986
0.000293532
0.000490974
0.000711953
0.000952998
0.00120949
0.00147528
0.00174245
0.00200132
0.00224052
0.00244741
0.00260798
0.00271589
0.00273808
-0.000468786
-0.000476756
-0.000440582
-0.000379051
-0.000287752
-0.000165896
-1.30759e-05
0.000170566
0.00038409
0.000625577
0.000891921
0.00117869
0.00147978
0.00178681
0.00208899
0.00237288
0.00262274
0.00282011
0.00295488
0.00298586
-0.000654263
-0.000665478
-0.000629469
-0.000567094
-0.000472886
-0.000345342
-0.000183331
1.37001e-05
0.000245468
0.000510667
0.000806755
0.00112971
0.0014738
0.00183047
0.00218801
0.00253079
0.00283907
0.00308827
0.00326179
0.00330711
-0.000875545
-0.000891198
-0.000856322
-0.000794269
-0.000698171
-0.000565589
-0.000394471
-0.000183401
6.8148e-05
0.000359666
0.000689412
0.00105412
0.00144899
0.00186581
0.00229257
0.00271179
0.00309904
0.00342167
0.00365179
0.00372171
-0.0011352
-0.00115694
-0.00112475
-0.00106494
-0.000968804
-0.000832663
-0.000653322
-0.000428348
-0.000156287
0.000163295
0.000529716
0.000940903
0.00139369
0.00188127
0.00239255
0.00290932
0.00340277
0.00383068
0.00414474
0.00425963
-0.00143593
-0.00146604
-0.00143887
-0.00138425
-0.00129096
-0.00115371
-0.000967916
-0.000730038
-0.000437678
-8.94206e-05
0.000315288
0.000775972
0.00129217
0.00185989
0.00247114
0.00310966
0.00374405
0.00432488
0.00476553
0.00496752
-0.00178072
-0.00182239
-0.00180353
-0.00175831
-0.00167202
-0.00153718
-0.00134758
-0.0010986
-0.000787082
-0.000410818
3.20946e-05
0.000543404
0.00112418
0.00177747
0.00250146
0.00328666
0.00410375
0.0049083
0.0055433
0.00592109
-0.00217103
-0.00222934
-0.00222388
-0.00219441
-0.00212096
-0.00199313
-0.00180303
-0.00154522
-0.00121636
-0.000814192
-0.000336338
0.000220913
0.000861883
0.0016006
0.00244294
0.00339478
0.00443881
0.00556406
0.0064897
0.00726114
-0.00262013
-0.00269607
-0.0027083
-0.00270235
-0.00264912
-0.00253378
-0.00234661
-0.00208188
-0.00173706
-0.00131118
-0.00080158
-0.000201004
0.000501227
0.00130879
0.00225101
0.0033614
0.00465484
0.00622018
0.00756777
0.00919873
-0.0030823
-0.0032259
-0.00326025
-0.00329911
-0.00327526
-0.00317631
-0.00299319
-0.00272127
-0.00236037
-0.00191323
-0.00138519
-0.000781957
-0.000109373
0.000724051
0.00171762
0.00295301
0.00446386
0.00667736
0.00855639
0.0119585
-0.00371961
-0.00375216
-0.00386049
-0.00392539
-0.00395827
-0.00390389
-0.00374375
-0.00347004
-0.00308909
-0.00261033
-0.00204087
-0.00137754
-0.000597168
0.000284678
0.0013038
0.00259101
0.00416839
0.00687142
0.0090562
0.01507
-0.00414184
-0.00486349
-0.004808
-0.00509465
-0.00510293
-0.00499815
-0.00476563
-0.00442139
-0.00398228
-0.00346376
-0.00288909
-0.00227419
-0.00164135
-0.00101503
-0.000382844
0.000480256
0.00112423
0.0045636
0.00561989
0.0171324
-0.00565323
-0.00458819
-0.00505953
-0.00517448
-0.00544698
-0.00553096
-0.00545385
-0.00519314
-0.00477513
-0.00422786
-0.00360475
-0.0029245
-0.00225781
-0.00158897
-0.00110387
-0.0003974
-0.000905204
0.0021122
0.00204399
0.0194668
-0.00413721
-0.00766406
-0.00734904
-0.00839479
-0.00830219
-0.00808355
-0.00760328
-0.00697608
-0.0062713
-0.00549236
-0.00474822
-0.00403715
-0.00346196
-0.0031149
-0.00336796
-0.00369675
-0.00718415
-0.0049957
-0.00541677
0.0236283
-0.0158575
-0.00505897
-0.00570432
-0.00649834
-0.00690941
-0.00707158
-0.0070181
-0.00670012
-0.00619533
-0.00548861
-0.00484258
-0.00399285
-0.00355808
-0.00281055
-0.00303228
-0.0024477
-0.00200046
0.00676164
0.0287782
0.0848917
-5.49793e-06
-3.1403e-06
3.1407e-05
8.81731e-05
0.000168563
0.000271764
0.00039646
0.000540806
0.000702324
0.00087783
0.00106341
0.0012544
0.00144533
0.00163015
0.00180235
0.00195525
0.00208235
0.00217766
0.00223932
0.00225253
-9.39096e-06
-7.51719e-06
2.67973e-05
8.29538e-05
0.000162649
0.000265181
0.000389345
0.000533402
0.000694973
0.000870967
0.00105745
0.00124984
0.00144271
0.00162989
0.00180473
0.00196035
0.00209002
0.00218746
0.00225085
0.00226429
-4.70352e-05
-4.59281e-05
-1.14303e-05
4.52255e-05
0.000125948
0.000230168
0.000356817
0.000504291
0.000670322
0.000851893
0.00104524
0.00124566
0.00144748
0.00164431
0.00182911
0.00199446
0.00213295
0.00223747
0.0023058
0.00232031
-0.000110449
-0.000110162
-7.5259e-05
-1.76334e-05
6.49286e-05
0.000172076
0.00030296
0.000456186
0.000629673
0.000820546
0.00102503
0.00123842
0.00145496
0.00166777
0.00186912
0.00205072
0.00220402
0.00232054
0.00239726
0.00241416
-0.000202184
-0.000202976
-0.000167498
-0.000108474
-2.32799e-05
8.80394e-05
0.000224939
0.000386321
0.000570369
0.000774409
0.000994777
0.00122672
0.0014643
0.00170014
0.00192564
0.00213117
0.00230655
0.0024412
0.00253071
0.00255152
-0.000323739
-0.000326003
-0.000289933
-0.000229311
-0.000140957
-2.45057e-05
0.000119914
0.00029161
0.000489131
0.000710103
0.000951058
0.00120732
0.0014728
0.00173957
0.00199795
0.00223663
0.00244312
0.0026038
0.00271195
0.00273887
-0.000476926
-0.000481221
-0.000444774
-0.000382676
-0.000291009
-0.000168862
-1.58087e-05
0.000167997
0.000381601
0.000623067
0.000889278
0.00117575
0.00147642
0.00178289
0.00208439
0.00236754
0.00261676
0.00281409
0.00294903
0.00298543
-0.000663922
-0.000671032
-0.000634736
-0.000571717
-0.000477077
-0.000349186
-0.000186899
1.03218e-05
0.000242172
0.000507325
0.000803213
0.00112575
0.00146928
0.00182515
0.0021817
0.00252334
0.00283052
0.00307929
0.00325284
0.00330448
-0.000887216
-0.000898231
-0.000863039
-0.000800219
-0.000703575
-0.000570546
-0.000399075
-0.000187767
6.38808e-05
0.000355327
0.000684787
0.00104892
0.001443
0.00185867
0.00228391
0.00270128
0.00308659
0.00340796
0.00363764
0.00371483
-0.00114959
-0.00116602
-0.00113344
-0.00107266
-0.000975778
-0.000839013
-0.000659178
-0.000433868
-0.000161661
0.000157833
0.000523865
0.000934235
0.00138595
0.00187185
0.00238076
0.00289447
0.00338442
0.0038092
0.0041217
0.00424375
-0.0014541
-0.00147802
-0.0014503
-0.00139434
-0.00129995
-0.00116176
-0.000975222
-0.000736825
-0.000444217
-9.60275e-05
0.000308201
0.000767631
0.00128251
0.00184776
0.00245537
0.00308881
0.00371682
0.00429061
0.00472711
0.0049324
-0.00180433
-0.00183856
-0.00181881
-0.0017716
-0.00168357
-0.00154723
-0.00135643
-0.00110662
-0.000794658
-0.000418356
2.41816e-05
0.000535206
0.00111309
0.00176256
0.00248101
0.00325804
0.00406381
0.00485308
0.00547787
0.00584354
-0.00220358
-0.00225208
-0.00224487
-0.00221205
-0.00213564
-0.00200532
-0.00181327
-0.0015541
-0.00122446
-0.000822069
-0.000344639
0.000210915
0.000849023
0.00158239
0.00241707
0.00335673
0.0043821
0.00547715
0.00637978
0.00708835
-0.00266474
-0.00272872
-0.00273774
-0.00272599
-0.00266749
-0.00254782
-0.00235738
-0.00209046
-0.00174442
-0.00131799
-0.000808659
-0.000208603
0.000495862
0.00129612
0.00222809
0.0033216
0.00458752
0.0060935
0.00739542
0.00881867
-0.00315584
-0.00327211
-0.00330281
-0.00332853
-0.00329556
-0.00318958
-0.00300146
-0.00272629
-0.00236344
-0.00191521
-0.0013865
-0.000781014
-9.73087e-05
0.00070758
0.00168851
0.00290761
0.00439491
0.00653019
0.00835418
0.0112424
-0.00383952
-0.00385724
-0.00393828
-0.00398402
-0.00399357
-0.00392121
-0.00374792
-0.00346662
-0.00308236
-0.00260346
-0.00203671
-0.00138174
-0.000629483
0.000250301
0.00129845
0.00258488
0.00419378
0.00682779
0.00913859
0.0142286
-0.00437439
-0.00495576
-0.00488599
-0.00510293
-0.00508767
-0.00496405
-0.00472368
-0.00437795
-0.00394072
-0.00342523
-0.0028544
-0.00224249
-0.00160705
-0.000950918
-0.000339565
0.000482739
0.00144221
0.00503396
0.00701129
0.0169885
-0.00607202
-0.0048955
-0.00527817
-0.00532395
-0.0055051
-0.00553014
-0.00541237
-0.00513129
-0.00470659
-0.00415944
-0.00354273
-0.0028723
-0.00220028
-0.00150488
-0.00089796
0.00013695
0.000233421
0.00364169
0.00522278
0.0202282
-0.00558212
-0.00813181
-0.00753137
-0.00823337
-0.00802004
-0.00772519
-0.00724024
-0.00664616
-0.0059935
-0.00524314
-0.00454921
-0.00387398
-0.00332292
-0.00294569
-0.00309854
-0.00315572
-0.00567597
-0.00249424
-0.00288652
0.0241222
-0.0170794
-0.00583304
-0.00631958
-0.00672398
-0.00692049
-0.00697448
-0.00685594
-0.00651334
-0.00600241
-0.0053289
-0.00467846
-0.00389689
-0.00340543
-0.00269479
-0.00269426
-0.0018143
-0.00103168
0.00750223
0.0246896
0.074596
)
;

boundaryField
{
    movingWall
    {
        type            zeroGradient;
    }
    fixedWalls
    {
        type            zeroGradient;
    }
}


// ************************************************************************* //
